t	E	absM	Cv	chi
1.00000E-01	-7.99986E+00	3.99995E+00	1.08798E-01	3.43995E-03
1.50000E-01	-7.99986E+00	3.99995E+00	4.83547E-02	2.29330E-03
2.00000E-01	-7.99986E+00	3.99995E+00	2.71995E-02	1.71997E-03
2.50000E-01	-7.99986E+00	3.99995E+00	1.74077E-02	1.37598E-03
3.00000E-01	-7.99986E+00	3.99995E+00	1.20887E-02	1.14665E-03
3.50000E-01	-7.99986E+00	3.99995E+00	8.88148E-03	9.82842E-04
4.00000E-01	-7.99986E+00	3.99995E+00	6.79988E-03	8.59987E-04
4.50000E-01	-7.99986E+00	3.99995E+00	5.37275E-03	7.64433E-04
5.00000E-01	-7.99986E+00	3.99995E+00	4.35193E-03	6.87990E-04
5.50000E-01	-7.99978E+00	3.99992E+00	5.71224E-03	1.38257E+01
6.00000E-01	-7.99978E+00	3.99992E+00	4.79987E-03	1.26735E+01
6.50000E-01	-7.99966E+00	3.99988E+00	6.51333E-03	1.16988E+01
7.00000E-01	-7.99887E+00	3.99961E+00	1.84137E-02	2.13860E+01
7.50000E-01	-7.99806E+00	3.99935E+00	2.76413E-02	2.01105E+01
8.00000E-01	-7.99763E+00	3.99921E+00	2.95912E-02	1.97507E+01
8.50000E-01	-7.99615E+00	3.99873E+00	4.25871E-02	1.61972E+01
9.00000E-01	-7.99222E+00	3.99741E+00	7.67254E-02	1.74530E+01
9.50000E-01	-7.98714E+00	3.99572E+00	1.13776E-01	1.61704E+01
1.00000E+00	-7.98262E+00	3.99419E+00	1.38770E-01	1.58664E+01
1.05000E+00	-7.97586E+00	3.99192E+00	1.74666E-01	1.51974E+01
1.10000E+00	-7.96769E+00	3.98920E+00	2.12770E-01	1.44697E+01
1.15000E+00	-7.95349E+00	3.98445E+00	2.79722E-01	1.38440E+01
1.20000E+00	-7.94051E+00	3.98017E+00	3.28031E-01	1.32490E+01
1.25000E+00	-7.92124E+00	3.97375E+00	3.99363E-01	1.26769E+01
1.30000E+00	-7.90062E+00	3.96689E+00	4.64840E-01	1.21803E+01
1.35000E+00	-7.87503E+00	3.95832E+00	5.40268E-01	1.16460E+01
1.40000E+00	-7.84514E+00	3.94833E+00	6.20254E-01	1.12440E+01
1.45000E+00	-7.81060E+00	3.93684E+00	7.04335E-01	1.08038E+01
1.50000E+00	-7.77571E+00	3.92520E+00	7.76078E-01	1.04171E+01
1.55000E+00	-7.73667E+00	3.91216E+00	8.49316E-01	1.00313E+01
1.60000E+00	-7.69063E+00	3.89688E+00	9.31089E-01	9.67521E+00
1.65000E+00	-7.64631E+00	3.88215E+00	9.95471E-01	9.33232E+00
1.70000E+00	-7.58935E+00	3.86309E+00	1.08087E+00	9.00422E+00
1.75000E+00	-7.52860E+00	3.84289E+00	1.16219E+00	8.69066E+00
1.80000E+00	-7.46801E+00	3.82271E+00	1.23067E+00	8.39661E+00
1.85000E+00	-7.40405E+00	3.80155E+00	1.29520E+00	8.11223E+00
1.90000E+00	-7.33438E+00	3.77832E+00	1.35978E+00	7.83804E+00
1.95000E+00	-7.26577E+00	3.75567E+00	1.41195E+00	7.57893E+00
2.00000E+00	-7.20066E+00	3.73410E+00	1.44932E+00	7.33537E+00
2.05000E+00	-7.12570E+00	3.70919E+00	1.49423E+00	7.09617E+00
2.10000E+00	-7.05157E+00	3.68459E+00	1.53015E+00	6.86880E+00
2.15000E+00	-6.97451E+00	3.65903E+00	1.56209E+00	6.64959E+00
2.20000E+00	-6.89982E+00	3.63430E+00	1.58458E+00	6.44097E+00
2.25000E+00	-6.81986E+00	3.60774E+00	1.60791E+00	6.23992E+00
2.30000E+00	-6.73657E+00	3.58026E+00	1.62915E+00	6.04378E+00
2.35000E+00	-6.65622E+00	3.55362E+00	1.64175E+00	5.85989E+00
2.40000E+00	-6.57007E+00	3.52490E+00	1.65576E+00	5.67858E+00
2.45000E+00	-6.48130E+00	3.49539E+00	1.66601E+00	5.50254E+00
2.50000E+00	-6.40046E+00	3.46875E+00	1.66661E+00	5.33922E+00
2.55000E+00	-6.31502E+00	3.44050E+00	1.66701E+00	5.17931E+00
2.60000E+00	-6.23550E+00	3.41419E+00	1.66013E+00	5.02985E+00
2.65000E+00	-6.15250E+00	3.38677E+00	1.65354E+00	4.88342E+00
2.70000E+00	-6.07406E+00	3.36102E+00	1.64172E+00	4.74441E+00
2.75000E+00	-5.99618E+00	3.33548E+00	1.62811E+00	4.61298E+00
2.80000E+00	-5.91593E+00	3.30889E+00	1.61386E+00	4.48340E+00
2.85000E+00	-5.82607E+00	3.27926E+00	1.60252E+00	4.35278E+00
2.90000E+00	-5.74799E+00	3.25358E+00	1.58480E+00	4.23398E+00
2.95000E+00	-5.67209E+00	3.22849E+00	1.56455E+00	4.12017E+00
3.00000E+00	-5.59843E+00	3.20432E+00	1.54347E+00	4.01160E+00
