t	earth_x	earth_y	sun_x	sun_y	U	K	Lx	Ly	Lz
0.000E+00	1.000E+00	0.000E+00	0.000E+00	0.000E+00	-1.184E-04	5.922E-05	0.000E+00	0.000E+00	1.885E-05
1.000E-02	9.982E-01	6.280E-02	0.000E+00	0.000E+00	-1.184E-04	5.924E-05	0.000E+00	0.000E+00	1.886E-05
2.000E-02	9.925E-01	1.254E-01	0.000E+00	0.000E+00	-1.184E-04	5.926E-05	0.000E+00	0.000E+00	1.886E-05
3.000E-02	9.829E-01	1.875E-01	0.000E+00	0.000E+00	-1.184E-04	5.928E-05	0.000E+00	0.000E+00	1.887E-05
4.000E-02	9.694E-01	2.489E-01	0.000E+00	0.000E+00	-1.183E-04	5.931E-05	0.000E+00	0.000E+00	1.888E-05
5.000E-02	9.520E-01	3.093E-01	0.000E+00	0.000E+00	-1.183E-04	5.933E-05	0.000E+00	0.000E+00	1.889E-05
6.000E-02	9.310E-01	3.686E-01	0.000E+00	0.000E+00	-1.183E-04	5.935E-05	0.000E+00	0.000E+00	1.889E-05
7.000E-02	9.062E-01	4.264E-01	0.000E+00	0.000E+00	-1.183E-04	5.936E-05	0.000E+00	0.000E+00	1.890E-05
8.000E-02	8.779E-01	4.826E-01	0.000E+00	0.000E+00	-1.182E-04	5.938E-05	0.000E+00	0.000E+00	1.891E-05
9.000E-02	8.461E-01	5.369E-01	0.000E+00	0.000E+00	-1.182E-04	5.939E-05	0.000E+00	0.000E+00	1.892E-05
1.000E-01	8.110E-01	5.891E-01	0.000E+00	0.000E+00	-1.182E-04	5.941E-05	0.000E+00	0.000E+00	1.892E-05
1.100E-01	7.727E-01	6.390E-01	0.000E+00	0.000E+00	-1.181E-04	5.941E-05	0.000E+00	0.000E+00	1.893E-05
1.200E-01	7.313E-01	6.864E-01	0.000E+00	0.000E+00	-1.181E-04	5.942E-05	0.000E+00	0.000E+00	1.894E-05
1.300E-01	6.871E-01	7.312E-01	0.000E+00	0.000E+00	-1.180E-04	5.942E-05	0.000E+00	0.000E+00	1.895E-05
1.400E-01	6.402E-01	7.731E-01	0.000E+00	0.000E+00	-1.180E-04	5.942E-05	0.000E+00	0.000E+00	1.895E-05
1.500E-01	5.907E-01	8.121E-01	0.000E+00	0.000E+00	-1.179E-04	5.942E-05	0.000E+00	0.000E+00	1.896E-05
1.600E-01	5.390E-01	8.478E-01	0.000E+00	0.000E+00	-1.179E-04	5.942E-05	0.000E+00	0.000E+00	1.897E-05
1.700E-01	4.851E-01	8.803E-01	0.000E+00	0.000E+00	-1.178E-04	5.941E-05	0.000E+00	0.000E+00	1.897E-05
1.800E-01	4.293E-01	9.094E-01	0.000E+00	0.000E+00	-1.178E-04	5.939E-05	0.000E+00	0.000E+00	1.898E-05
1.900E-01	3.718E-01	9.350E-01	0.000E+00	0.000E+00	-1.177E-04	5.937E-05	0.000E+00	0.000E+00	1.899E-05
2.000E-01	3.129E-01	9.569E-01	0.000E+00	0.000E+00	-1.176E-04	5.935E-05	0.000E+00	0.000E+00	1.900E-05
2.100E-01	2.527E-01	9.752E-01	0.000E+00	0.000E+00	-1.176E-04	5.933E-05	0.000E+00	0.000E+00	1.900E-05
2.200E-01	1.915E-01	9.897E-01	0.000E+00	0.000E+00	-1.175E-04	5.930E-05	0.000E+00	0.000E+00	1.901E-05
2.300E-01	1.296E-01	1.000E+00	0.000E+00	0.000E+00	-1.174E-04	5.926E-05	0.000E+00	0.000E+00	1.902E-05
2.400E-01	6.711E-02	1.007E+00	0.000E+00	0.000E+00	-1.173E-04	5.922E-05	0.000E+00	0.000E+00	1.903E-05
2.500E-01	4.371E-03	1.010E+00	0.000E+00	0.000E+00	-1.172E-04	5.918E-05	0.000E+00	0.000E+00	1.903E-05
2.600E-01	-5.841E-02	1.009E+00	0.000E+00	0.000E+00	-1.172E-04	5.914E-05	0.000E+00	0.000E+00	1.904E-05
2.700E-01	-1.210E-01	1.005E+00	0.000E+00	0.000E+00	-1.171E-04	5.908E-05	0.000E+00	0.000E+00	1.905E-05
2.800E-01	-1.831E-01	9.960E-01	0.000E+00	0.000E+00	-1.170E-04	5.903E-05	0.000E+00	0.000E+00	1.906E-05
2.900E-01	-2.446E-01	9.836E-01	0.000E+00	0.000E+00	-1.169E-04	5.897E-05	0.000E+00	0.000E+00	1.906E-05
3.000E-01	-3.052E-01	9.675E-01	0.000E+00	0.000E+00	-1.168E-04	5.891E-05	0.000E+00	0.000E+00	1.907E-05
3.100E-01	-3.646E-01	9.478E-01	0.000E+00	0.000E+00	-1.166E-04	5.884E-05	0.000E+00	0.000E+00	1.908E-05
3.200E-01	-4.227E-01	9.244E-01	0.000E+00	0.000E+00	-1.165E-04	5.877E-05	0.000E+00	0.000E+00	1.908E-05
3.300E-01	-4.792E-01	8.976E-01	0.000E+00	0.000E+00	-1.164E-04	5.870E-05	0.000E+00	0.000E+00	1.909E-05
3.400E-01	-5.340E-01	8.674E-01	0.000E+00	0.000E+00	-1.163E-04	5.862E-05	0.000E+00	0.000E+00	1.910E-05
3.500E-01	-5.867E-01	8.339E-01	0.000E+00	0.000E+00	-1.162E-04	5.854E-05	0.000E+00	0.000E+00	1.911E-05
3.600E-01	-6.374E-01	7.974E-01	0.000E+00	0.000E+00	-1.160E-04	5.846E-05	0.000E+00	0.000E+00	1.911E-05
3.700E-01	-6.856E-01	7.578E-01	0.000E+00	0.000E+00	-1.159E-04	5.837E-05	0.000E+00	0.000E+00	1.912E-05
3.800E-01	-7.313E-01	7.154E-01	0.000E+00	0.000E+00	-1.158E-04	5.828E-05	0.000E+00	0.000E+00	1.913E-05
3.900E-01	-7.744E-01	6.704E-01	0.000E+00	0.000E+00	-1.156E-04	5.819E-05	0.000E+00	0.000E+00	1.913E-05
4.000E-01	-8.146E-01	6.229E-01	0.000E+00	0.000E+00	-1.155E-04	5.809E-05	0.000E+00	0.000E+00	1.914E-05
4.100E-01	-8.519E-01	5.731E-01	0.000E+00	0.000E+00	-1.154E-04	5.800E-05	0.000E+00	0.000E+00	1.915E-05
4.200E-01	-8.861E-01	5.212E-01	0.000E+00	0.000E+00	-1.152E-04	5.790E-05	0.000E+00	0.000E+00	1.916E-05
4.300E-01	-9.170E-01	4.674E-01	0.000E+00	0.000E+00	-1.151E-04	5.780E-05	0.000E+00	0.000E+00	1.916E-05
4.400E-01	-9.447E-01	4.119E-01	0.000E+00	0.000E+00	-1.149E-04	5.770E-05	0.000E+00	0.000E+00	1.917E-05
4.500E-01	-9.689E-01	3.548E-01	0.000E+00	0.000E+00	-1.148E-04	5.759E-05	0.000E+00	0.000E+00	1.918E-05
4.600E-01	-9.897E-01	2.965E-01	0.000E+00	0.000E+00	-1.146E-04	5.749E-05	0.000E+00	0.000E+00	1.918E-05
4.700E-01	-1.007E+00	2.371E-01	0.000E+00	0.000E+00	-1.145E-04	5.738E-05	0.000E+00	0.000E+00	1.919E-05
4.800E-01	-1.021E+00	1.768E-01	0.000E+00	0.000E+00	-1.144E-04	5.728E-05	0.000E+00	0.000E+00	1.920E-05
4.900E-01	-1.031E+00	1.159E-01	0.000E+00	0.000E+00	-1.142E-04	5.717E-05	0.000E+00	0.000E+00	1.920E-05
5.000E-01	-1.037E+00	5.449E-02	0.000E+00	0.000E+00	-1.141E-04	5.707E-05	0.000E+00	0.000E+00	1.921E-05
5.100E-01	-1.040E+00	-7.093E-03	0.000E+00	0.000E+00	-1.139E-04	5.696E-05	0.000E+00	0.000E+00	1.922E-05
5.200E-01	-1.039E+00	-6.867E-02	0.000E+00	0.000E+00	-1.138E-04	5.686E-05	0.000E+00	0.000E+00	1.922E-05
5.300E-01	-1.034E+00	-1.300E-01	0.000E+00	0.000E+00	-1.136E-04	5.675E-05	0.000E+00	0.000E+00	1.923E-05
5.400E-01	-1.026E+00	-1.910E-01	0.000E+00	0.000E+00	-1.135E-04	5.665E-05	0.000E+00	0.000E+00	1.924E-05
5.500E-01	-1.014E+00	-2.512E-01	0.000E+00	0.000E+00	-1.133E-04	5.655E-05	0.000E+00	0.000E+00	1.924E-05
5.600E-01	-9.992E-01	-3.107E-01	0.000E+00	0.000E+00	-1.132E-04	5.644E-05	0.000E+00	0.000E+00	1.925E-05
5.700E-01	-9.805E-01	-3.691E-01	0.000E+00	0.000E+00	-1.131E-04	5.634E-05	0.000E+00	0.000E+00	1.926E-05
5.800E-01	-9.584E-01	-4.262E-01	0.000E+00	0.000E+00	-1.129E-04	5.625E-05	0.000E+00	0.000E+00	1.926E-05
5.900E-01	-9.331E-01	-4.819E-01	0.000E+00	0.000E+00	-1.128E-04	5.615E-05	0.000E+00	0.000E+00	1.927E-05
6.000E-01	-9.045E-01	-5.360E-01	0.000E+00	0.000E+00	-1.127E-04	5.605E-05	0.000E+00	0.000E+00	1.928E-05
6.100E-01	-8.729E-01	-5.882E-01	0.000E+00	0.000E+00	-1.125E-04	5.596E-05	0.000E+00	0.000E+00	1.928E-05
6.200E-01	-8.383E-01	-6.385E-01	0.000E+00	0.000E+00	-1.124E-04	5.587E-05	0.000E+00	0.000E+00	1.929E-05
6.300E-01	-8.009E-01	-6.867E-01	0.000E+00	0.000E+00	-1.123E-04	5.578E-05	0.000E+00	0.000E+00	1.930E-05
6.400E-01	-7.607E-01	-7.326E-01	0.000E+00	0.000E+00	-1.122E-04	5.570E-05	0.000E+00	0.000E+00	1.930E-05
6.500E-01	-7.180E-01	-7.760E-01	0.000E+00	0.000E+00	-1.120E-04	5.562E-05	0.000E+00	0.000E+00	1.931E-05
6.600E-01	-6.729E-01	-8.169E-01	0.000E+00	0.000E+00	-1.119E-04	5.554E-05	0.000E+00	0.000E+00	1.932E-05
6.700E-01	-6.256E-01	-8.550E-01	0.000E+00	0.000E+00	-1.118E-04	5.546E-05	0.000E+00	0.000E+00	1.932E-05
6.800E-01	-5.761E-01	-8.903E-01	0.000E+00	0.000E+00	-1.117E-04	5.539E-05	0.000E+00	0.000E+00	1.933E-05
6.900E-01	-5.247E-01	-9.227E-01	0.000E+00	0.000E+00	-1.116E-04	5.532E-05	0.000E+00	0.000E+00	1.933E-05
7.000E-01	-4.716E-01	-9.520E-01	0.000E+00	0.000E+00	-1.115E-04	5.525E-05	0.000E+00	0.000E+00	1.934E-05
7.100E-01	-4.169E-01	-9.783E-01	0.000E+00	0.000E+00	-1.114E-04	5.519E-05	0.000E+00	0.000E+00	1.935E-05
7.200E-01	-3.608E-01	-1.001E+00	0.000E+00	0.000E+00	-1.113E-04	5.513E-05	0.000E+00	0.000E+00	1.935E-05
7.300E-01	-3.035E-01	-1.021E+00	0.000E+00	0.000E+00	-1.112E-04	5.507E-05	0.000E+00	0.000E+00	1.936E-05
7.400E-01	-2.452E-01	-1.037E+00	0.000E+00	0.000E+00	-1.111E-04	5.502E-05	0.000E+00	0.000E+00	1.937E-05
7.500E-01	-1.861E-01	-1.050E+00	0.000E+00	0.000E+00	-1.110E-04	5.497E-05	0.000E+00	0.000E+00	1.937E-05
7.600E-01	-1.263E-01	-1.060E+00	0.000E+00	0.000E+00	-1.109E-04	5.493E-05	0.000E+00	0.000E+00	1.938E-05
7.700E-01	-6.615E-02	-1.066E+00	0.000E+00	0.000E+00	-1.109E-04	5.489E-05	0.000E+00	0.000E+00	1.939E-05
7.800E-01	-5.739E-03	-1.069E+00	0.000E+00	0.000E+00	-1.108E-04	5.485E-05	0.000E+00	0.000E+00	1.939E-05
7.900E-01	5.471E-02	-1.068E+00	0.000E+00	0.000E+00	-1.107E-04	5.481E-05	0.000E+00	0.000E+00	1.940E-05
8.000E-01	1.150E-01	-1.064E+00	0.000E+00	0.000E+00	-1.107E-04	5.478E-05	0.000E+00	0.000E+00	1.940E-05
8.100E-01	1.749E-01	-1.057E+00	0.000E+00	0.000E+00	-1.106E-04	5.476E-05	0.000E+00	0.000E+00	1.941E-05
8.200E-01	2.343E-01	-1.046E+00	0.000E+00	0.000E+00	-1.105E-04	5.473E-05	0.000E+00	0.000E+00	1.942E-05
8.300E-01	2.930E-01	-1.031E+00	0.000E+00	0.000E+00	-1.105E-04	5.471E-05	0.000E+00	0.000E+00	1.942E-05
8.400E-01	3.507E-01	-1.014E+00	0.000E+00	0.000E+00	-1.104E-04	5.470E-05	0.000E+00	0.000E+00	1.943E-05
8.500E-01	4.074E-01	-9.927E-01	0.000E+00	0.000E+00	-1.104E-04	5.468E-05	0.000E+00	0.000E+00	1.944E-05
8.600E-01	4.627E-01	-9.686E-01	0.000E+00	0.000E+00	-1.103E-04	5.467E-05	0.000E+00	0.000E+00	1.944E-05
8.700E-01	5.166E-01	-9.415E-01	0.000E+00	0.000E+00	-1.103E-04	5.466E-05	0.000E+00	0.000E+00	1.945E-05
8.800E-01	5.689E-01	-9.113E-01	0.000E+00	0.000E+00	-1.103E-04	5.466E-05	0.000E+00	0.000E+00	1.945E-05
8.900E-01	6.194E-01	-8.782E-01	0.000E+00	0.000E+00	-1.102E-04	5.466E-05	0.000E+00	0.000E+00	1.946E-05
9.000E-01	6.679E-01	-8.423E-01	0.000E+00	0.000E+00	-1.102E-04	5.466E-05	0.000E+00	0.000E+00	1.947E-05
9.100E-01	7.143E-01	-8.037E-01	0.000E+00	0.000E+00	-1.102E-04	5.467E-05	0.000E+00	0.000E+00	1.947E-05
9.200E-01	7.585E-01	-7.625E-01	0.000E+00	0.000E+00	-1.101E-04	5.467E-05	0.000E+00	0.000E+00	1.948E-05
9.300E-01	8.002E-01	-7.189E-01	0.000E+00	0.000E+00	-1.101E-04	5.468E-05	0.000E+00	0.000E+00	1.948E-05
9.400E-01	8.395E-01	-6.730E-01	0.000E+00	0.000E+00	-1.101E-04	5.470E-05	0.000E+00	0.000E+00	1.949E-05
9.500E-01	8.761E-01	-6.250E-01	0.000E+00	0.000E+00	-1.101E-04	5.471E-05	0.000E+00	0.000E+00	1.950E-05
9.600E-01	9.099E-01	-5.750E-01	0.000E+00	0.000E+00	-1.100E-04	5.473E-05	0.000E+00	0.000E+00	1.950E-05
9.700E-01	9.408E-01	-5.231E-01	0.000E+00	0.000E+00	-1.100E-04	5.474E-05	0.000E+00	0.000E+00	1.951E-05
9.800E-01	9.688E-01	-4.696E-01	0.000E+00	0.000E+00	-1.100E-04	5.476E-05	0.000E+00	0.000E+00	1.952E-05
9.900E-01	9.938E-01	-4.146E-01	0.000E+00	0.000E+00	-1.100E-04	5.478E-05	0.000E+00	0.000E+00	1.952E-05
1.000E+00	1.016E+00	-3.582E-01	0.000E+00	0.000E+00	-1.100E-04	5.481E-05	0.000E+00	0.000E+00	1.953E-05
1.010E+00	1.034E+00	-3.007E-01	0.000E+00	0.000E+00	-1.100E-04	5.483E-05	0.000E+00	0.000E+00	1.953E-05
1.020E+00	1.050E+00	-2.422E-01	0.000E+00	0.000E+00	-1.100E-04	5.486E-05	0.000E+00	0.000E+00	1.954E-05
1.030E+00	1.062E+00	-1.829E-01	0.000E+00	0.000E+00	-1.100E-04	5.488E-05	0.000E+00	0.000E+00	1.955E-05
1.040E+00	1.070E+00	-1.231E-01	0.000E+00	0.000E+00	-1.099E-04	5.491E-05	0.000E+00	0.000E+00	1.955E-05
1.050E+00	1.076E+00	-6.280E-02	0.000E+00	0.000E+00	-1.099E-04	5.493E-05	0.000E+00	0.000E+00	1.956E-05
1.060E+00	1.077E+00	-2.314E-03	0.000E+00	0.000E+00	-1.099E-04	5.496E-05	0.000E+00	0.000E+00	1.957E-05
1.070E+00	1.076E+00	5.820E-02	0.000E+00	0.000E+00	-1.099E-04	5.499E-05	0.000E+00	0.000E+00	1.957E-05
1.080E+00	1.071E+00	1.185E-01	0.000E+00	0.000E+00	-1.099E-04	5.501E-05	0.000E+00	0.000E+00	1.958E-05
1.090E+00	1.063E+00	1.785E-01	0.000E+00	0.000E+00	-1.099E-04	5.504E-05	0.000E+00	0.000E+00	1.958E-05
1.100E+00	1.051E+00	2.380E-01	0.000E+00	0.000E+00	-1.099E-04	5.507E-05	0.000E+00	0.000E+00	1.959E-05
1.110E+00	1.036E+00	2.967E-01	0.000E+00	0.000E+00	-1.099E-04	5.509E-05	0.000E+00	0.000E+00	1.960E-05
1.120E+00	1.018E+00	3.545E-01	0.000E+00	0.000E+00	-1.099E-04	5.512E-05	0.000E+00	0.000E+00	1.960E-05
1.130E+00	9.966E-01	4.112E-01	0.000E+00	0.000E+00	-1.099E-04	5.514E-05	0.000E+00	0.000E+00	1.961E-05
1.140E+00	9.720E-01	4.666E-01	0.000E+00	0.000E+00	-1.098E-04	5.516E-05	0.000E+00	0.000E+00	1.961E-05
1.150E+00	9.443E-01	5.206E-01	0.000E+00	0.000E+00	-1.098E-04	5.518E-05	0.000E+00	0.000E+00	1.962E-05
1.160E+00	9.137E-01	5.730E-01	0.000E+00	0.000E+00	-1.098E-04	5.520E-05	0.000E+00	0.000E+00	1.963E-05
1.170E+00	8.802E-01	6.235E-01	0.000E+00	0.000E+00	-1.098E-04	5.522E-05	0.000E+00	0.000E+00	1.963E-05
1.180E+00	8.439E-01	6.721E-01	0.000E+00	0.000E+00	-1.098E-04	5.523E-05	0.000E+00	0.000E+00	1.964E-05
1.190E+00	8.050E-01	7.187E-01	0.000E+00	0.000E+00	-1.098E-04	5.524E-05	0.000E+00	0.000E+00	1.965E-05
1.200E+00	7.635E-01	7.629E-01	0.000E+00	0.000E+00	-1.097E-04	5.525E-05	0.000E+00	0.000E+00	1.965E-05
1.210E+00	7.196E-01	8.048E-01	0.000E+00	0.000E+00	-1.097E-04	5.526E-05	0.000E+00	0.000E+00	1.966E-05
1.220E+00	6.734E-01	8.442E-01	0.000E+00	0.000E+00	-1.097E-04	5.527E-05	0.000E+00	0.000E+00	1.966E-05
1.230E+00	6.251E-01	8.810E-01	0.000E+00	0.000E+00	-1.096E-04	5.527E-05	0.000E+00	0.000E+00	1.967E-05
1.240E+00	5.748E-01	9.150E-01	0.000E+00	0.000E+00	-1.096E-04	5.527E-05	0.000E+00	0.000E+00	1.968E-05
1.250E+00	5.227E-01	9.461E-01	0.000E+00	0.000E+00	-1.096E-04	5.527E-05	0.000E+00	0.000E+00	1.968E-05
1.260E+00	4.690E-01	9.743E-01	0.000E+00	0.000E+00	-1.095E-04	5.526E-05	0.000E+00	0.000E+00	1.969E-05
1.270E+00	4.138E-01	9.995E-01	0.000E+00	0.000E+00	-1.095E-04	5.525E-05	0.000E+00	0.000E+00	1.969E-05
1.280E+00	3.572E-01	1.022E+00	0.000E+00	0.000E+00	-1.094E-04	5.524E-05	0.000E+00	0.000E+00	1.970E-05
1.290E+00	2.996E-01	1.040E+00	0.000E+00	0.000E+00	-1.094E-04	5.522E-05	0.000E+00	0.000E+00	1.971E-05
1.300E+00	2.410E-01	1.056E+00	0.000E+00	0.000E+00	-1.093E-04	5.520E-05	0.000E+00	0.000E+00	1.971E-05
1.310E+00	1.816E-01	1.068E+00	0.000E+00	0.000E+00	-1.093E-04	5.518E-05	0.000E+00	0.000E+00	1.972E-05
1.320E+00	1.217E-01	1.078E+00	0.000E+00	0.000E+00	-1.092E-04	5.516E-05	0.000E+00	0.000E+00	1.973E-05
1.330E+00	6.130E-02	1.083E+00	0.000E+00	0.000E+00	-1.092E-04	5.513E-05	0.000E+00	0.000E+00	1.973E-05
1.340E+00	7.435E-04	1.086E+00	0.000E+00	0.000E+00	-1.091E-04	5.510E-05	0.000E+00	0.000E+00	1.974E-05
1.350E+00	-5.984E-02	1.085E+00	0.000E+00	0.000E+00	-1.090E-04	5.506E-05	0.000E+00	0.000E+00	1.974E-05
1.360E+00	-1.203E-01	1.080E+00	0.000E+00	0.000E+00	-1.090E-04	5.502E-05	0.000E+00	0.000E+00	1.975E-05
1.370E+00	-1.803E-01	1.073E+00	0.000E+00	0.000E+00	-1.089E-04	5.498E-05	0.000E+00	0.000E+00	1.976E-05
1.380E+00	-2.398E-01	1.062E+00	0.000E+00	0.000E+00	-1.088E-04	5.494E-05	0.000E+00	0.000E+00	1.976E-05
1.390E+00	-2.987E-01	1.048E+00	0.000E+00	0.000E+00	-1.087E-04	5.489E-05	0.000E+00	0.000E+00	1.977E-05
1.400E+00	-3.566E-01	1.030E+00	0.000E+00	0.000E+00	-1.086E-04	5.484E-05	0.000E+00	0.000E+00	1.977E-05
1.410E+00	-4.134E-01	1.010E+00	0.000E+00	0.000E+00	-1.085E-04	5.478E-05	0.000E+00	0.000E+00	1.978E-05
1.420E+00	-4.690E-01	9.862E-01	0.000E+00	0.000E+00	-1.085E-04	5.472E-05	0.000E+00	0.000E+00	1.979E-05
1.430E+00	-5.232E-01	9.597E-01	0.000E+00	0.000E+00	-1.084E-04	5.466E-05	0.000E+00	0.000E+00	1.979E-05
1.440E+00	-5.759E-01	9.302E-01	0.000E+00	0.000E+00	-1.083E-04	5.460E-05	0.000E+00	0.000E+00	1.980E-05
1.450E+00	-6.268E-01	8.979E-01	0.000E+00	0.000E+00	-1.082E-04	5.454E-05	0.000E+00	0.000E+00	1.980E-05
1.460E+00	-6.759E-01	8.628E-01	0.000E+00	0.000E+00	-1.081E-04	5.447E-05	0.000E+00	0.000E+00	1.981E-05
1.470E+00	-7.229E-01	8.252E-01	0.000E+00	0.000E+00	-1.080E-04	5.440E-05	0.000E+00	0.000E+00	1.982E-05
1.480E+00	-7.678E-01	7.851E-01	0.000E+00	0.000E+00	-1.079E-04	5.432E-05	0.000E+00	0.000E+00	1.982E-05
1.490E+00	-8.104E-01	7.427E-01	0.000E+00	0.000E+00	-1.078E-04	5.425E-05	0.000E+00	0.000E+00	1.983E-05
1.500E+00	-8.506E-01	6.980E-01	0.000E+00	0.000E+00	-1.076E-04	5.417E-05	0.000E+00	0.000E+00	1.983E-05
1.510E+00	-8.883E-01	6.513E-01	0.000E+00	0.000E+00	-1.075E-04	5.409E-05	0.000E+00	0.000E+00	1.984E-05
1.520E+00	-9.234E-01	6.026E-01	0.000E+00	0.000E+00	-1.074E-04	5.401E-05	0.000E+00	0.000E+00	1.985E-05
1.530E+00	-9.558E-01	5.521E-01	0.000E+00	0.000E+00	-1.073E-04	5.393E-05	0.000E+00	0.000E+00	1.985E-05
1.540E+00	-9.854E-01	5.000E-01	0.000E+00	0.000E+00	-1.072E-04	5.385E-05	0.000E+00	0.000E+00	1.986E-05
1.550E+00	-1.012E+00	4.464E-01	0.000E+00	0.000E+00	-1.071E-04	5.376E-05	0.000E+00	0.000E+00	1.986E-05
1.560E+00	-1.036E+00	3.915E-01	0.000E+00	0.000E+00	-1.070E-04	5.368E-05	0.000E+00	0.000E+00	1.987E-05
1.570E+00	-1.057E+00	3.354E-01	0.000E+00	0.000E+00	-1.068E-04	5.359E-05	0.000E+00	0.000E+00	1.987E-05
1.580E+00	-1.074E+00	2.784E-01	0.000E+00	0.000E+00	-1.067E-04	5.350E-05	0.000E+00	0.000E+00	1.988E-05
1.590E+00	-1.089E+00	2.205E-01	0.000E+00	0.000E+00	-1.066E-04	5.342E-05	0.000E+00	0.000E+00	1.989E-05
1.600E+00	-1.100E+00	1.620E-01	0.000E+00	0.000E+00	-1.065E-04	5.333E-05	0.000E+00	0.000E+00	1.989E-05
1.610E+00	-1.109E+00	1.029E-01	0.000E+00	0.000E+00	-1.064E-04	5.324E-05	0.000E+00	0.000E+00	1.990E-05
1.620E+00	-1.114E+00	4.362E-02	0.000E+00	0.000E+00	-1.063E-04	5.315E-05	0.000E+00	0.000E+00	1.990E-05
1.630E+00	-1.116E+00	-1.584E-02	0.000E+00	0.000E+00	-1.061E-04	5.306E-05	0.000E+00	0.000E+00	1.991E-05
1.640E+00	-1.115E+00	-7.527E-02	0.000E+00	0.000E+00	-1.060E-04	5.298E-05	0.000E+00	0.000E+00	1.991E-05
1.650E+00	-1.110E+00	-1.345E-01	0.000E+00	0.000E+00	-1.059E-04	5.289E-05	0.000E+00	0.000E+00	1.992E-05
1.660E+00	-1.103E+00	-1.934E-01	0.000E+00	0.000E+00	-1.058E-04	5.280E-05	0.000E+00	0.000E+00	1.993E-05
1.670E+00	-1.092E+00	-2.517E-01	0.000E+00	0.000E+00	-1.057E-04	5.272E-05	0.000E+00	0.000E+00	1.993E-05
1.680E+00	-1.079E+00	-3.094E-01	0.000E+00	0.000E+00	-1.056E-04	5.263E-05	0.000E+00	0.000E+00	1.994E-05
1.690E+00	-1.062E+00	-3.662E-01	0.000E+00	0.000E+00	-1.054E-04	5.255E-05	0.000E+00	0.000E+00	1.994E-05
1.700E+00	-1.042E+00	-4.220E-01	0.000E+00	0.000E+00	-1.053E-04	5.247E-05	0.000E+00	0.000E+00	1.995E-05
1.710E+00	-1.020E+00	-4.766E-01	0.000E+00	0.000E+00	-1.052E-04	5.238E-05	0.000E+00	0.000E+00	1.995E-05
1.720E+00	-9.945E-01	-5.300E-01	0.000E+00	0.000E+00	-1.051E-04	5.230E-05	0.000E+00	0.000E+00	1.996E-05
1.730E+00	-9.664E-01	-5.819E-01	0.000E+00	0.000E+00	-1.050E-04	5.223E-05	0.000E+00	0.000E+00	1.996E-05
1.740E+00	-9.357E-01	-6.322E-01	0.000E+00	0.000E+00	-1.049E-04	5.215E-05	0.000E+00	0.000E+00	1.997E-05
1.750E+00	-9.023E-01	-6.808E-01	0.000E+00	0.000E+00	-1.048E-04	5.207E-05	0.000E+00	0.000E+00	1.998E-05
1.760E+00	-8.665E-01	-7.275E-01	0.000E+00	0.000E+00	-1.047E-04	5.200E-05	0.000E+00	0.000E+00	1.998E-05
1.770E+00	-8.283E-01	-7.723E-01	0.000E+00	0.000E+00	-1.046E-04	5.193E-05	0.000E+00	0.000E+00	1.999E-05
1.780E+00	-7.878E-01	-8.150E-01	0.000E+00	0.000E+00	-1.045E-04	5.186E-05	0.000E+00	0.000E+00	1.999E-05
1.790E+00	-7.452E-01	-8.555E-01	0.000E+00	0.000E+00	-1.044E-04	5.180E-05	0.000E+00	0.000E+00	2.000E-05
1.800E+00	-7.006E-01	-8.937E-01	0.000E+00	0.000E+00	-1.043E-04	5.173E-05	0.000E+00	0.000E+00	2.000E-05
1.810E+00	-6.541E-01	-9.294E-01	0.000E+00	0.000E+00	-1.042E-04	5.167E-05	0.000E+00	0.000E+00	2.001E-05
1.820E+00	-6.058E-01	-9.627E-01	0.000E+00	0.000E+00	-1.041E-04	5.161E-05	0.000E+00	0.000E+00	2.001E-05
1.830E+00	-5.558E-01	-9.935E-01	0.000E+00	0.000E+00	-1.040E-04	5.156E-05	0.000E+00	0.000E+00	2.002E-05
1.840E+00	-5.044E-01	-1.022E+00	0.000E+00	0.000E+00	-1.040E-04	5.150E-05	0.000E+00	0.000E+00	2.002E-05
1.850E+00	-4.516E-01	-1.047E+00	0.000E+00	0.000E+00	-1.039E-04	5.145E-05	0.000E+00	0.000E+00	2.003E-05
1.860E+00	-3.976E-01	-1.069E+00	0.000E+00	0.000E+00	-1.038E-04	5.140E-05	0.000E+00	0.000E+00	2.003E-05
1.870E+00	-3.425E-01	-1.089E+00	0.000E+00	0.000E+00	-1.037E-04	5.136E-05	0.000E+00	0.000E+00	2.004E-05
1.880E+00	-2.865E-01	-1.106E+00	0.000E+00	0.000E+00	-1.037E-04	5.131E-05	0.000E+00	0.000E+00	2.005E-05
1.890E+00	-2.297E-01	-1.120E+00	0.000E+00	0.000E+00	-1.036E-04	5.127E-05	0.000E+00	0.000E+00	2.005E-05
1.900E+00	-1.723E-01	-1.131E+00	0.000E+00	0.000E+00	-1.035E-04	5.124E-05	0.000E+00	0.000E+00	2.006E-05
1.910E+00	-1.144E-01	-1.139E+00	0.000E+00	0.000E+00	-1.035E-04	5.120E-05	0.000E+00	0.000E+00	2.006E-05
1.920E+00	-5.618E-02	-1.144E+00	0.000E+00	0.000E+00	-1.034E-04	5.117E-05	0.000E+00	0.000E+00	2.007E-05
1.930E+00	2.175E-03	-1.146E+00	0.000E+00	0.000E+00	-1.034E-04	5.114E-05	0.000E+00	0.000E+00	2.007E-05
1.940E+00	6.054E-02	-1.145E+00	0.000E+00	0.000E+00	-1.033E-04	5.112E-05	0.000E+00	0.000E+00	2.008E-05
1.950E+00	1.188E-01	-1.141E+00	0.000E+00	0.000E+00	-1.033E-04	5.110E-05	0.000E+00	0.000E+00	2.008E-05
1.960E+00	1.767E-01	-1.134E+00	0.000E+00	0.000E+00	-1.032E-04	5.108E-05	0.000E+00	0.000E+00	2.009E-05
1.970E+00	2.342E-01	-1.124E+00	0.000E+00	0.000E+00	-1.032E-04	5.106E-05	0.000E+00	0.000E+00	2.009E-05
1.980E+00	2.911E-01	-1.111E+00	0.000E+00	0.000E+00	-1.031E-04	5.104E-05	0.000E+00	0.000E+00	2.010E-05
1.990E+00	3.472E-01	-1.095E+00	0.000E+00	0.000E+00	-1.031E-04	5.103E-05	0.000E+00	0.000E+00	2.010E-05
2.000E+00	4.025E-01	-1.077E+00	0.000E+00	0.000E+00	-1.031E-04	5.102E-05	0.000E+00	0.000E+00	2.011E-05
2.010E+00	4.567E-01	-1.055E+00	0.000E+00	0.000E+00	-1.030E-04	5.102E-05	0.000E+00	0.000E+00	2.011E-05
2.020E+00	5.097E-01	-1.031E+00	0.000E+00	0.000E+00	-1.030E-04	5.101E-05	0.000E+00	0.000E+00	2.012E-05
2.030E+00	5.615E-01	-1.004E+00	0.000E+00	0.000E+00	-1.030E-04	5.101E-05	0.000E+00	0.000E+00	2.012E-05
2.040E+00	6.118E-01	-9.745E-01	0.000E+00	0.000E+00	-1.029E-04	5.101E-05	0.000E+00	0.000E+00	2.013E-05
2.050E+00	6.605E-01	-9.424E-01	0.000E+00	0.000E+00	-1.029E-04	5.102E-05	0.000E+00	0.000E+00	2.013E-05
2.060E+00	7.075E-01	-9.079E-01	0.000E+00	0.000E+00	-1.029E-04	5.102E-05	0.000E+00	0.000E+00	2.014E-05
2.070E+00	7.527E-01	-8.711E-01	0.000E+00	0.000E+00	-1.029E-04	5.103E-05	0.000E+00	0.000E+00	2.014E-05
2.080E+00	7.960E-01	-8.320E-01	0.000E+00	0.000E+00	-1.029E-04	5.104E-05	0.000E+00	0.000E+00	2.015E-05
2.090E+00	8.372E-01	-7.907E-01	0.000E+00	0.000E+00	-1.028E-04	5.105E-05	0.000E+00	0.000E+00	2.016E-05
2.100E+00	8.763E-01	-7.474E-01	0.000E+00	0.000E+00	-1.028E-04	5.107E-05	0.000E+00	0.000E+00	2.016E-05
2.110E+00	9.131E-01	-7.021E-01	0.000E+00	0.000E+00	-1.028E-04	5.108E-05	0.000E+00	0.000E+00	2.017E-05
2.120E+00	9.476E-01	-6.550E-01	0.000E+00	0.000E+00	-1.028E-04	5.110E-05	0.000E+00	0.000E+00	2.017E-05
2.130E+00	9.796E-01	-6.062E-01	0.000E+00	0.000E+00	-1.028E-04	5.112E-05	0.000E+00	0.000E+00	2.018E-05
2.140E+00	1.009E+00	-5.559E-01	0.000E+00	0.000E+00	-1.028E-04	5.114E-05	0.000E+00	0.000E+00	2.018E-05
2.150E+00	1.036E+00	-5.041E-01	0.000E+00	0.000E+00	-1.028E-04	5.116E-05	0.000E+00	0.000E+00	2.019E-05
2.160E+00	1.060E+00	-4.509E-01	0.000E+00	0.000E+00	-1.028E-04	5.119E-05	0.000E+00	0.000E+00	2.019E-05
2.170E+00	1.082E+00	-3.966E-01	0.000E+00	0.000E+00	-1.028E-04	5.121E-05	0.000E+00	0.000E+00	2.020E-05
2.180E+00	1.101E+00	-3.413E-01	0.000E+00	0.000E+00	-1.028E-04	5.124E-05	0.000E+00	0.000E+00	2.020E-05
2.190E+00	1.116E+00	-2.850E-01	0.000E+00	0.000E+00	-1.028E-04	5.126E-05	0.000E+00	0.000E+00	2.021E-05
2.200E+00	1.129E+00	-2.280E-01	0.000E+00	0.000E+00	-1.028E-04	5.129E-05	0.000E+00	0.000E+00	2.021E-05
2.210E+00	1.140E+00	-1.704E-01	0.000E+00	0.000E+00	-1.028E-04	5.132E-05	0.000E+00	0.000E+00	2.022E-05
2.220E+00	1.147E+00	-1.124E-01	0.000E+00	0.000E+00	-1.028E-04	5.134E-05	0.000E+00	0.000E+00	2.022E-05
2.230E+00	1.151E+00	-5.402E-02	0.000E+00	0.000E+00	-1.028E-04	5.137E-05	0.000E+00	0.000E+00	2.023E-05
2.240E+00	1.152E+00	4.495E-03	0.000E+00	0.000E+00	-1.028E-04	5.140E-05	0.000E+00	0.000E+00	2.023E-05
2.250E+00	1.150E+00	6.301E-02	0.000E+00	0.000E+00	-1.028E-04	5.143E-05	0.000E+00	0.000E+00	2.024E-05
2.260E+00	1.146E+00	1.214E-01	0.000E+00	0.000E+00	-1.028E-04	5.146E-05	0.000E+00	0.000E+00	2.024E-05
2.270E+00	1.138E+00	1.794E-01	0.000E+00	0.000E+00	-1.028E-04	5.148E-05	0.000E+00	0.000E+00	2.025E-05
2.280E+00	1.127E+00	2.371E-01	0.000E+00	0.000E+00	-1.028E-04	5.151E-05	0.000E+00	0.000E+00	2.025E-05
2.290E+00	1.114E+00	2.941E-01	0.000E+00	0.000E+00	-1.028E-04	5.154E-05	0.000E+00	0.000E+00	2.026E-05
2.300E+00	1.098E+00	3.504E-01	0.000E+00	0.000E+00	-1.028E-04	5.156E-05	0.000E+00	0.000E+00	2.026E-05
2.310E+00	1.078E+00	4.058E-01	0.000E+00	0.000E+00	-1.028E-04	5.159E-05	0.000E+00	0.000E+00	2.027E-05
2.320E+00	1.056E+00	4.601E-01	0.000E+00	0.000E+00	-1.028E-04	5.161E-05	0.000E+00	0.000E+00	2.028E-05
2.330E+00	1.032E+00	5.133E-01	0.000E+00	0.000E+00	-1.028E-04	5.164E-05	0.000E+00	0.000E+00	2.028E-05
2.340E+00	1.004E+00	5.652E-01	0.000E+00	0.000E+00	-1.028E-04	5.166E-05	0.000E+00	0.000E+00	2.029E-05
2.350E+00	9.741E-01	6.156E-01	0.000E+00	0.000E+00	-1.028E-04	5.168E-05	0.000E+00	0.000E+00	2.029E-05
2.360E+00	9.416E-01	6.645E-01	0.000E+00	0.000E+00	-1.028E-04	5.170E-05	0.000E+00	0.000E+00	2.030E-05
2.370E+00	9.066E-01	7.116E-01	0.000E+00	0.000E+00	-1.028E-04	5.172E-05	0.000E+00	0.000E+00	2.030E-05
2.380E+00	8.693E-01	7.569E-01	0.000E+00	0.000E+00	-1.028E-04	5.173E-05	0.000E+00	0.000E+00	2.031E-05
2.390E+00	8.297E-01	8.003E-01	0.000E+00	0.000E+00	-1.027E-04	5.175E-05	0.000E+00	0.000E+00	2.031E-05
2.400E+00	7.880E-01	8.417E-01	0.000E+00	0.000E+00	-1.027E-04	5.176E-05	0.000E+00	0.000E+00	2.032E-05
2.410E+00	7.442E-01	8.808E-01	0.000E+00	0.000E+00	-1.027E-04	5.177E-05	0.000E+00	0.000E+00	2.032E-05
2.420E+00	6.985E-01	9.178E-01	0.000E+00	0.000E+00	-1.027E-04	5.178E-05	0.000E+00	0.000E+00	2.033E-05
2.430E+00	6.510E-01	9.523E-01	0.000E+00	0.000E+00	-1.027E-04	5.178E-05	0.000E+00	0.000E+00	2.033E-05
2.440E+00	6.018E-01	9.845E-01	0.000E+00	0.000E+00	-1.026E-04	5.178E-05	0.000E+00	0.000E+00	2.034E-05
2.450E+00	5.511E-01	1.014E+00	0.000E+00	0.000E+00	-1.026E-04	5.178E-05	0.000E+00	0.000E+00	2.034E-05
2.460E+00	4.989E-01	1.041E+00	0.000E+00	0.000E+00	-1.026E-04	5.178E-05	0.000E+00	0.000E+00	2.035E-05
2.470E+00	4.455E-01	1.065E+00	0.000E+00	0.000E+00	-1.026E-04	5.178E-05	0.000E+00	0.000E+00	2.035E-05
2.480E+00	3.908E-01	1.087E+00	0.000E+00	0.000E+00	-1.025E-04	5.177E-05	0.000E+00	0.000E+00	2.036E-05
2.490E+00	3.352E-01	1.106E+00	0.000E+00	0.000E+00	-1.025E-04	5.176E-05	0.000E+00	0.000E+00	2.036E-05
2.500E+00	2.787E-01	1.122E+00	0.000E+00	0.000E+00	-1.025E-04	5.175E-05	0.000E+00	0.000E+00	2.037E-05
2.510E+00	2.215E-01	1.135E+00	0.000E+00	0.000E+00	-1.024E-04	5.174E-05	0.000E+00	0.000E+00	2.037E-05
2.520E+00	1.636E-01	1.145E+00	0.000E+00	0.000E+00	-1.024E-04	5.172E-05	0.000E+00	0.000E+00	2.038E-05
2.530E+00	1.054E-01	1.153E+00	0.000E+00	0.000E+00	-1.023E-04	5.170E-05	0.000E+00	0.000E+00	2.038E-05
2.540E+00	4.687E-02	1.157E+00	0.000E+00	0.000E+00	-1.023E-04	5.168E-05	0.000E+00	0.000E+00	2.039E-05
2.550E+00	-1.180E-02	1.159E+00	0.000E+00	0.000E+00	-1.022E-04	5.165E-05	0.000E+00	0.000E+00	2.040E-05
2.560E+00	-7.045E-02	1.157E+00	0.000E+00	0.000E+00	-1.022E-04	5.162E-05	0.000E+00	0.000E+00	2.040E-05
2.570E+00	-1.289E-01	1.153E+00	0.000E+00	0.000E+00	-1.021E-04	5.159E-05	0.000E+00	0.000E+00	2.041E-05
2.580E+00	-1.871E-01	1.145E+00	0.000E+00	0.000E+00	-1.021E-04	5.156E-05	0.000E+00	0.000E+00	2.041E-05
2.590E+00	-2.448E-01	1.135E+00	0.000E+00	0.000E+00	-1.020E-04	5.153E-05	0.000E+00	0.000E+00	2.042E-05
2.600E+00	-3.019E-01	1.122E+00	0.000E+00	0.000E+00	-1.019E-04	5.149E-05	0.000E+00	0.000E+00	2.042E-05
2.610E+00	-3.583E-01	1.106E+00	0.000E+00	0.000E+00	-1.019E-04	5.145E-05	0.000E+00	0.000E+00	2.043E-05
2.620E+00	-4.138E-01	1.088E+00	0.000E+00	0.000E+00	-1.018E-04	5.140E-05	0.000E+00	0.000E+00	2.043E-05
2.630E+00	-4.682E-01	1.066E+00	0.000E+00	0.000E+00	-1.017E-04	5.136E-05	0.000E+00	0.000E+00	2.044E-05
2.640E+00	-5.215E-01	1.042E+00	0.000E+00	0.000E+00	-1.016E-04	5.131E-05	0.000E+00	0.000E+00	2.044E-05
2.650E+00	-5.736E-01	1.015E+00	0.000E+00	0.000E+00	-1.016E-04	5.126E-05	0.000E+00	0.000E+00	2.045E-05
2.660E+00	-6.242E-01	9.861E-01	0.000E+00	0.000E+00	-1.015E-04	5.120E-05	0.000E+00	0.000E+00	2.045E-05
2.670E+00	-6.732E-01	9.544E-01	0.000E+00	0.000E+00	-1.014E-04	5.115E-05	0.000E+00	0.000E+00	2.046E-05
2.680E+00	-7.206E-01	9.203E-01	0.000E+00	0.000E+00	-1.013E-04	5.109E-05	0.000E+00	0.000E+00	2.046E-05
2.690E+00	-7.663E-01	8.840E-01	0.000E+00	0.000E+00	-1.012E-04	5.103E-05	0.000E+00	0.000E+00	2.047E-05
2.700E+00	-8.100E-01	8.455E-01	0.000E+00	0.000E+00	-1.012E-04	5.097E-05	0.000E+00	0.000E+00	2.047E-05
2.710E+00	-8.518E-01	8.048E-01	0.000E+00	0.000E+00	-1.011E-04	5.091E-05	0.000E+00	0.000E+00	2.048E-05
2.720E+00	-8.915E-01	7.622E-01	0.000E+00	0.000E+00	-1.010E-04	5.085E-05	0.000E+00	0.000E+00	2.048E-05
2.730E+00	-9.290E-01	7.177E-01	0.000E+00	0.000E+00	-1.009E-04	5.078E-05	0.000E+00	0.000E+00	2.049E-05
2.740E+00	-9.643E-01	6.715E-01	0.000E+00	0.000E+00	-1.008E-04	5.071E-05	0.000E+00	0.000E+00	2.049E-05
2.750E+00	-9.972E-01	6.236E-01	0.000E+00	0.000E+00	-1.007E-04	5.064E-05	0.000E+00	0.000E+00	2.050E-05
2.760E+00	-1.028E+00	5.742E-01	0.000E+00	0.000E+00	-1.006E-04	5.057E-05	0.000E+00	0.000E+00	2.050E-05
2.770E+00	-1.056E+00	5.234E-01	0.000E+00	0.000E+00	-1.005E-04	5.050E-05	0.000E+00	0.000E+00	2.051E-05
2.780E+00	-1.081E+00	4.713E-01	0.000E+00	0.000E+00	-1.004E-04	5.043E-05	0.000E+00	0.000E+00	2.051E-05
2.790E+00	-1.104E+00	4.180E-01	0.000E+00	0.000E+00	-1.003E-04	5.036E-05	0.000E+00	0.000E+00	2.052E-05
2.800E+00	-1.124E+00	3.638E-01	0.000E+00	0.000E+00	-1.002E-04	5.028E-05	0.000E+00	0.000E+00	2.052E-05
2.810E+00	-1.142E+00	3.086E-01	0.000E+00	0.000E+00	-1.001E-04	5.021E-05	0.000E+00	0.000E+00	2.053E-05
2.820E+00	-1.157E+00	2.528E-01	0.000E+00	0.000E+00	-1.000E-04	5.014E-05	0.000E+00	0.000E+00	2.053E-05
2.830E+00	-1.169E+00	1.963E-01	0.000E+00	0.000E+00	-9.993E-05	5.006E-05	0.000E+00	0.000E+00	2.054E-05
2.840E+00	-1.178E+00	1.393E-01	0.000E+00	0.000E+00	-9.983E-05	4.999E-05	0.000E+00	0.000E+00	2.054E-05
2.850E+00	-1.185E+00	8.195E-02	0.000E+00	0.000E+00	-9.974E-05	4.991E-05	0.000E+00	0.000E+00	2.055E-05
2.860E+00	-1.189E+00	2.442E-02	0.000E+00	0.000E+00	-9.964E-05	4.983E-05	0.000E+00	0.000E+00	2.055E-05
2.870E+00	-1.190E+00	-3.318E-02	0.000E+00	0.000E+00	-9.954E-05	4.976E-05	0.000E+00	0.000E+00	2.056E-05
2.880E+00	-1.188E+00	-9.072E-02	0.000E+00	0.000E+00	-9.944E-05	4.968E-05	0.000E+00	0.000E+00	2.056E-05
2.890E+00	-1.183E+00	-1.481E-01	0.000E+00	0.000E+00	-9.934E-05	4.961E-05	0.000E+00	0.000E+00	2.057E-05
2.900E+00	-1.176E+00	-2.051E-01	0.000E+00	0.000E+00	-9.925E-05	4.954E-05	0.000E+00	0.000E+00	2.057E-05
2.910E+00	-1.166E+00	-2.616E-01	0.000E+00	0.000E+00	-9.915E-05	4.946E-05	0.000E+00	0.000E+00	2.058E-05
2.920E+00	-1.153E+00	-3.176E-01	0.000E+00	0.000E+00	-9.905E-05	4.939E-05	0.000E+00	0.000E+00	2.058E-05
2.930E+00	-1.137E+00	-3.728E-01	0.000E+00	0.000E+00	-9.896E-05	4.932E-05	0.000E+00	0.000E+00	2.058E-05
2.940E+00	-1.119E+00	-4.272E-01	0.000E+00	0.000E+00	-9.887E-05	4.925E-05	0.000E+00	0.000E+00	2.059E-05
2.950E+00	-1.099E+00	-4.806E-01	0.000E+00	0.000E+00	-9.877E-05	4.918E-05	0.000E+00	0.000E+00	2.059E-05
2.960E+00	-1.075E+00	-5.329E-01	0.000E+00	0.000E+00	-9.868E-05	4.911E-05	0.000E+00	0.000E+00	2.060E-05
2.970E+00	-1.050E+00	-5.841E-01	0.000E+00	0.000E+00	-9.859E-05	4.904E-05	0.000E+00	0.000E+00	2.060E-05
2.980E+00	-1.022E+00	-6.339E-01	0.000E+00	0.000E+00	-9.850E-05	4.898E-05	0.000E+00	0.000E+00	2.061E-05
2.990E+00	-9.915E-01	-6.822E-01	0.000E+00	0.000E+00	-9.842E-05	4.891E-05	0.000E+00	0.000E+00	2.061E-05
3.000E+00	-9.589E-01	-7.291E-01	0.000E+00	0.000E+00	-9.833E-05	4.885E-05	0.000E+00	0.000E+00	2.062E-05
3.010E+00	-9.241E-01	-7.743E-01	0.000E+00	0.000E+00	-9.825E-05	4.879E-05	0.000E+00	0.000E+00	2.062E-05
3.020E+00	-8.872E-01	-8.178E-01	0.000E+00	0.000E+00	-9.817E-05	4.873E-05	0.000E+00	0.000E+00	2.063E-05
3.030E+00	-8.483E-01	-8.594E-01	0.000E+00	0.000E+00	-9.809E-05	4.867E-05	0.000E+00	0.000E+00	2.063E-05
3.040E+00	-8.075E-01	-8.991E-01	0.000E+00	0.000E+00	-9.801E-05	4.861E-05	0.000E+00	0.000E+00	2.064E-05
3.050E+00	-7.649E-01	-9.369E-01	0.000E+00	0.000E+00	-9.793E-05	4.856E-05	0.000E+00	0.000E+00	2.064E-05
3.060E+00	-7.206E-01	-9.725E-01	0.000E+00	0.000E+00	-9.786E-05	4.851E-05	0.000E+00	0.000E+00	2.065E-05
3.070E+00	-6.747E-01	-1.006E+00	0.000E+00	0.000E+00	-9.778E-05	4.845E-05	0.000E+00	0.000E+00	2.065E-05
3.080E+00	-6.272E-01	-1.037E+00	0.000E+00	0.000E+00	-9.771E-05	4.841E-05	0.000E+00	0.000E+00	2.065E-05
3.090E+00	-5.784E-01	-1.066E+00	0.000E+00	0.000E+00	-9.765E-05	4.836E-05	0.000E+00	0.000E+00	2.066E-05
3.100E+00	-5.282E-01	-1.093E+00	0.000E+00	0.000E+00	-9.758E-05	4.832E-05	0.000E+00	0.000E+00	2.066E-05
3.110E+00	-4.769E-01	-1.117E+00	0.000E+00	0.000E+00	-9.752E-05	4.827E-05	0.000E+00	0.000E+00	2.067E-05
3.120E+00	-4.246E-01	-1.139E+00	0.000E+00	0.000E+00	-9.746E-05	4.823E-05	0.000E+00	0.000E+00	2.067E-05
3.130E+00	-3.712E-01	-1.158E+00	0.000E+00	0.000E+00	-9.740E-05	4.820E-05	0.000E+00	0.000E+00	2.068E-05
3.140E+00	-3.171E-01	-1.175E+00	0.000E+00	0.000E+00	-9.734E-05	4.816E-05	0.000E+00	0.000E+00	2.068E-05
3.150E+00	-2.622E-01	-1.189E+00	0.000E+00	0.000E+00	-9.729E-05	4.813E-05	0.000E+00	0.000E+00	2.069E-05
3.160E+00	-2.068E-01	-1.200E+00	0.000E+00	0.000E+00	-9.724E-05	4.810E-05	0.000E+00	0.000E+00	2.069E-05
3.170E+00	-1.509E-01	-1.209E+00	0.000E+00	0.000E+00	-9.719E-05	4.807E-05	0.000E+00	0.000E+00	2.070E-05
3.180E+00	-9.465E-02	-1.216E+00	0.000E+00	0.000E+00	-9.714E-05	4.804E-05	0.000E+00	0.000E+00	2.070E-05
3.190E+00	-3.818E-02	-1.219E+00	0.000E+00	0.000E+00	-9.709E-05	4.802E-05	0.000E+00	0.000E+00	2.070E-05
3.200E+00	1.838E-02	-1.220E+00	0.000E+00	0.000E+00	-9.705E-05	4.800E-05	0.000E+00	0.000E+00	2.071E-05
3.210E+00	7.491E-02	-1.219E+00	0.000E+00	0.000E+00	-9.701E-05	4.798E-05	0.000E+00	0.000E+00	2.071E-05
3.220E+00	1.313E-01	-1.214E+00	0.000E+00	0.000E+00	-9.697E-05	4.796E-05	0.000E+00	0.000E+00	2.072E-05
3.230E+00	1.874E-01	-1.207E+00	0.000E+00	0.000E+00	-9.694E-05	4.795E-05	0.000E+00	0.000E+00	2.072E-05
3.240E+00	2.431E-01	-1.198E+00	0.000E+00	0.000E+00	-9.691E-05	4.794E-05	0.000E+00	0.000E+00	2.073E-05
3.250E+00	2.983E-01	-1.186E+00	0.000E+00	0.000E+00	-9.687E-05	4.793E-05	0.000E+00	0.000E+00	2.073E-05
3.260E+00	3.529E-01	-1.171E+00	0.000E+00	0.000E+00	-9.685E-05	4.792E-05	0.000E+00	0.000E+00	2.074E-05
3.270E+00	4.067E-01	-1.154E+00	0.000E+00	0.000E+00	-9.682E-05	4.791E-05	0.000E+00	0.000E+00	2.074E-05
3.280E+00	4.597E-01	-1.134E+00	0.000E+00	0.000E+00	-9.680E-05	4.791E-05	0.000E+00	0.000E+00	2.074E-05
3.290E+00	5.116E-01	-1.112E+00	0.000E+00	0.000E+00	-9.677E-05	4.791E-05	0.000E+00	0.000E+00	2.075E-05
3.300E+00	5.625E-01	-1.087E+00	0.000E+00	0.000E+00	-9.675E-05	4.791E-05	0.000E+00	0.000E+00	2.075E-05
3.310E+00	6.122E-01	-1.060E+00	0.000E+00	0.000E+00	-9.674E-05	4.791E-05	0.000E+00	0.000E+00	2.076E-05
3.320E+00	6.606E-01	-1.031E+00	0.000E+00	0.000E+00	-9.672E-05	4.792E-05	0.000E+00	0.000E+00	2.076E-05
3.330E+00	7.075E-01	-9.996E-01	0.000E+00	0.000E+00	-9.671E-05	4.792E-05	0.000E+00	0.000E+00	2.077E-05
3.340E+00	7.530E-01	-9.661E-01	0.000E+00	0.000E+00	-9.669E-05	4.793E-05	0.000E+00	0.000E+00	2.077E-05
3.350E+00	7.969E-01	-9.304E-01	0.000E+00	0.000E+00	-9.668E-05	4.794E-05	0.000E+00	0.000E+00	2.078E-05
3.360E+00	8.390E-01	-8.927E-01	0.000E+00	0.000E+00	-9.668E-05	4.795E-05	0.000E+00	0.000E+00	2.078E-05
3.370E+00	8.794E-01	-8.531E-01	0.000E+00	0.000E+00	-9.667E-05	4.797E-05	0.000E+00	0.000E+00	2.078E-05
3.380E+00	9.178E-01	-8.117E-01	0.000E+00	0.000E+00	-9.666E-05	4.798E-05	0.000E+00	0.000E+00	2.079E-05
3.390E+00	9.544E-01	-7.685E-01	0.000E+00	0.000E+00	-9.666E-05	4.800E-05	0.000E+00	0.000E+00	2.079E-05
3.400E+00	9.888E-01	-7.236E-01	0.000E+00	0.000E+00	-9.666E-05	4.802E-05	0.000E+00	0.000E+00	2.080E-05
3.410E+00	1.021E+00	-6.772E-01	0.000E+00	0.000E+00	-9.666E-05	4.804E-05	0.000E+00	0.000E+00	2.080E-05
3.420E+00	1.051E+00	-6.293E-01	0.000E+00	0.000E+00	-9.666E-05	4.806E-05	0.000E+00	0.000E+00	2.081E-05
3.430E+00	1.079E+00	-5.801E-01	0.000E+00	0.000E+00	-9.666E-05	4.808E-05	0.000E+00	0.000E+00	2.081E-05
3.440E+00	1.105E+00	-5.296E-01	0.000E+00	0.000E+00	-9.666E-05	4.810E-05	0.000E+00	0.000E+00	2.082E-05
3.450E+00	1.128E+00	-4.780E-01	0.000E+00	0.000E+00	-9.666E-05	4.813E-05	0.000E+00	0.000E+00	2.082E-05
3.460E+00	1.149E+00	-4.253E-01	0.000E+00	0.000E+00	-9.667E-05	4.815E-05	0.000E+00	0.000E+00	2.083E-05
3.470E+00	1.167E+00	-3.717E-01	0.000E+00	0.000E+00	-9.667E-05	4.818E-05	0.000E+00	0.000E+00	2.083E-05
3.480E+00	1.183E+00	-3.173E-01	0.000E+00	0.000E+00	-9.668E-05	4.820E-05	0.000E+00	0.000E+00	2.083E-05
3.490E+00	1.197E+00	-2.622E-01	0.000E+00	0.000E+00	-9.668E-05	4.823E-05	0.000E+00	0.000E+00	2.084E-05
3.500E+00	1.207E+00	-2.065E-01	0.000E+00	0.000E+00	-9.669E-05	4.826E-05	0.000E+00	0.000E+00	2.084E-05
3.510E+00	1.216E+00	-1.504E-01	0.000E+00	0.000E+00	-9.670E-05	4.829E-05	0.000E+00	0.000E+00	2.085E-05
3.520E+00	1.221E+00	-9.391E-02	0.000E+00	0.000E+00	-9.670E-05	4.831E-05	0.000E+00	0.000E+00	2.085E-05
3.530E+00	1.224E+00	-3.723E-02	0.000E+00	0.000E+00	-9.671E-05	4.834E-05	0.000E+00	0.000E+00	2.086E-05
3.540E+00	1.224E+00	1.954E-02	0.000E+00	0.000E+00	-9.672E-05	4.837E-05	0.000E+00	0.000E+00	2.086E-05
3.550E+00	1.222E+00	7.629E-02	0.000E+00	0.000E+00	-9.673E-05	4.840E-05	0.000E+00	0.000E+00	2.087E-05
3.560E+00	1.217E+00	1.329E-01	0.000E+00	0.000E+00	-9.673E-05	4.843E-05	0.000E+00	0.000E+00	2.087E-05
3.570E+00	1.210E+00	1.892E-01	0.000E+00	0.000E+00	-9.674E-05	4.846E-05	0.000E+00	0.000E+00	2.087E-05
3.580E+00	1.199E+00	2.451E-01	0.000E+00	0.000E+00	-9.675E-05	4.848E-05	0.000E+00	0.000E+00	2.088E-05
3.590E+00	1.187E+00	3.005E-01	0.000E+00	0.000E+00	-9.676E-05	4.851E-05	0.000E+00	0.000E+00	2.088E-05
3.600E+00	1.171E+00	3.553E-01	0.000E+00	0.000E+00	-9.676E-05	4.854E-05	0.000E+00	0.000E+00	2.089E-05
3.610E+00	1.153E+00	4.093E-01	0.000E+00	0.000E+00	-9.677E-05	4.856E-05	0.000E+00	0.000E+00	2.089E-05
3.620E+00	1.133E+00	4.625E-01	0.000E+00	0.000E+00	-9.677E-05	4.859E-05	0.000E+00	0.000E+00	2.090E-05
3.630E+00	1.110E+00	5.146E-01	0.000E+00	0.000E+00	-9.677E-05	4.861E-05	0.000E+00	0.000E+00	2.090E-05
3.640E+00	1.085E+00	5.657E-01	0.000E+00	0.000E+00	-9.678E-05	4.864E-05	0.000E+00	0.000E+00	2.091E-05
3.650E+00	1.058E+00	6.156E-01	0.000E+00	0.000E+00	-9.678E-05	4.866E-05	0.000E+00	0.000E+00	2.091E-05
3.660E+00	1.028E+00	6.641E-01	0.000E+00	0.000E+00	-9.678E-05	4.868E-05	0.000E+00	0.000E+00	2.091E-05
3.670E+00	9.959E-01	7.112E-01	0.000E+00	0.000E+00	-9.678E-05	4.870E-05	0.000E+00	0.000E+00	2.092E-05
3.680E+00	9.617E-01	7.568E-01	0.000E+00	0.000E+00	-9.677E-05	4.872E-05	0.000E+00	0.000E+00	2.092E-05
3.690E+00	9.255E-01	8.008E-01	0.000E+00	0.000E+00	-9.677E-05	4.874E-05	0.000E+00	0.000E+00	2.093E-05
3.700E+00	8.873E-01	8.431E-01	0.000E+00	0.000E+00	-9.677E-05	4.875E-05	0.000E+00	0.000E+00	2.093E-05
3.710E+00	8.471E-01	8.836E-01	0.000E+00	0.000E+00	-9.676E-05	4.876E-05	0.000E+00	0.000E+00	2.094E-05
3.720E+00	8.051E-01	9.221E-01	0.000E+00	0.000E+00	-9.675E-05	4.878E-05	0.000E+00	0.000E+00	2.094E-05
3.730E+00	7.614E-01	9.587E-01	0.000E+00	0.000E+00	-9.674E-05	4.879E-05	0.000E+00	0.000E+00	2.095E-05
3.740E+00	7.160E-01	9.933E-01	0.000E+00	0.000E+00	-9.673E-05	4.880E-05	0.000E+00	0.000E+00	2.095E-05
3.750E+00	6.691E-01	1.026E+00	0.000E+00	0.000E+00	-9.671E-05	4.880E-05	0.000E+00	0.000E+00	2.096E-05
3.760E+00	6.207E-01	1.056E+00	0.000E+00	0.000E+00	-9.670E-05	4.881E-05	0.000E+00	0.000E+00	2.096E-05
3.770E+00	5.710E-01	1.084E+00	0.000E+00	0.000E+00	-9.668E-05	4.881E-05	0.000E+00	0.000E+00	2.096E-05
3.780E+00	5.200E-01	1.109E+00	0.000E+00	0.000E+00	-9.666E-05	4.881E-05	0.000E+00	0.000E+00	2.097E-05
3.790E+00	4.679E-01	1.133E+00	0.000E+00	0.000E+00	-9.664E-05	4.881E-05	0.000E+00	0.000E+00	2.097E-05
3.800E+00	4.148E-01	1.154E+00	0.000E+00	0.000E+00	-9.661E-05	4.881E-05	0.000E+00	0.000E+00	2.098E-05
3.810E+00	3.608E-01	1.172E+00	0.000E+00	0.000E+00	-9.659E-05	4.880E-05	0.000E+00	0.000E+00	2.098E-05
3.820E+00	3.061E-01	1.188E+00	0.000E+00	0.000E+00	-9.656E-05	4.880E-05	0.000E+00	0.000E+00	2.099E-05
3.830E+00	2.506E-01	1.201E+00	0.000E+00	0.000E+00	-9.653E-05	4.879E-05	0.000E+00	0.000E+00	2.099E-05
3.840E+00	1.946E-01	1.212E+00	0.000E+00	0.000E+00	-9.650E-05	4.877E-05	0.000E+00	0.000E+00	2.100E-05
3.850E+00	1.382E-01	1.220E+00	0.000E+00	0.000E+00	-9.646E-05	4.876E-05	0.000E+00	0.000E+00	2.100E-05
3.860E+00	8.145E-02	1.226E+00	0.000E+00	0.000E+00	-9.643E-05	4.874E-05	0.000E+00	0.000E+00	2.100E-05
3.870E+00	2.454E-02	1.229E+00	0.000E+00	0.000E+00	-9.639E-05	4.873E-05	0.000E+00	0.000E+00	2.101E-05
3.880E+00	-3.245E-02	1.229E+00	0.000E+00	0.000E+00	-9.634E-05	4.870E-05	0.000E+00	0.000E+00	2.101E-05
3.890E+00	-8.937E-02	1.227E+00	0.000E+00	0.000E+00	-9.630E-05	4.868E-05	0.000E+00	0.000E+00	2.102E-05
3.900E+00	-1.461E-01	1.222E+00	0.000E+00	0.000E+00	-9.626E-05	4.866E-05	0.000E+00	0.000E+00	2.102E-05
3.910E+00	-2.026E-01	1.214E+00	0.000E+00	0.000E+00	-9.621E-05	4.863E-05	0.000E+00	0.000E+00	2.103E-05
3.920E+00	-2.586E-01	1.204E+00	0.000E+00	0.000E+00	-9.616E-05	4.860E-05	0.000E+00	0.000E+00	2.103E-05
3.930E+00	-3.141E-01	1.192E+00	0.000E+00	0.000E+00	-9.611E-05	4.857E-05	0.000E+00	0.000E+00	2.104E-05
3.940E+00	-3.689E-01	1.177E+00	0.000E+00	0.000E+00	-9.605E-05	4.853E-05	0.000E+00	0.000E+00	2.104E-05
3.950E+00	-4.230E-01	1.159E+00	0.000E+00	0.000E+00	-9.599E-05	4.850E-05	0.000E+00	0.000E+00	2.104E-05
3.960E+00	-4.762E-01	1.139E+00	0.000E+00	0.000E+00	-9.594E-05	4.846E-05	0.000E+00	0.000E+00	2.105E-05
3.970E+00	-5.285E-01	1.117E+00	0.000E+00	0.000E+00	-9.588E-05	4.842E-05	0.000E+00	0.000E+00	2.105E-05
3.980E+00	-5.796E-01	1.092E+00	0.000E+00	0.000E+00	-9.581E-05	4.838E-05	0.000E+00	0.000E+00	2.106E-05
3.990E+00	-6.295E-01	1.065E+00	0.000E+00	0.000E+00	-9.575E-05	4.833E-05	0.000E+00	0.000E+00	2.106E-05
4.000E+00	-6.781E-01	1.036E+00	0.000E+00	0.000E+00	-9.568E-05	4.829E-05	0.000E+00	0.000E+00	2.107E-05
4.010E+00	-7.253E-01	1.004E+00	0.000E+00	0.000E+00	-9.562E-05	4.824E-05	0.000E+00	0.000E+00	2.107E-05
4.020E+00	-7.711E-01	9.706E-01	0.000E+00	0.000E+00	-9.555E-05	4.819E-05	0.000E+00	0.000E+00	2.108E-05
4.030E+00	-8.152E-01	9.351E-01	0.000E+00	0.000E+00	-9.548E-05	4.814E-05	0.000E+00	0.000E+00	2.108E-05
4.040E+00	-8.576E-01	8.976E-01	0.000E+00	0.000E+00	-9.541E-05	4.809E-05	0.000E+00	0.000E+00	2.108E-05
4.050E+00	-8.983E-01	8.583E-01	0.000E+00	0.000E+00	-9.533E-05	4.804E-05	0.000E+00	0.000E+00	2.109E-05
4.060E+00	-9.372E-01	8.172E-01	0.000E+00	0.000E+00	-9.526E-05	4.798E-05	0.000E+00	0.000E+00	2.109E-05
4.070E+00	-9.741E-01	7.744E-01	0.000E+00	0.000E+00	-9.518E-05	4.792E-05	0.000E+00	0.000E+00	2.110E-05
4.080E+00	-1.009E+00	7.300E-01	0.000E+00	0.000E+00	-9.510E-05	4.787E-05	0.000E+00	0.000E+00	2.110E-05
4.090E+00	-1.042E+00	6.841E-01	0.000E+00	0.000E+00	-9.503E-05	4.781E-05	0.000E+00	0.000E+00	2.111E-05
4.100E+00	-1.073E+00	6.368E-01	0.000E+00	0.000E+00	-9.495E-05	4.775E-05	0.000E+00	0.000E+00	2.111E-05
4.110E+00	-1.101E+00	5.882E-01	0.000E+00	0.000E+00	-9.487E-05	4.769E-05	0.000E+00	0.000E+00	2.111E-05
4.120E+00	-1.128E+00	5.384E-01	0.000E+00	0.000E+00	-9.479E-05	4.762E-05	0.000E+00	0.000E+00	2.112E-05
4.130E+00	-1.152E+00	4.875E-01	0.000E+00	0.000E+00	-9.470E-05	4.756E-05	0.000E+00	0.000E+00	2.112E-05
4.140E+00	-1.174E+00	4.356E-01	0.000E+00	0.000E+00	-9.462E-05	4.750E-05	0.000E+00	0.000E+00	2.113E-05
4.150E+00	-1.193E+00	3.828E-01	0.000E+00	0.000E+00	-9.454E-05	4.744E-05	0.000E+00	0.000E+00	2.113E-05
4.160E+00	-1.210E+00	3.292E-01	0.000E+00	0.000E+00	-9.446E-05	4.737E-05	0.000E+00	0.000E+00	2.114E-05
4.170E+00	-1.225E+00	2.750E-01	0.000E+00	0.000E+00	-9.437E-05	4.731E-05	0.000E+00	0.000E+00	2.114E-05
4.180E+00	-1.237E+00	2.202E-01	0.000E+00	0.000E+00	-9.429E-05	4.724E-05	0.000E+00	0.000E+00	2.114E-05
4.190E+00	-1.246E+00	1.649E-01	0.000E+00	0.000E+00	-9.420E-05	4.718E-05	0.000E+00	0.000E+00	2.115E-05
4.200E+00	-1.254E+00	1.093E-01	0.000E+00	0.000E+00	-9.412E-05	4.711E-05	0.000E+00	0.000E+00	2.115E-05
4.210E+00	-1.258E+00	5.351E-02	0.000E+00	0.000E+00	-9.404E-05	4.705E-05	0.000E+00	0.000E+00	2.116E-05
4.220E+00	-1.261E+00	-2.426E-03	0.000E+00	0.000E+00	-9.395E-05	4.698E-05	0.000E+00	0.000E+00	2.116E-05
4.230E+00	-1.260E+00	-5.836E-02	0.000E+00	0.000E+00	-9.387E-05	4.692E-05	0.000E+00	0.000E+00	2.117E-05
4.240E+00	-1.258E+00	-1.142E-01	0.000E+00	0.000E+00	-9.379E-05	4.685E-05	0.000E+00	0.000E+00	2.117E-05
4.250E+00	-1.253E+00	-1.698E-01	0.000E+00	0.000E+00	-9.370E-05	4.679E-05	0.000E+00	0.000E+00	2.117E-05
4.260E+00	-1.245E+00	-2.251E-01	0.000E+00	0.000E+00	-9.362E-05	4.672E-05	0.000E+00	0.000E+00	2.118E-05
4.270E+00	-1.235E+00	-2.800E-01	0.000E+00	0.000E+00	-9.354E-05	4.666E-05	0.000E+00	0.000E+00	2.118E-05
4.280E+00	-1.222E+00	-3.343E-01	0.000E+00	0.000E+00	-9.346E-05	4.659E-05	0.000E+00	0.000E+00	2.119E-05
4.290E+00	-1.208E+00	-3.880E-01	0.000E+00	0.000E+00	-9.338E-05	4.653E-05	0.000E+00	0.000E+00	2.119E-05
4.300E+00	-1.191E+00	-4.410E-01	0.000E+00	0.000E+00	-9.330E-05	4.647E-05	0.000E+00	0.000E+00	2.119E-05
4.310E+00	-1.171E+00	-4.931E-01	0.000E+00	0.000E+00	-9.322E-05	4.641E-05	0.000E+00	0.000E+00	2.120E-05
4.320E+00	-1.149E+00	-5.443E-01	0.000E+00	0.000E+00	-9.314E-05	4.635E-05	0.000E+00	0.000E+00	2.120E-05
4.330E+00	-1.125E+00	-5.944E-01	0.000E+00	0.000E+00	-9.306E-05	4.629E-05	0.000E+00	0.000E+00	2.121E-05
4.340E+00	-1.099E+00	-6.435E-01	0.000E+00	0.000E+00	-9.299E-05	4.623E-05	0.000E+00	0.000E+00	2.121E-05
4.350E+00	-1.071E+00	-6.913E-01	0.000E+00	0.000E+00	-9.291E-05	4.618E-05	0.000E+00	0.000E+00	2.121E-05
4.360E+00	-1.041E+00	-7.377E-01	0.000E+00	0.000E+00	-9.284E-05	4.612E-05	0.000E+00	0.000E+00	2.122E-05
4.370E+00	-1.009E+00	-7.828E-01	0.000E+00	0.000E+00	-9.277E-05	4.607E-05	0.000E+00	0.000E+00	2.122E-05
4.380E+00	-9.745E-01	-8.265E-01	0.000E+00	0.000E+00	-9.270E-05	4.601E-05	0.000E+00	0.000E+00	2.123E-05
4.390E+00	-9.385E-01	-8.685E-01	0.000E+00	0.000E+00	-9.263E-05	4.596E-05	0.000E+00	0.000E+00	2.123E-05
4.400E+00	-9.007E-01	-9.089E-01	0.000E+00	0.000E+00	-9.256E-05	4.591E-05	0.000E+00	0.000E+00	2.123E-05
4.410E+00	-8.612E-01	-9.477E-01	0.000E+00	0.000E+00	-9.250E-05	4.586E-05	0.000E+00	0.000E+00	2.124E-05
4.420E+00	-8.201E-01	-9.846E-01	0.000E+00	0.000E+00	-9.243E-05	4.582E-05	0.000E+00	0.000E+00	2.124E-05
4.430E+00	-7.774E-01	-1.020E+00	0.000E+00	0.000E+00	-9.237E-05	4.577E-05	0.000E+00	0.000E+00	2.125E-05
4.440E+00	-7.333E-01	-1.053E+00	0.000E+00	0.000E+00	-9.231E-05	4.573E-05	0.000E+00	0.000E+00	2.125E-05
4.450E+00	-6.878E-01	-1.084E+00	0.000E+00	0.000E+00	-9.225E-05	4.569E-05	0.000E+00	0.000E+00	2.125E-05
4.460E+00	-6.410E-01	-1.113E+00	0.000E+00	0.000E+00	-9.219E-05	4.565E-05	0.000E+00	0.000E+00	2.126E-05
4.470E+00	-5.930E-01	-1.141E+00	0.000E+00	0.000E+00	-9.214E-05	4.561E-05	0.000E+00	0.000E+00	2.126E-05
4.480E+00	-5.439E-01	-1.166E+00	0.000E+00	0.000E+00	-9.208E-05	4.557E-05	0.000E+00	0.000E+00	2.127E-05
4.490E+00	-4.938E-01	-1.188E+00	0.000E+00	0.000E+00	-9.203E-05	4.553E-05	0.000E+00	0.000E+00	2.127E-05
4.500E+00	-4.427E-01	-1.209E+00	0.000E+00	0.000E+00	-9.198E-05	4.550E-05	0.000E+00	0.000E+00	2.127E-05
4.510E+00	-3.909E-01	-1.228E+00	0.000E+00	0.000E+00	-9.193E-05	4.547E-05	0.000E+00	0.000E+00	2.128E-05
4.520E+00	-3.383E-01	-1.244E+00	0.000E+00	0.000E+00	-9.189E-05	4.544E-05	0.000E+00	0.000E+00	2.128E-05
4.530E+00	-2.850E-01	-1.258E+00	0.000E+00	0.000E+00	-9.184E-05	4.541E-05	0.000E+00	0.000E+00	2.129E-05
4.540E+00	-2.312E-01	-1.269E+00	0.000E+00	0.000E+00	-9.180E-05	4.539E-05	0.000E+00	0.000E+00	2.129E-05
4.550E+00	-1.770E-01	-1.279E+00	0.000E+00	0.000E+00	-9.176E-05	4.536E-05	0.000E+00	0.000E+00	2.129E-05
4.560E+00	-1.225E-01	-1.286E+00	0.000E+00	0.000E+00	-9.172E-05	4.534E-05	0.000E+00	0.000E+00	2.130E-05
4.570E+00	-6.771E-02	-1.290E+00	0.000E+00	0.000E+00	-9.168E-05	4.532E-05	0.000E+00	0.000E+00	2.130E-05
4.580E+00	-1.280E-02	-1.292E+00	0.000E+00	0.000E+00	-9.165E-05	4.530E-05	0.000E+00	0.000E+00	2.131E-05
4.590E+00	4.215E-02	-1.292E+00	0.000E+00	0.000E+00	-9.162E-05	4.529E-05	0.000E+00	0.000E+00	2.131E-05
4.600E+00	9.703E-02	-1.290E+00	0.000E+00	0.000E+00	-9.158E-05	4.527E-05	0.000E+00	0.000E+00	2.131E-05
4.610E+00	1.517E-01	-1.285E+00	0.000E+00	0.000E+00	-9.156E-05	4.526E-05	0.000E+00	0.000E+00	2.132E-05
4.620E+00	2.062E-01	-1.277E+00	0.000E+00	0.000E+00	-9.153E-05	4.525E-05	0.000E+00	0.000E+00	2.132E-05
4.630E+00	2.603E-01	-1.268E+00	0.000E+00	0.000E+00	-9.150E-05	4.524E-05	0.000E+00	0.000E+00	2.133E-05
4.640E+00	3.139E-01	-1.256E+00	0.000E+00	0.000E+00	-9.148E-05	4.524E-05	0.000E+00	0.000E+00	2.133E-05
4.650E+00	3.669E-01	-1.242E+00	0.000E+00	0.000E+00	-9.146E-05	4.523E-05	0.000E+00	0.000E+00	2.133E-05
4.660E+00	4.193E-01	-1.225E+00	0.000E+00	0.000E+00	-9.144E-05	4.523E-05	0.000E+00	0.000E+00	2.134E-05
4.670E+00	4.710E-01	-1.207E+00	0.000E+00	0.000E+00	-9.142E-05	4.523E-05	0.000E+00	0.000E+00	2.134E-05
4.680E+00	5.218E-01	-1.186E+00	0.000E+00	0.000E+00	-9.141E-05	4.523E-05	0.000E+00	0.000E+00	2.134E-05
4.690E+00	5.716E-01	-1.163E+00	0.000E+00	0.000E+00	-9.139E-05	4.523E-05	0.000E+00	0.000E+00	2.135E-05
4.700E+00	6.205E-01	-1.138E+00	0.000E+00	0.000E+00	-9.138E-05	4.523E-05	0.000E+00	0.000E+00	2.135E-05
4.710E+00	6.682E-01	-1.111E+00	0.000E+00	0.000E+00	-9.137E-05	4.524E-05	0.000E+00	0.000E+00	2.136E-05
4.720E+00	7.147E-01	-1.082E+00	0.000E+00	0.000E+00	-9.136E-05	4.525E-05	0.000E+00	0.000E+00	2.136E-05
4.730E+00	7.599E-01	-1.050E+00	0.000E+00	0.000E+00	-9.135E-05	4.526E-05	0.000E+00	0.000E+00	2.136E-05
4.740E+00	8.038E-01	-1.017E+00	0.000E+00	0.000E+00	-9.135E-05	4.527E-05	0.000E+00	0.000E+00	2.137E-05
4.750E+00	8.462E-01	-9.824E-01	0.000E+00	0.000E+00	-9.134E-05	4.528E-05	0.000E+00	0.000E+00	2.137E-05
4.760E+00	8.871E-01	-9.457E-01	0.000E+00	0.000E+00	-9.134E-05	4.529E-05	0.000E+00	0.000E+00	2.138E-05
4.770E+00	9.264E-01	-9.073E-01	0.000E+00	0.000E+00	-9.134E-05	4.531E-05	0.000E+00	0.000E+00	2.138E-05
4.780E+00	9.640E-01	-8.673E-01	0.000E+00	0.000E+00	-9.134E-05	4.532E-05	0.000E+00	0.000E+00	2.138E-05
4.790E+00	9.999E-01	-8.256E-01	0.000E+00	0.000E+00	-9.134E-05	4.534E-05	0.000E+00	0.000E+00	2.139E-05
4.800E+00	1.034E+00	-7.825E-01	0.000E+00	0.000E+00	-9.134E-05	4.536E-05	0.000E+00	0.000E+00	2.139E-05
4.810E+00	1.066E+00	-7.379E-01	0.000E+00	0.000E+00	-9.134E-05	4.538E-05	0.000E+00	0.000E+00	2.139E-05
4.820E+00	1.096E+00	-6.920E-01	0.000E+00	0.000E+00	-9.135E-05	4.540E-05	0.000E+00	0.000E+00	2.140E-05
4.830E+00	1.125E+00	-6.448E-01	0.000E+00	0.000E+00	-9.135E-05	4.542E-05	0.000E+00	0.000E+00	2.140E-05
4.840E+00	1.151E+00	-5.965E-01	0.000E+00	0.000E+00	-9.136E-05	4.544E-05	0.000E+00	0.000E+00	2.141E-05
4.850E+00	1.175E+00	-5.470E-01	0.000E+00	0.000E+00	-9.136E-05	4.547E-05	0.000E+00	0.000E+00	2.141E-05
4.860E+00	1.197E+00	-4.966E-01	0.000E+00	0.000E+00	-9.137E-05	4.549E-05	0.000E+00	0.000E+00	2.141E-05
4.870E+00	1.217E+00	-4.452E-01	0.000E+00	0.000E+00	-9.138E-05	4.551E-05	0.000E+00	0.000E+00	2.142E-05
4.880E+00	1.235E+00	-3.930E-01	0.000E+00	0.000E+00	-9.139E-05	4.554E-05	0.000E+00	0.000E+00	2.142E-05
4.890E+00	1.250E+00	-3.402E-01	0.000E+00	0.000E+00	-9.140E-05	4.557E-05	0.000E+00	0.000E+00	2.143E-05
4.900E+00	1.264E+00	-2.866E-01	0.000E+00	0.000E+00	-9.141E-05	4.559E-05	0.000E+00	0.000E+00	2.143E-05
4.910E+00	1.274E+00	-2.326E-01	0.000E+00	0.000E+00	-9.142E-05	4.562E-05	0.000E+00	0.000E+00	2.143E-05
4.920E+00	1.283E+00	-1.781E-01	0.000E+00	0.000E+00	-9.143E-05	4.565E-05	0.000E+00	0.000E+00	2.144E-05
4.930E+00	1.289E+00	-1.233E-01	0.000E+00	0.000E+00	-9.144E-05	4.567E-05	0.000E+00	0.000E+00	2.144E-05
4.940E+00	1.293E+00	-6.825E-02	0.000E+00	0.000E+00	-9.145E-05	4.570E-05	0.000E+00	0.000E+00	2.145E-05
4.950E+00	1.295E+00	-1.307E-02	0.000E+00	0.000E+00	-9.146E-05	4.573E-05	0.000E+00	0.000E+00	2.145E-05
4.960E+00	1.294E+00	4.215E-02	0.000E+00	0.000E+00	-9.147E-05	4.576E-05	0.000E+00	0.000E+00	2.145E-05
4.970E+00	1.291E+00	9.729E-02	0.000E+00	0.000E+00	-9.149E-05	4.579E-05	0.000E+00	0.000E+00	2.146E-05
4.980E+00	1.285E+00	1.523E-01	0.000E+00	0.000E+00	-9.150E-05	4.581E-05	0.000E+00	0.000E+00	2.146E-05
4.990E+00	1.278E+00	2.070E-01	0.000E+00	0.000E+00	-9.151E-05	4.584E-05	0.000E+00	0.000E+00	2.146E-05
