t	earth_x	earth_y	sun_x	sun_y	U	K	Lx	Ly	Lz
0.000E+00	1.000E+00	0.000E+00	0.000E+00	0.000E+00	-1.184E-04	5.922E-05	0.000E+00	0.000E+00	1.885E-05
1.000E-02	9.980E-01	6.279E-02	0.000E+00	0.000E+00	-1.184E-04	5.922E-05	0.000E+00	0.000E+00	1.885E-05
2.000E-02	9.921E-01	1.253E-01	0.000E+00	0.000E+00	-1.184E-04	5.922E-05	0.000E+00	0.000E+00	1.885E-05
3.000E-02	9.823E-01	1.874E-01	0.000E+00	0.000E+00	-1.184E-04	5.922E-05	0.000E+00	0.000E+00	1.885E-05
4.000E-02	9.686E-01	2.487E-01	0.000E+00	0.000E+00	-1.184E-04	5.922E-05	0.000E+00	0.000E+00	1.885E-05
5.000E-02	9.511E-01	3.090E-01	0.000E+00	0.000E+00	-1.184E-04	5.922E-05	0.000E+00	0.000E+00	1.885E-05
6.000E-02	9.298E-01	3.681E-01	0.000E+00	0.000E+00	-1.184E-04	5.922E-05	0.000E+00	0.000E+00	1.885E-05
7.000E-02	9.048E-01	4.258E-01	0.000E+00	0.000E+00	-1.184E-04	5.922E-05	0.000E+00	0.000E+00	1.885E-05
8.000E-02	8.763E-01	4.818E-01	0.000E+00	0.000E+00	-1.184E-04	5.922E-05	0.000E+00	0.000E+00	1.885E-05
9.000E-02	8.443E-01	5.358E-01	0.000E+00	0.000E+00	-1.184E-04	5.922E-05	0.000E+00	0.000E+00	1.885E-05
1.000E-01	8.090E-01	5.878E-01	0.000E+00	0.000E+00	-1.184E-04	5.922E-05	0.000E+00	0.000E+00	1.885E-05
1.100E-01	7.705E-01	6.374E-01	0.000E+00	0.000E+00	-1.184E-04	5.922E-05	0.000E+00	0.000E+00	1.885E-05
1.200E-01	7.290E-01	6.846E-01	0.000E+00	0.000E+00	-1.184E-04	5.922E-05	0.000E+00	0.000E+00	1.885E-05
1.300E-01	6.845E-01	7.290E-01	0.000E+00	0.000E+00	-1.184E-04	5.922E-05	0.000E+00	0.000E+00	1.885E-05
1.400E-01	6.374E-01	7.705E-01	0.000E+00	0.000E+00	-1.184E-04	5.922E-05	0.000E+00	0.000E+00	1.885E-05
1.500E-01	5.878E-01	8.090E-01	0.000E+00	0.000E+00	-1.184E-04	5.922E-05	0.000E+00	0.000E+00	1.885E-05
1.600E-01	5.358E-01	8.443E-01	0.000E+00	0.000E+00	-1.184E-04	5.922E-05	0.000E+00	0.000E+00	1.885E-05
1.700E-01	4.818E-01	8.763E-01	0.000E+00	0.000E+00	-1.184E-04	5.922E-05	0.000E+00	0.000E+00	1.885E-05
1.800E-01	4.258E-01	9.048E-01	0.000E+00	0.000E+00	-1.184E-04	5.922E-05	0.000E+00	0.000E+00	1.885E-05
1.900E-01	3.681E-01	9.298E-01	0.000E+00	0.000E+00	-1.184E-04	5.922E-05	0.000E+00	0.000E+00	1.885E-05
2.000E-01	3.090E-01	9.511E-01	0.000E+00	0.000E+00	-1.184E-04	5.922E-05	0.000E+00	0.000E+00	1.885E-05
2.100E-01	2.487E-01	9.686E-01	0.000E+00	0.000E+00	-1.184E-04	5.922E-05	0.000E+00	0.000E+00	1.885E-05
2.200E-01	1.874E-01	9.823E-01	0.000E+00	0.000E+00	-1.184E-04	5.922E-05	0.000E+00	0.000E+00	1.885E-05
2.300E-01	1.253E-01	9.921E-01	0.000E+00	0.000E+00	-1.184E-04	5.922E-05	0.000E+00	0.000E+00	1.885E-05
2.400E-01	6.279E-02	9.980E-01	0.000E+00	0.000E+00	-1.184E-04	5.922E-05	0.000E+00	0.000E+00	1.885E-05
2.500E-01	9.316E-07	1.000E+00	0.000E+00	0.000E+00	-1.184E-04	5.922E-05	0.000E+00	0.000E+00	1.885E-05
2.600E-01	-6.279E-02	9.980E-01	0.000E+00	0.000E+00	-1.184E-04	5.922E-05	0.000E+00	0.000E+00	1.885E-05
2.700E-01	-1.253E-01	9.921E-01	0.000E+00	0.000E+00	-1.184E-04	5.922E-05	0.000E+00	0.000E+00	1.885E-05
2.800E-01	-1.874E-01	9.823E-01	0.000E+00	0.000E+00	-1.184E-04	5.922E-05	0.000E+00	0.000E+00	1.885E-05
2.900E-01	-2.487E-01	9.686E-01	0.000E+00	0.000E+00	-1.184E-04	5.922E-05	0.000E+00	0.000E+00	1.885E-05
3.000E-01	-3.090E-01	9.511E-01	0.000E+00	0.000E+00	-1.184E-04	5.922E-05	0.000E+00	0.000E+00	1.885E-05
3.100E-01	-3.681E-01	9.298E-01	0.000E+00	0.000E+00	-1.184E-04	5.922E-05	0.000E+00	0.000E+00	1.885E-05
3.200E-01	-4.258E-01	9.048E-01	0.000E+00	0.000E+00	-1.184E-04	5.922E-05	0.000E+00	0.000E+00	1.885E-05
3.300E-01	-4.818E-01	8.763E-01	0.000E+00	0.000E+00	-1.184E-04	5.922E-05	0.000E+00	0.000E+00	1.885E-05
3.400E-01	-5.358E-01	8.443E-01	0.000E+00	0.000E+00	-1.184E-04	5.922E-05	0.000E+00	0.000E+00	1.885E-05
3.500E-01	-5.878E-01	8.090E-01	0.000E+00	0.000E+00	-1.184E-04	5.922E-05	0.000E+00	0.000E+00	1.885E-05
3.600E-01	-6.374E-01	7.705E-01	0.000E+00	0.000E+00	-1.184E-04	5.922E-05	0.000E+00	0.000E+00	1.885E-05
3.700E-01	-6.845E-01	7.290E-01	0.000E+00	0.000E+00	-1.184E-04	5.922E-05	0.000E+00	0.000E+00	1.885E-05
3.800E-01	-7.290E-01	6.846E-01	0.000E+00	0.000E+00	-1.184E-04	5.922E-05	0.000E+00	0.000E+00	1.885E-05
3.900E-01	-7.705E-01	6.375E-01	0.000E+00	0.000E+00	-1.184E-04	5.922E-05	0.000E+00	0.000E+00	1.885E-05
4.000E-01	-8.090E-01	5.878E-01	0.000E+00	0.000E+00	-1.184E-04	5.922E-05	0.000E+00	0.000E+00	1.885E-05
4.100E-01	-8.443E-01	5.359E-01	0.000E+00	0.000E+00	-1.184E-04	5.922E-05	0.000E+00	0.000E+00	1.885E-05
4.200E-01	-8.763E-01	4.818E-01	0.000E+00	0.000E+00	-1.184E-04	5.922E-05	0.000E+00	0.000E+00	1.885E-05
4.300E-01	-9.048E-01	4.258E-01	0.000E+00	0.000E+00	-1.184E-04	5.922E-05	0.000E+00	0.000E+00	1.885E-05
4.400E-01	-9.298E-01	3.682E-01	0.000E+00	0.000E+00	-1.184E-04	5.922E-05	0.000E+00	0.000E+00	1.885E-05
4.500E-01	-9.511E-01	3.091E-01	0.000E+00	0.000E+00	-1.184E-04	5.922E-05	0.000E+00	0.000E+00	1.885E-05
4.600E-01	-9.686E-01	2.487E-01	0.000E+00	0.000E+00	-1.184E-04	5.922E-05	0.000E+00	0.000E+00	1.885E-05
4.700E-01	-9.823E-01	1.874E-01	0.000E+00	0.000E+00	-1.184E-04	5.922E-05	0.000E+00	0.000E+00	1.885E-05
4.800E-01	-9.921E-01	1.254E-01	0.000E+00	0.000E+00	-1.184E-04	5.922E-05	0.000E+00	0.000E+00	1.885E-05
4.900E-01	-9.980E-01	6.283E-02	0.000E+00	0.000E+00	-1.184E-04	5.922E-05	0.000E+00	0.000E+00	1.885E-05
5.000E-01	-1.000E+00	4.134E-05	0.000E+00	0.000E+00	-1.184E-04	5.922E-05	0.000E+00	0.000E+00	1.885E-05
5.100E-01	-9.980E-01	-6.275E-02	0.000E+00	0.000E+00	-1.184E-04	5.922E-05	0.000E+00	0.000E+00	1.885E-05
5.200E-01	-9.921E-01	-1.253E-01	0.000E+00	0.000E+00	-1.184E-04	5.922E-05	0.000E+00	0.000E+00	1.885E-05
5.300E-01	-9.823E-01	-1.873E-01	0.000E+00	0.000E+00	-1.184E-04	5.922E-05	0.000E+00	0.000E+00	1.885E-05
5.400E-01	-9.686E-01	-2.486E-01	0.000E+00	0.000E+00	-1.184E-04	5.922E-05	0.000E+00	0.000E+00	1.885E-05
5.500E-01	-9.511E-01	-3.090E-01	0.000E+00	0.000E+00	-1.184E-04	5.922E-05	0.000E+00	0.000E+00	1.885E-05
5.600E-01	-9.298E-01	-3.681E-01	0.000E+00	0.000E+00	-1.184E-04	5.922E-05	0.000E+00	0.000E+00	1.885E-05
5.700E-01	-9.049E-01	-4.257E-01	0.000E+00	0.000E+00	-1.184E-04	5.922E-05	0.000E+00	0.000E+00	1.885E-05
5.800E-01	-8.764E-01	-4.817E-01	0.000E+00	0.000E+00	-1.184E-04	5.922E-05	0.000E+00	0.000E+00	1.885E-05
5.900E-01	-8.444E-01	-5.358E-01	0.000E+00	0.000E+00	-1.184E-04	5.922E-05	0.000E+00	0.000E+00	1.885E-05
6.000E-01	-8.091E-01	-5.877E-01	0.000E+00	0.000E+00	-1.184E-04	5.922E-05	0.000E+00	0.000E+00	1.885E-05
6.100E-01	-7.706E-01	-6.374E-01	0.000E+00	0.000E+00	-1.184E-04	5.922E-05	0.000E+00	0.000E+00	1.885E-05
6.200E-01	-7.290E-01	-6.845E-01	0.000E+00	0.000E+00	-1.184E-04	5.922E-05	0.000E+00	0.000E+00	1.885E-05
6.300E-01	-6.846E-01	-7.289E-01	0.000E+00	0.000E+00	-1.184E-04	5.922E-05	0.000E+00	0.000E+00	1.885E-05
6.400E-01	-6.375E-01	-7.705E-01	0.000E+00	0.000E+00	-1.184E-04	5.922E-05	0.000E+00	0.000E+00	1.885E-05
6.500E-01	-5.879E-01	-8.090E-01	0.000E+00	0.000E+00	-1.184E-04	5.922E-05	0.000E+00	0.000E+00	1.885E-05
6.600E-01	-5.359E-01	-8.443E-01	0.000E+00	0.000E+00	-1.184E-04	5.922E-05	0.000E+00	0.000E+00	1.885E-05
6.700E-01	-4.818E-01	-8.763E-01	0.000E+00	0.000E+00	-1.184E-04	5.922E-05	0.000E+00	0.000E+00	1.885E-05
6.800E-01	-4.259E-01	-9.048E-01	0.000E+00	0.000E+00	-1.184E-04	5.922E-05	0.000E+00	0.000E+00	1.885E-05
6.900E-01	-3.682E-01	-9.298E-01	0.000E+00	0.000E+00	-1.184E-04	5.922E-05	0.000E+00	0.000E+00	1.885E-05
7.000E-01	-3.091E-01	-9.510E-01	0.000E+00	0.000E+00	-1.184E-04	5.922E-05	0.000E+00	0.000E+00	1.885E-05
7.100E-01	-2.488E-01	-9.686E-01	0.000E+00	0.000E+00	-1.184E-04	5.922E-05	0.000E+00	0.000E+00	1.885E-05
7.200E-01	-1.875E-01	-9.823E-01	0.000E+00	0.000E+00	-1.184E-04	5.922E-05	0.000E+00	0.000E+00	1.885E-05
7.300E-01	-1.254E-01	-9.921E-01	0.000E+00	0.000E+00	-1.184E-04	5.922E-05	0.000E+00	0.000E+00	1.885E-05
7.400E-01	-6.287E-02	-9.980E-01	0.000E+00	0.000E+00	-1.184E-04	5.922E-05	0.000E+00	0.000E+00	1.885E-05
7.500E-01	-8.175E-05	-1.000E+00	0.000E+00	0.000E+00	-1.184E-04	5.922E-05	0.000E+00	0.000E+00	1.885E-05
7.600E-01	6.271E-02	-9.980E-01	0.000E+00	0.000E+00	-1.184E-04	5.922E-05	0.000E+00	0.000E+00	1.885E-05
7.700E-01	1.253E-01	-9.921E-01	0.000E+00	0.000E+00	-1.184E-04	5.922E-05	0.000E+00	0.000E+00	1.885E-05
7.800E-01	1.873E-01	-9.823E-01	0.000E+00	0.000E+00	-1.184E-04	5.922E-05	0.000E+00	0.000E+00	1.885E-05
7.900E-01	2.486E-01	-9.686E-01	0.000E+00	0.000E+00	-1.184E-04	5.922E-05	0.000E+00	0.000E+00	1.885E-05
8.000E-01	3.089E-01	-9.511E-01	0.000E+00	0.000E+00	-1.184E-04	5.922E-05	0.000E+00	0.000E+00	1.885E-05
8.100E-01	3.680E-01	-9.298E-01	0.000E+00	0.000E+00	-1.184E-04	5.922E-05	0.000E+00	0.000E+00	1.885E-05
8.200E-01	4.257E-01	-9.049E-01	0.000E+00	0.000E+00	-1.184E-04	5.922E-05	0.000E+00	0.000E+00	1.885E-05
8.300E-01	4.817E-01	-8.764E-01	0.000E+00	0.000E+00	-1.184E-04	5.922E-05	0.000E+00	0.000E+00	1.885E-05
8.400E-01	5.358E-01	-8.444E-01	0.000E+00	0.000E+00	-1.184E-04	5.922E-05	0.000E+00	0.000E+00	1.885E-05
8.500E-01	5.877E-01	-8.091E-01	0.000E+00	0.000E+00	-1.184E-04	5.922E-05	0.000E+00	0.000E+00	1.885E-05
8.600E-01	6.374E-01	-7.706E-01	0.000E+00	0.000E+00	-1.184E-04	5.922E-05	0.000E+00	0.000E+00	1.885E-05
8.700E-01	6.845E-01	-7.290E-01	0.000E+00	0.000E+00	-1.184E-04	5.922E-05	0.000E+00	0.000E+00	1.885E-05
8.800E-01	7.289E-01	-6.846E-01	0.000E+00	0.000E+00	-1.184E-04	5.922E-05	0.000E+00	0.000E+00	1.885E-05
8.900E-01	7.705E-01	-6.375E-01	0.000E+00	0.000E+00	-1.184E-04	5.922E-05	0.000E+00	0.000E+00	1.885E-05
9.000E-01	8.090E-01	-5.879E-01	0.000E+00	0.000E+00	-1.184E-04	5.922E-05	0.000E+00	0.000E+00	1.885E-05
9.100E-01	8.443E-01	-5.359E-01	0.000E+00	0.000E+00	-1.184E-04	5.922E-05	0.000E+00	0.000E+00	1.885E-05
9.200E-01	8.763E-01	-4.818E-01	0.000E+00	0.000E+00	-1.184E-04	5.922E-05	0.000E+00	0.000E+00	1.885E-05
9.300E-01	9.048E-01	-4.259E-01	0.000E+00	0.000E+00	-1.184E-04	5.922E-05	0.000E+00	0.000E+00	1.885E-05
9.400E-01	9.297E-01	-3.682E-01	0.000E+00	0.000E+00	-1.184E-04	5.922E-05	0.000E+00	0.000E+00	1.885E-05
9.500E-01	9.510E-01	-3.091E-01	0.000E+00	0.000E+00	-1.184E-04	5.922E-05	0.000E+00	0.000E+00	1.885E-05
9.600E-01	9.686E-01	-2.488E-01	0.000E+00	0.000E+00	-1.184E-04	5.922E-05	0.000E+00	0.000E+00	1.885E-05
9.700E-01	9.823E-01	-1.875E-01	0.000E+00	0.000E+00	-1.184E-04	5.922E-05	0.000E+00	0.000E+00	1.885E-05
9.800E-01	9.921E-01	-1.254E-01	0.000E+00	0.000E+00	-1.184E-04	5.922E-05	0.000E+00	0.000E+00	1.885E-05
9.900E-01	9.980E-01	-6.287E-02	0.000E+00	0.000E+00	-1.184E-04	5.922E-05	0.000E+00	0.000E+00	1.885E-05
1.000E+00	1.000E+00	-8.268E-05	0.000E+00	0.000E+00	-1.184E-04	5.922E-05	0.000E+00	0.000E+00	1.885E-05
1.010E+00	9.980E-01	6.271E-02	0.000E+00	0.000E+00	-1.184E-04	5.922E-05	0.000E+00	0.000E+00	1.885E-05
1.020E+00	9.921E-01	1.253E-01	0.000E+00	0.000E+00	-1.184E-04	5.922E-05	0.000E+00	0.000E+00	1.885E-05
1.030E+00	9.823E-01	1.873E-01	0.000E+00	0.000E+00	-1.184E-04	5.922E-05	0.000E+00	0.000E+00	1.885E-05
1.040E+00	9.686E-01	2.486E-01	0.000E+00	0.000E+00	-1.184E-04	5.922E-05	0.000E+00	0.000E+00	1.885E-05
1.050E+00	9.511E-01	3.089E-01	0.000E+00	0.000E+00	-1.184E-04	5.922E-05	0.000E+00	0.000E+00	1.885E-05
1.060E+00	9.298E-01	3.681E-01	0.000E+00	0.000E+00	-1.184E-04	5.922E-05	0.000E+00	0.000E+00	1.885E-05
1.070E+00	9.049E-01	4.257E-01	0.000E+00	0.000E+00	-1.184E-04	5.922E-05	0.000E+00	0.000E+00	1.885E-05
1.080E+00	8.763E-01	4.817E-01	0.000E+00	0.000E+00	-1.184E-04	5.922E-05	0.000E+00	0.000E+00	1.885E-05
1.090E+00	8.444E-01	5.358E-01	0.000E+00	0.000E+00	-1.184E-04	5.922E-05	0.000E+00	0.000E+00	1.885E-05
1.100E+00	8.091E-01	5.877E-01	0.000E+00	0.000E+00	-1.184E-04	5.922E-05	0.000E+00	0.000E+00	1.885E-05
1.110E+00	7.706E-01	6.374E-01	0.000E+00	0.000E+00	-1.184E-04	5.922E-05	0.000E+00	0.000E+00	1.885E-05
1.120E+00	7.290E-01	6.845E-01	0.000E+00	0.000E+00	-1.184E-04	5.922E-05	0.000E+00	0.000E+00	1.885E-05
1.130E+00	6.846E-01	7.289E-01	0.000E+00	0.000E+00	-1.184E-04	5.922E-05	0.000E+00	0.000E+00	1.885E-05
1.140E+00	6.375E-01	7.705E-01	0.000E+00	0.000E+00	-1.184E-04	5.922E-05	0.000E+00	0.000E+00	1.885E-05
1.150E+00	5.879E-01	8.090E-01	0.000E+00	0.000E+00	-1.184E-04	5.922E-05	0.000E+00	0.000E+00	1.885E-05
1.160E+00	5.359E-01	8.443E-01	0.000E+00	0.000E+00	-1.184E-04	5.922E-05	0.000E+00	0.000E+00	1.885E-05
1.170E+00	4.818E-01	8.763E-01	0.000E+00	0.000E+00	-1.184E-04	5.922E-05	0.000E+00	0.000E+00	1.885E-05
1.180E+00	4.259E-01	9.048E-01	0.000E+00	0.000E+00	-1.184E-04	5.922E-05	0.000E+00	0.000E+00	1.885E-05
1.190E+00	3.682E-01	9.298E-01	0.000E+00	0.000E+00	-1.184E-04	5.922E-05	0.000E+00	0.000E+00	1.885E-05
1.200E+00	3.091E-01	9.510E-01	0.000E+00	0.000E+00	-1.184E-04	5.922E-05	0.000E+00	0.000E+00	1.885E-05
1.210E+00	2.488E-01	9.686E-01	0.000E+00	0.000E+00	-1.184E-04	5.922E-05	0.000E+00	0.000E+00	1.885E-05
1.220E+00	1.875E-01	9.823E-01	0.000E+00	0.000E+00	-1.184E-04	5.922E-05	0.000E+00	0.000E+00	1.885E-05
1.230E+00	1.254E-01	9.921E-01	0.000E+00	0.000E+00	-1.184E-04	5.922E-05	0.000E+00	0.000E+00	1.885E-05
1.240E+00	6.287E-02	9.980E-01	0.000E+00	0.000E+00	-1.184E-04	5.922E-05	0.000E+00	0.000E+00	1.885E-05
1.250E+00	8.361E-05	1.000E+00	0.000E+00	0.000E+00	-1.184E-04	5.922E-05	0.000E+00	0.000E+00	1.885E-05
1.260E+00	-6.271E-02	9.980E-01	0.000E+00	0.000E+00	-1.184E-04	5.922E-05	0.000E+00	0.000E+00	1.885E-05
1.270E+00	-1.252E-01	9.921E-01	0.000E+00	0.000E+00	-1.184E-04	5.922E-05	0.000E+00	0.000E+00	1.885E-05
1.280E+00	-1.873E-01	9.823E-01	0.000E+00	0.000E+00	-1.184E-04	5.922E-05	0.000E+00	0.000E+00	1.885E-05
1.290E+00	-2.486E-01	9.686E-01	0.000E+00	0.000E+00	-1.184E-04	5.922E-05	0.000E+00	0.000E+00	1.885E-05
1.300E+00	-3.089E-01	9.511E-01	0.000E+00	0.000E+00	-1.184E-04	5.922E-05	0.000E+00	0.000E+00	1.885E-05
1.310E+00	-3.680E-01	9.298E-01	0.000E+00	0.000E+00	-1.184E-04	5.922E-05	0.000E+00	0.000E+00	1.885E-05
1.320E+00	-4.257E-01	9.049E-01	0.000E+00	0.000E+00	-1.184E-04	5.922E-05	0.000E+00	0.000E+00	1.885E-05
1.330E+00	-4.817E-01	8.764E-01	0.000E+00	0.000E+00	-1.184E-04	5.922E-05	0.000E+00	0.000E+00	1.885E-05
1.340E+00	-5.358E-01	8.444E-01	0.000E+00	0.000E+00	-1.184E-04	5.922E-05	0.000E+00	0.000E+00	1.885E-05
1.350E+00	-5.877E-01	8.091E-01	0.000E+00	0.000E+00	-1.184E-04	5.922E-05	0.000E+00	0.000E+00	1.885E-05
1.360E+00	-6.374E-01	7.706E-01	0.000E+00	0.000E+00	-1.184E-04	5.922E-05	0.000E+00	0.000E+00	1.885E-05
1.370E+00	-6.845E-01	7.290E-01	0.000E+00	0.000E+00	-1.184E-04	5.922E-05	0.000E+00	0.000E+00	1.885E-05
1.380E+00	-7.289E-01	6.846E-01	0.000E+00	0.000E+00	-1.184E-04	5.922E-05	0.000E+00	0.000E+00	1.885E-05
1.390E+00	-7.705E-01	6.375E-01	0.000E+00	0.000E+00	-1.184E-04	5.922E-05	0.000E+00	0.000E+00	1.885E-05
1.400E+00	-8.090E-01	5.879E-01	0.000E+00	0.000E+00	-1.184E-04	5.922E-05	0.000E+00	0.000E+00	1.885E-05
1.410E+00	-8.443E-01	5.359E-01	0.000E+00	0.000E+00	-1.184E-04	5.922E-05	0.000E+00	0.000E+00	1.885E-05
1.420E+00	-8.763E-01	4.819E-01	0.000E+00	0.000E+00	-1.184E-04	5.922E-05	0.000E+00	0.000E+00	1.885E-05
1.430E+00	-9.048E-01	4.259E-01	0.000E+00	0.000E+00	-1.184E-04	5.922E-05	0.000E+00	0.000E+00	1.885E-05
1.440E+00	-9.298E-01	3.682E-01	0.000E+00	0.000E+00	-1.184E-04	5.922E-05	0.000E+00	0.000E+00	1.885E-05
1.450E+00	-9.510E-01	3.091E-01	0.000E+00	0.000E+00	-1.184E-04	5.922E-05	0.000E+00	0.000E+00	1.885E-05
1.460E+00	-9.686E-01	2.488E-01	0.000E+00	0.000E+00	-1.184E-04	5.922E-05	0.000E+00	0.000E+00	1.885E-05
1.470E+00	-9.823E-01	1.875E-01	0.000E+00	0.000E+00	-1.184E-04	5.922E-05	0.000E+00	0.000E+00	1.885E-05
1.480E+00	-9.921E-01	1.255E-01	0.000E+00	0.000E+00	-1.184E-04	5.922E-05	0.000E+00	0.000E+00	1.885E-05
1.490E+00	-9.980E-01	6.291E-02	0.000E+00	0.000E+00	-1.184E-04	5.922E-05	0.000E+00	0.000E+00	1.885E-05
1.500E+00	-1.000E+00	1.240E-04	0.000E+00	0.000E+00	-1.184E-04	5.922E-05	0.000E+00	0.000E+00	1.885E-05
1.510E+00	-9.981E-01	-6.267E-02	0.000E+00	0.000E+00	-1.184E-04	5.922E-05	0.000E+00	0.000E+00	1.885E-05
1.520E+00	-9.922E-01	-1.252E-01	0.000E+00	0.000E+00	-1.184E-04	5.922E-05	0.000E+00	0.000E+00	1.885E-05
1.530E+00	-9.823E-01	-1.873E-01	0.000E+00	0.000E+00	-1.184E-04	5.922E-05	0.000E+00	0.000E+00	1.885E-05
1.540E+00	-9.686E-01	-2.486E-01	0.000E+00	0.000E+00	-1.184E-04	5.922E-05	0.000E+00	0.000E+00	1.885E-05
1.550E+00	-9.511E-01	-3.089E-01	0.000E+00	0.000E+00	-1.184E-04	5.922E-05	0.000E+00	0.000E+00	1.885E-05
1.560E+00	-9.298E-01	-3.680E-01	0.000E+00	0.000E+00	-1.184E-04	5.922E-05	0.000E+00	0.000E+00	1.885E-05
1.570E+00	-9.049E-01	-4.257E-01	0.000E+00	0.000E+00	-1.184E-04	5.922E-05	0.000E+00	0.000E+00	1.885E-05
1.580E+00	-8.764E-01	-4.816E-01	0.000E+00	0.000E+00	-1.184E-04	5.922E-05	0.000E+00	0.000E+00	1.885E-05
1.590E+00	-8.444E-01	-5.357E-01	0.000E+00	0.000E+00	-1.184E-04	5.922E-05	0.000E+00	0.000E+00	1.885E-05
1.600E+00	-8.091E-01	-5.877E-01	0.000E+00	0.000E+00	-1.184E-04	5.922E-05	0.000E+00	0.000E+00	1.885E-05
1.610E+00	-7.706E-01	-6.373E-01	0.000E+00	0.000E+00	-1.184E-04	5.922E-05	0.000E+00	0.000E+00	1.885E-05
1.620E+00	-7.291E-01	-6.845E-01	0.000E+00	0.000E+00	-1.184E-04	5.922E-05	0.000E+00	0.000E+00	1.885E-05
1.630E+00	-6.847E-01	-7.289E-01	0.000E+00	0.000E+00	-1.184E-04	5.922E-05	0.000E+00	0.000E+00	1.885E-05
1.640E+00	-6.376E-01	-7.704E-01	0.000E+00	0.000E+00	-1.184E-04	5.922E-05	0.000E+00	0.000E+00	1.885E-05
1.650E+00	-5.879E-01	-8.089E-01	0.000E+00	0.000E+00	-1.184E-04	5.922E-05	0.000E+00	0.000E+00	1.885E-05
1.660E+00	-5.360E-01	-8.443E-01	0.000E+00	0.000E+00	-1.184E-04	5.922E-05	0.000E+00	0.000E+00	1.885E-05
1.670E+00	-4.819E-01	-8.762E-01	0.000E+00	0.000E+00	-1.184E-04	5.922E-05	0.000E+00	0.000E+00	1.885E-05
1.680E+00	-4.259E-01	-9.048E-01	0.000E+00	0.000E+00	-1.184E-04	5.922E-05	0.000E+00	0.000E+00	1.885E-05
1.690E+00	-3.683E-01	-9.297E-01	0.000E+00	0.000E+00	-1.184E-04	5.922E-05	0.000E+00	0.000E+00	1.885E-05
1.700E+00	-3.092E-01	-9.510E-01	0.000E+00	0.000E+00	-1.184E-04	5.922E-05	0.000E+00	0.000E+00	1.885E-05
1.710E+00	-2.488E-01	-9.686E-01	0.000E+00	0.000E+00	-1.184E-04	5.922E-05	0.000E+00	0.000E+00	1.885E-05
1.720E+00	-1.875E-01	-9.823E-01	0.000E+00	0.000E+00	-1.184E-04	5.922E-05	0.000E+00	0.000E+00	1.885E-05
1.730E+00	-1.255E-01	-9.921E-01	0.000E+00	0.000E+00	-1.184E-04	5.922E-05	0.000E+00	0.000E+00	1.885E-05
1.740E+00	-6.295E-02	-9.980E-01	0.000E+00	0.000E+00	-1.184E-04	5.922E-05	0.000E+00	0.000E+00	1.885E-05
1.750E+00	-1.644E-04	-1.000E+00	0.000E+00	0.000E+00	-1.184E-04	5.922E-05	0.000E+00	0.000E+00	1.885E-05
1.760E+00	6.263E-02	-9.980E-01	0.000E+00	0.000E+00	-1.184E-04	5.922E-05	0.000E+00	0.000E+00	1.885E-05
1.770E+00	1.252E-01	-9.921E-01	0.000E+00	0.000E+00	-1.184E-04	5.922E-05	0.000E+00	0.000E+00	1.885E-05
1.780E+00	1.872E-01	-9.823E-01	0.000E+00	0.000E+00	-1.184E-04	5.922E-05	0.000E+00	0.000E+00	1.885E-05
1.790E+00	2.485E-01	-9.686E-01	0.000E+00	0.000E+00	-1.184E-04	5.922E-05	0.000E+00	0.000E+00	1.885E-05
1.800E+00	3.089E-01	-9.511E-01	0.000E+00	0.000E+00	-1.184E-04	5.922E-05	0.000E+00	0.000E+00	1.885E-05
1.810E+00	3.680E-01	-9.298E-01	0.000E+00	0.000E+00	-1.184E-04	5.922E-05	0.000E+00	0.000E+00	1.885E-05
1.820E+00	4.256E-01	-9.049E-01	0.000E+00	0.000E+00	-1.184E-04	5.922E-05	0.000E+00	0.000E+00	1.885E-05
1.830E+00	4.816E-01	-8.764E-01	0.000E+00	0.000E+00	-1.184E-04	5.922E-05	0.000E+00	0.000E+00	1.885E-05
1.840E+00	5.357E-01	-8.444E-01	0.000E+00	0.000E+00	-1.184E-04	5.922E-05	0.000E+00	0.000E+00	1.885E-05
1.850E+00	5.877E-01	-8.091E-01	0.000E+00	0.000E+00	-1.184E-04	5.922E-05	0.000E+00	0.000E+00	1.885E-05
1.860E+00	6.373E-01	-7.706E-01	0.000E+00	0.000E+00	-1.184E-04	5.922E-05	0.000E+00	0.000E+00	1.885E-05
1.870E+00	6.844E-01	-7.291E-01	0.000E+00	0.000E+00	-1.184E-04	5.922E-05	0.000E+00	0.000E+00	1.885E-05
1.880E+00	7.289E-01	-6.847E-01	0.000E+00	0.000E+00	-1.184E-04	5.922E-05	0.000E+00	0.000E+00	1.885E-05
1.890E+00	7.704E-01	-6.376E-01	0.000E+00	0.000E+00	-1.184E-04	5.922E-05	0.000E+00	0.000E+00	1.885E-05
1.900E+00	8.089E-01	-5.879E-01	0.000E+00	0.000E+00	-1.184E-04	5.922E-05	0.000E+00	0.000E+00	1.885E-05
1.910E+00	8.442E-01	-5.360E-01	0.000E+00	0.000E+00	-1.184E-04	5.922E-05	0.000E+00	0.000E+00	1.885E-05
1.920E+00	8.762E-01	-4.819E-01	0.000E+00	0.000E+00	-1.184E-04	5.922E-05	0.000E+00	0.000E+00	1.885E-05
1.930E+00	9.048E-01	-4.259E-01	0.000E+00	0.000E+00	-1.184E-04	5.922E-05	0.000E+00	0.000E+00	1.885E-05
1.940E+00	9.297E-01	-3.683E-01	0.000E+00	0.000E+00	-1.184E-04	5.922E-05	0.000E+00	0.000E+00	1.885E-05
1.950E+00	9.510E-01	-3.092E-01	0.000E+00	0.000E+00	-1.184E-04	5.922E-05	0.000E+00	0.000E+00	1.885E-05
1.960E+00	9.685E-01	-2.489E-01	0.000E+00	0.000E+00	-1.184E-04	5.922E-05	0.000E+00	0.000E+00	1.885E-05
1.970E+00	9.823E-01	-1.875E-01	0.000E+00	0.000E+00	-1.184E-04	5.922E-05	0.000E+00	0.000E+00	1.885E-05
1.980E+00	9.921E-01	-1.255E-01	0.000E+00	0.000E+00	-1.184E-04	5.922E-05	0.000E+00	0.000E+00	1.885E-05
1.990E+00	9.980E-01	-6.296E-02	0.000E+00	0.000E+00	-1.184E-04	5.922E-05	0.000E+00	0.000E+00	1.885E-05
2.000E+00	1.000E+00	-1.654E-04	0.000E+00	0.000E+00	-1.184E-04	5.922E-05	0.000E+00	0.000E+00	1.885E-05
2.010E+00	9.980E-01	6.263E-02	0.000E+00	0.000E+00	-1.184E-04	5.922E-05	0.000E+00	0.000E+00	1.885E-05
2.020E+00	9.921E-01	1.252E-01	0.000E+00	0.000E+00	-1.184E-04	5.922E-05	0.000E+00	0.000E+00	1.885E-05
2.030E+00	9.823E-01	1.872E-01	0.000E+00	0.000E+00	-1.184E-04	5.922E-05	0.000E+00	0.000E+00	1.885E-05
2.040E+00	9.686E-01	2.485E-01	0.000E+00	0.000E+00	-1.184E-04	5.922E-05	0.000E+00	0.000E+00	1.885E-05
2.050E+00	9.511E-01	3.089E-01	0.000E+00	0.000E+00	-1.184E-04	5.922E-05	0.000E+00	0.000E+00	1.885E-05
2.060E+00	9.298E-01	3.680E-01	0.000E+00	0.000E+00	-1.184E-04	5.922E-05	0.000E+00	0.000E+00	1.885E-05
2.070E+00	9.049E-01	4.256E-01	0.000E+00	0.000E+00	-1.184E-04	5.922E-05	0.000E+00	0.000E+00	1.885E-05
2.080E+00	8.764E-01	4.816E-01	0.000E+00	0.000E+00	-1.184E-04	5.922E-05	0.000E+00	0.000E+00	1.885E-05
2.090E+00	8.444E-01	5.357E-01	0.000E+00	0.000E+00	-1.184E-04	5.922E-05	0.000E+00	0.000E+00	1.885E-05
2.100E+00	8.091E-01	5.877E-01	0.000E+00	0.000E+00	-1.184E-04	5.922E-05	0.000E+00	0.000E+00	1.885E-05
2.110E+00	7.706E-01	6.373E-01	0.000E+00	0.000E+00	-1.184E-04	5.922E-05	0.000E+00	0.000E+00	1.885E-05
2.120E+00	7.291E-01	6.844E-01	0.000E+00	0.000E+00	-1.184E-04	5.922E-05	0.000E+00	0.000E+00	1.885E-05
2.130E+00	6.847E-01	7.289E-01	0.000E+00	0.000E+00	-1.184E-04	5.922E-05	0.000E+00	0.000E+00	1.885E-05
2.140E+00	6.376E-01	7.704E-01	0.000E+00	0.000E+00	-1.184E-04	5.922E-05	0.000E+00	0.000E+00	1.885E-05
2.150E+00	5.879E-01	8.089E-01	0.000E+00	0.000E+00	-1.184E-04	5.922E-05	0.000E+00	0.000E+00	1.885E-05
2.160E+00	5.360E-01	8.442E-01	0.000E+00	0.000E+00	-1.184E-04	5.922E-05	0.000E+00	0.000E+00	1.885E-05
2.170E+00	4.819E-01	8.762E-01	0.000E+00	0.000E+00	-1.184E-04	5.922E-05	0.000E+00	0.000E+00	1.885E-05
2.180E+00	4.259E-01	9.048E-01	0.000E+00	0.000E+00	-1.184E-04	5.922E-05	0.000E+00	0.000E+00	1.885E-05
2.190E+00	3.683E-01	9.297E-01	0.000E+00	0.000E+00	-1.184E-04	5.922E-05	0.000E+00	0.000E+00	1.885E-05
2.200E+00	3.092E-01	9.510E-01	0.000E+00	0.000E+00	-1.184E-04	5.922E-05	0.000E+00	0.000E+00	1.885E-05
2.210E+00	2.489E-01	9.685E-01	0.000E+00	0.000E+00	-1.184E-04	5.922E-05	0.000E+00	0.000E+00	1.885E-05
2.220E+00	1.875E-01	9.823E-01	0.000E+00	0.000E+00	-1.184E-04	5.922E-05	0.000E+00	0.000E+00	1.885E-05
2.230E+00	1.255E-01	9.921E-01	0.000E+00	0.000E+00	-1.184E-04	5.922E-05	0.000E+00	0.000E+00	1.885E-05
2.240E+00	6.296E-02	9.980E-01	0.000E+00	0.000E+00	-1.184E-04	5.922E-05	0.000E+00	0.000E+00	1.885E-05
2.250E+00	1.663E-04	1.000E+00	0.000E+00	0.000E+00	-1.184E-04	5.922E-05	0.000E+00	0.000E+00	1.885E-05
2.260E+00	-6.262E-02	9.980E-01	0.000E+00	0.000E+00	-1.184E-04	5.922E-05	0.000E+00	0.000E+00	1.885E-05
2.270E+00	-1.252E-01	9.921E-01	0.000E+00	0.000E+00	-1.184E-04	5.922E-05	0.000E+00	0.000E+00	1.885E-05
2.280E+00	-1.872E-01	9.823E-01	0.000E+00	0.000E+00	-1.184E-04	5.922E-05	0.000E+00	0.000E+00	1.885E-05
2.290E+00	-2.485E-01	9.686E-01	0.000E+00	0.000E+00	-1.184E-04	5.922E-05	0.000E+00	0.000E+00	1.885E-05
2.300E+00	-3.089E-01	9.511E-01	0.000E+00	0.000E+00	-1.184E-04	5.922E-05	0.000E+00	0.000E+00	1.885E-05
2.310E+00	-3.680E-01	9.299E-01	0.000E+00	0.000E+00	-1.184E-04	5.922E-05	0.000E+00	0.000E+00	1.885E-05
2.320E+00	-4.256E-01	9.049E-01	0.000E+00	0.000E+00	-1.184E-04	5.922E-05	0.000E+00	0.000E+00	1.885E-05
2.330E+00	-4.816E-01	8.764E-01	0.000E+00	0.000E+00	-1.184E-04	5.922E-05	0.000E+00	0.000E+00	1.885E-05
2.340E+00	-5.357E-01	8.444E-01	0.000E+00	0.000E+00	-1.184E-04	5.922E-05	0.000E+00	0.000E+00	1.885E-05
2.350E+00	-5.877E-01	8.091E-01	0.000E+00	0.000E+00	-1.184E-04	5.922E-05	0.000E+00	0.000E+00	1.885E-05
2.360E+00	-6.373E-01	7.706E-01	0.000E+00	0.000E+00	-1.184E-04	5.922E-05	0.000E+00	0.000E+00	1.885E-05
2.370E+00	-6.844E-01	7.291E-01	0.000E+00	0.000E+00	-1.184E-04	5.922E-05	0.000E+00	0.000E+00	1.885E-05
2.380E+00	-7.289E-01	6.847E-01	0.000E+00	0.000E+00	-1.184E-04	5.922E-05	0.000E+00	0.000E+00	1.885E-05
2.390E+00	-7.704E-01	6.376E-01	0.000E+00	0.000E+00	-1.184E-04	5.922E-05	0.000E+00	0.000E+00	1.885E-05
2.400E+00	-8.089E-01	5.879E-01	0.000E+00	0.000E+00	-1.184E-04	5.922E-05	0.000E+00	0.000E+00	1.885E-05
2.410E+00	-8.442E-01	5.360E-01	0.000E+00	0.000E+00	-1.184E-04	5.922E-05	0.000E+00	0.000E+00	1.885E-05
2.420E+00	-8.762E-01	4.819E-01	0.000E+00	0.000E+00	-1.184E-04	5.922E-05	0.000E+00	0.000E+00	1.885E-05
2.430E+00	-9.048E-01	4.260E-01	0.000E+00	0.000E+00	-1.184E-04	5.922E-05	0.000E+00	0.000E+00	1.885E-05
2.440E+00	-9.297E-01	3.683E-01	0.000E+00	0.000E+00	-1.184E-04	5.922E-05	0.000E+00	0.000E+00	1.885E-05
2.450E+00	-9.510E-01	3.092E-01	0.000E+00	0.000E+00	-1.184E-04	5.922E-05	0.000E+00	0.000E+00	1.885E-05
2.460E+00	-9.686E-01	2.489E-01	0.000E+00	0.000E+00	-1.184E-04	5.922E-05	0.000E+00	0.000E+00	1.885E-05
2.470E+00	-9.823E-01	1.876E-01	0.000E+00	0.000E+00	-1.184E-04	5.922E-05	0.000E+00	0.000E+00	1.885E-05
2.480E+00	-9.921E-01	1.255E-01	0.000E+00	0.000E+00	-1.184E-04	5.922E-05	0.000E+00	0.000E+00	1.885E-05
2.490E+00	-9.980E-01	6.300E-02	0.000E+00	0.000E+00	-1.184E-04	5.922E-05	0.000E+00	0.000E+00	1.885E-05
2.500E+00	-1.000E+00	2.067E-04	0.000E+00	0.000E+00	-1.184E-04	5.922E-05	0.000E+00	0.000E+00	1.885E-05
2.510E+00	-9.981E-01	-6.258E-02	0.000E+00	0.000E+00	-1.184E-04	5.922E-05	0.000E+00	0.000E+00	1.885E-05
2.520E+00	-9.922E-01	-1.251E-01	0.000E+00	0.000E+00	-1.184E-04	5.922E-05	0.000E+00	0.000E+00	1.885E-05
2.530E+00	-9.823E-01	-1.872E-01	0.000E+00	0.000E+00	-1.184E-04	5.922E-05	0.000E+00	0.000E+00	1.885E-05
2.540E+00	-9.687E-01	-2.485E-01	0.000E+00	0.000E+00	-1.184E-04	5.922E-05	0.000E+00	0.000E+00	1.885E-05
2.550E+00	-9.511E-01	-3.088E-01	0.000E+00	0.000E+00	-1.184E-04	5.922E-05	0.000E+00	0.000E+00	1.885E-05
2.560E+00	-9.299E-01	-3.679E-01	0.000E+00	0.000E+00	-1.184E-04	5.922E-05	0.000E+00	0.000E+00	1.885E-05
2.570E+00	-9.049E-01	-4.256E-01	0.000E+00	0.000E+00	-1.184E-04	5.922E-05	0.000E+00	0.000E+00	1.885E-05
2.580E+00	-8.764E-01	-4.816E-01	0.000E+00	0.000E+00	-1.184E-04	5.922E-05	0.000E+00	0.000E+00	1.885E-05
2.590E+00	-8.445E-01	-5.356E-01	0.000E+00	0.000E+00	-1.184E-04	5.922E-05	0.000E+00	0.000E+00	1.885E-05
2.600E+00	-8.092E-01	-5.876E-01	0.000E+00	0.000E+00	-1.184E-04	5.922E-05	0.000E+00	0.000E+00	1.885E-05
2.610E+00	-7.707E-01	-6.373E-01	0.000E+00	0.000E+00	-1.184E-04	5.922E-05	0.000E+00	0.000E+00	1.885E-05
2.620E+00	-7.291E-01	-6.844E-01	0.000E+00	0.000E+00	-1.184E-04	5.922E-05	0.000E+00	0.000E+00	1.885E-05
2.630E+00	-6.847E-01	-7.288E-01	0.000E+00	0.000E+00	-1.184E-04	5.922E-05	0.000E+00	0.000E+00	1.885E-05
2.640E+00	-6.376E-01	-7.704E-01	0.000E+00	0.000E+00	-1.184E-04	5.922E-05	0.000E+00	0.000E+00	1.885E-05
2.650E+00	-5.880E-01	-8.089E-01	0.000E+00	0.000E+00	-1.184E-04	5.922E-05	0.000E+00	0.000E+00	1.885E-05
2.660E+00	-5.360E-01	-8.442E-01	0.000E+00	0.000E+00	-1.184E-04	5.922E-05	0.000E+00	0.000E+00	1.885E-05
2.670E+00	-4.820E-01	-8.762E-01	0.000E+00	0.000E+00	-1.184E-04	5.922E-05	0.000E+00	0.000E+00	1.885E-05
2.680E+00	-4.260E-01	-9.047E-01	0.000E+00	0.000E+00	-1.184E-04	5.922E-05	0.000E+00	0.000E+00	1.885E-05
2.690E+00	-3.684E-01	-9.297E-01	0.000E+00	0.000E+00	-1.184E-04	5.922E-05	0.000E+00	0.000E+00	1.885E-05
2.700E+00	-3.093E-01	-9.510E-01	0.000E+00	0.000E+00	-1.184E-04	5.922E-05	0.000E+00	0.000E+00	1.885E-05
2.710E+00	-2.489E-01	-9.685E-01	0.000E+00	0.000E+00	-1.184E-04	5.922E-05	0.000E+00	0.000E+00	1.885E-05
2.720E+00	-1.876E-01	-9.823E-01	0.000E+00	0.000E+00	-1.184E-04	5.922E-05	0.000E+00	0.000E+00	1.885E-05
2.730E+00	-1.256E-01	-9.921E-01	0.000E+00	0.000E+00	-1.184E-04	5.922E-05	0.000E+00	0.000E+00	1.885E-05
2.740E+00	-6.304E-02	-9.980E-01	0.000E+00	0.000E+00	-1.184E-04	5.922E-05	0.000E+00	0.000E+00	1.885E-05
2.750E+00	-2.471E-04	-1.000E+00	0.000E+00	0.000E+00	-1.184E-04	5.922E-05	0.000E+00	0.000E+00	1.885E-05
2.760E+00	6.254E-02	-9.981E-01	0.000E+00	0.000E+00	-1.184E-04	5.922E-05	0.000E+00	0.000E+00	1.885E-05
2.770E+00	1.251E-01	-9.922E-01	0.000E+00	0.000E+00	-1.184E-04	5.922E-05	0.000E+00	0.000E+00	1.885E-05
2.780E+00	1.871E-01	-9.823E-01	0.000E+00	0.000E+00	-1.184E-04	5.922E-05	0.000E+00	0.000E+00	1.885E-05
2.790E+00	2.484E-01	-9.687E-01	0.000E+00	0.000E+00	-1.184E-04	5.922E-05	0.000E+00	0.000E+00	1.885E-05
2.800E+00	3.088E-01	-9.511E-01	0.000E+00	0.000E+00	-1.184E-04	5.922E-05	0.000E+00	0.000E+00	1.885E-05
2.810E+00	3.679E-01	-9.299E-01	0.000E+00	0.000E+00	-1.184E-04	5.922E-05	0.000E+00	0.000E+00	1.885E-05
2.820E+00	4.256E-01	-9.049E-01	0.000E+00	0.000E+00	-1.184E-04	5.922E-05	0.000E+00	0.000E+00	1.885E-05
2.830E+00	4.815E-01	-8.764E-01	0.000E+00	0.000E+00	-1.184E-04	5.922E-05	0.000E+00	0.000E+00	1.885E-05
2.840E+00	5.356E-01	-8.445E-01	0.000E+00	0.000E+00	-1.184E-04	5.922E-05	0.000E+00	0.000E+00	1.885E-05
2.850E+00	5.876E-01	-8.092E-01	0.000E+00	0.000E+00	-1.184E-04	5.922E-05	0.000E+00	0.000E+00	1.885E-05
2.860E+00	6.372E-01	-7.707E-01	0.000E+00	0.000E+00	-1.184E-04	5.922E-05	0.000E+00	0.000E+00	1.885E-05
2.870E+00	6.844E-01	-7.291E-01	0.000E+00	0.000E+00	-1.184E-04	5.922E-05	0.000E+00	0.000E+00	1.885E-05
2.880E+00	7.288E-01	-6.847E-01	0.000E+00	0.000E+00	-1.184E-04	5.922E-05	0.000E+00	0.000E+00	1.885E-05
2.890E+00	7.704E-01	-6.376E-01	0.000E+00	0.000E+00	-1.184E-04	5.922E-05	0.000E+00	0.000E+00	1.885E-05
2.900E+00	8.089E-01	-5.880E-01	0.000E+00	0.000E+00	-1.184E-04	5.922E-05	0.000E+00	0.000E+00	1.885E-05
2.910E+00	8.442E-01	-5.360E-01	0.000E+00	0.000E+00	-1.184E-04	5.922E-05	0.000E+00	0.000E+00	1.885E-05
2.920E+00	8.762E-01	-4.820E-01	0.000E+00	0.000E+00	-1.184E-04	5.922E-05	0.000E+00	0.000E+00	1.885E-05
2.930E+00	9.047E-01	-4.260E-01	0.000E+00	0.000E+00	-1.184E-04	5.922E-05	0.000E+00	0.000E+00	1.885E-05
2.940E+00	9.297E-01	-3.684E-01	0.000E+00	0.000E+00	-1.184E-04	5.922E-05	0.000E+00	0.000E+00	1.885E-05
2.950E+00	9.510E-01	-3.093E-01	0.000E+00	0.000E+00	-1.184E-04	5.922E-05	0.000E+00	0.000E+00	1.885E-05
2.960E+00	9.685E-01	-2.489E-01	0.000E+00	0.000E+00	-1.184E-04	5.922E-05	0.000E+00	0.000E+00	1.885E-05
2.970E+00	9.822E-01	-1.876E-01	0.000E+00	0.000E+00	-1.184E-04	5.922E-05	0.000E+00	0.000E+00	1.885E-05
2.980E+00	9.921E-01	-1.256E-01	0.000E+00	0.000E+00	-1.184E-04	5.922E-05	0.000E+00	0.000E+00	1.885E-05
2.990E+00	9.980E-01	-6.304E-02	0.000E+00	0.000E+00	-1.184E-04	5.922E-05	0.000E+00	0.000E+00	1.885E-05
3.000E+00	1.000E+00	-2.480E-04	0.000E+00	0.000E+00	-1.184E-04	5.922E-05	0.000E+00	0.000E+00	1.885E-05
3.010E+00	9.980E-01	6.254E-02	0.000E+00	0.000E+00	-1.184E-04	5.922E-05	0.000E+00	0.000E+00	1.885E-05
3.020E+00	9.921E-01	1.251E-01	0.000E+00	0.000E+00	-1.184E-04	5.922E-05	0.000E+00	0.000E+00	1.885E-05
3.030E+00	9.823E-01	1.871E-01	0.000E+00	0.000E+00	-1.184E-04	5.922E-05	0.000E+00	0.000E+00	1.885E-05
3.040E+00	9.686E-01	2.485E-01	0.000E+00	0.000E+00	-1.184E-04	5.922E-05	0.000E+00	0.000E+00	1.885E-05
3.050E+00	9.511E-01	3.088E-01	0.000E+00	0.000E+00	-1.184E-04	5.922E-05	0.000E+00	0.000E+00	1.885E-05
3.060E+00	9.299E-01	3.679E-01	0.000E+00	0.000E+00	-1.184E-04	5.922E-05	0.000E+00	0.000E+00	1.885E-05
3.070E+00	9.049E-01	4.256E-01	0.000E+00	0.000E+00	-1.184E-04	5.922E-05	0.000E+00	0.000E+00	1.885E-05
3.080E+00	8.764E-01	4.815E-01	0.000E+00	0.000E+00	-1.184E-04	5.922E-05	0.000E+00	0.000E+00	1.885E-05
3.090E+00	8.445E-01	5.356E-01	0.000E+00	0.000E+00	-1.184E-04	5.922E-05	0.000E+00	0.000E+00	1.885E-05
3.100E+00	8.092E-01	5.876E-01	0.000E+00	0.000E+00	-1.184E-04	5.922E-05	0.000E+00	0.000E+00	1.885E-05
3.110E+00	7.707E-01	6.372E-01	0.000E+00	0.000E+00	-1.184E-04	5.922E-05	0.000E+00	0.000E+00	1.885E-05
3.120E+00	7.291E-01	6.844E-01	0.000E+00	0.000E+00	-1.184E-04	5.922E-05	0.000E+00	0.000E+00	1.885E-05
3.130E+00	6.847E-01	7.288E-01	0.000E+00	0.000E+00	-1.184E-04	5.922E-05	0.000E+00	0.000E+00	1.885E-05
3.140E+00	6.376E-01	7.704E-01	0.000E+00	0.000E+00	-1.184E-04	5.922E-05	0.000E+00	0.000E+00	1.885E-05
3.150E+00	5.880E-01	8.089E-01	0.000E+00	0.000E+00	-1.184E-04	5.922E-05	0.000E+00	0.000E+00	1.885E-05
3.160E+00	5.360E-01	8.442E-01	0.000E+00	0.000E+00	-1.184E-04	5.922E-05	0.000E+00	0.000E+00	1.885E-05
3.170E+00	4.820E-01	8.762E-01	0.000E+00	0.000E+00	-1.184E-04	5.922E-05	0.000E+00	0.000E+00	1.885E-05
3.180E+00	4.260E-01	9.047E-01	0.000E+00	0.000E+00	-1.184E-04	5.922E-05	0.000E+00	0.000E+00	1.885E-05
3.190E+00	3.684E-01	9.297E-01	0.000E+00	0.000E+00	-1.184E-04	5.922E-05	0.000E+00	0.000E+00	1.885E-05
3.200E+00	3.093E-01	9.510E-01	0.000E+00	0.000E+00	-1.184E-04	5.922E-05	0.000E+00	0.000E+00	1.885E-05
3.210E+00	2.489E-01	9.685E-01	0.000E+00	0.000E+00	-1.184E-04	5.922E-05	0.000E+00	0.000E+00	1.885E-05
3.220E+00	1.876E-01	9.822E-01	0.000E+00	0.000E+00	-1.184E-04	5.922E-05	0.000E+00	0.000E+00	1.885E-05
3.230E+00	1.256E-01	9.921E-01	0.000E+00	0.000E+00	-1.184E-04	5.922E-05	0.000E+00	0.000E+00	1.885E-05
3.240E+00	6.304E-02	9.980E-01	0.000E+00	0.000E+00	-1.184E-04	5.922E-05	0.000E+00	0.000E+00	1.885E-05
3.250E+00	2.490E-04	1.000E+00	0.000E+00	0.000E+00	-1.184E-04	5.922E-05	0.000E+00	0.000E+00	1.885E-05
3.260E+00	-6.254E-02	9.981E-01	0.000E+00	0.000E+00	-1.184E-04	5.922E-05	0.000E+00	0.000E+00	1.885E-05
3.270E+00	-1.251E-01	9.922E-01	0.000E+00	0.000E+00	-1.184E-04	5.922E-05	0.000E+00	0.000E+00	1.885E-05
3.280E+00	-1.871E-01	9.823E-01	0.000E+00	0.000E+00	-1.184E-04	5.922E-05	0.000E+00	0.000E+00	1.885E-05
3.290E+00	-2.484E-01	9.687E-01	0.000E+00	0.000E+00	-1.184E-04	5.922E-05	0.000E+00	0.000E+00	1.885E-05
3.300E+00	-3.088E-01	9.511E-01	0.000E+00	0.000E+00	-1.184E-04	5.922E-05	0.000E+00	0.000E+00	1.885E-05
3.310E+00	-3.679E-01	9.299E-01	0.000E+00	0.000E+00	-1.184E-04	5.922E-05	0.000E+00	0.000E+00	1.885E-05
3.320E+00	-4.256E-01	9.049E-01	0.000E+00	0.000E+00	-1.184E-04	5.922E-05	0.000E+00	0.000E+00	1.885E-05
3.330E+00	-4.815E-01	8.764E-01	0.000E+00	0.000E+00	-1.184E-04	5.922E-05	0.000E+00	0.000E+00	1.885E-05
3.340E+00	-5.356E-01	8.445E-01	0.000E+00	0.000E+00	-1.184E-04	5.922E-05	0.000E+00	0.000E+00	1.885E-05
3.350E+00	-5.876E-01	8.092E-01	0.000E+00	0.000E+00	-1.184E-04	5.922E-05	0.000E+00	0.000E+00	1.885E-05
3.360E+00	-6.372E-01	7.707E-01	0.000E+00	0.000E+00	-1.184E-04	5.922E-05	0.000E+00	0.000E+00	1.885E-05
3.370E+00	-6.844E-01	7.292E-01	0.000E+00	0.000E+00	-1.184E-04	5.922E-05	0.000E+00	0.000E+00	1.885E-05
3.380E+00	-7.288E-01	6.848E-01	0.000E+00	0.000E+00	-1.184E-04	5.922E-05	0.000E+00	0.000E+00	1.885E-05
3.390E+00	-7.704E-01	6.376E-01	0.000E+00	0.000E+00	-1.184E-04	5.922E-05	0.000E+00	0.000E+00	1.885E-05
3.400E+00	-8.089E-01	5.880E-01	0.000E+00	0.000E+00	-1.184E-04	5.922E-05	0.000E+00	0.000E+00	1.885E-05
3.410E+00	-8.442E-01	5.361E-01	0.000E+00	0.000E+00	-1.184E-04	5.922E-05	0.000E+00	0.000E+00	1.885E-05
3.420E+00	-8.762E-01	4.820E-01	0.000E+00	0.000E+00	-1.184E-04	5.922E-05	0.000E+00	0.000E+00	1.885E-05
3.430E+00	-9.047E-01	4.260E-01	0.000E+00	0.000E+00	-1.184E-04	5.922E-05	0.000E+00	0.000E+00	1.885E-05
3.440E+00	-9.297E-01	3.684E-01	0.000E+00	0.000E+00	-1.184E-04	5.922E-05	0.000E+00	0.000E+00	1.885E-05
3.450E+00	-9.510E-01	3.093E-01	0.000E+00	0.000E+00	-1.184E-04	5.922E-05	0.000E+00	0.000E+00	1.885E-05
3.460E+00	-9.685E-01	2.490E-01	0.000E+00	0.000E+00	-1.184E-04	5.922E-05	0.000E+00	0.000E+00	1.885E-05
3.470E+00	-9.823E-01	1.877E-01	0.000E+00	0.000E+00	-1.184E-04	5.922E-05	0.000E+00	0.000E+00	1.885E-05
3.480E+00	-9.921E-01	1.256E-01	0.000E+00	0.000E+00	-1.184E-04	5.922E-05	0.000E+00	0.000E+00	1.885E-05
3.490E+00	-9.980E-01	6.308E-02	0.000E+00	0.000E+00	-1.184E-04	5.922E-05	0.000E+00	0.000E+00	1.885E-05
3.500E+00	-1.000E+00	2.894E-04	0.000E+00	0.000E+00	-1.184E-04	5.922E-05	0.000E+00	0.000E+00	1.885E-05
3.510E+00	-9.981E-01	-6.250E-02	0.000E+00	0.000E+00	-1.184E-04	5.922E-05	0.000E+00	0.000E+00	1.885E-05
3.520E+00	-9.922E-01	-1.250E-01	0.000E+00	0.000E+00	-1.184E-04	5.922E-05	0.000E+00	0.000E+00	1.885E-05
3.530E+00	-9.824E-01	-1.871E-01	0.000E+00	0.000E+00	-1.184E-04	5.922E-05	0.000E+00	0.000E+00	1.885E-05
3.540E+00	-9.687E-01	-2.484E-01	0.000E+00	0.000E+00	-1.184E-04	5.922E-05	0.000E+00	0.000E+00	1.885E-05
3.550E+00	-9.512E-01	-3.087E-01	0.000E+00	0.000E+00	-1.184E-04	5.922E-05	0.000E+00	0.000E+00	1.885E-05
3.560E+00	-9.299E-01	-3.679E-01	0.000E+00	0.000E+00	-1.184E-04	5.922E-05	0.000E+00	0.000E+00	1.885E-05
3.570E+00	-9.050E-01	-4.255E-01	0.000E+00	0.000E+00	-1.184E-04	5.922E-05	0.000E+00	0.000E+00	1.885E-05
3.580E+00	-8.765E-01	-4.815E-01	0.000E+00	0.000E+00	-1.184E-04	5.922E-05	0.000E+00	0.000E+00	1.885E-05
3.590E+00	-8.445E-01	-5.356E-01	0.000E+00	0.000E+00	-1.184E-04	5.922E-05	0.000E+00	0.000E+00	1.885E-05
3.600E+00	-8.092E-01	-5.875E-01	0.000E+00	0.000E+00	-1.184E-04	5.922E-05	0.000E+00	0.000E+00	1.885E-05
3.610E+00	-7.707E-01	-6.372E-01	0.000E+00	0.000E+00	-1.184E-04	5.922E-05	0.000E+00	0.000E+00	1.885E-05
3.620E+00	-7.292E-01	-6.843E-01	0.000E+00	0.000E+00	-1.184E-04	5.922E-05	0.000E+00	0.000E+00	1.885E-05
3.630E+00	-6.848E-01	-7.288E-01	0.000E+00	0.000E+00	-1.184E-04	5.922E-05	0.000E+00	0.000E+00	1.885E-05
3.640E+00	-6.377E-01	-7.703E-01	0.000E+00	0.000E+00	-1.184E-04	5.922E-05	0.000E+00	0.000E+00	1.885E-05
3.650E+00	-5.881E-01	-8.088E-01	0.000E+00	0.000E+00	-1.184E-04	5.922E-05	0.000E+00	0.000E+00	1.885E-05
3.660E+00	-5.361E-01	-8.442E-01	0.000E+00	0.000E+00	-1.184E-04	5.922E-05	0.000E+00	0.000E+00	1.885E-05
3.670E+00	-4.820E-01	-8.762E-01	0.000E+00	0.000E+00	-1.184E-04	5.922E-05	0.000E+00	0.000E+00	1.885E-05
3.680E+00	-4.261E-01	-9.047E-01	0.000E+00	0.000E+00	-1.184E-04	5.922E-05	0.000E+00	0.000E+00	1.885E-05
3.690E+00	-3.684E-01	-9.297E-01	0.000E+00	0.000E+00	-1.184E-04	5.922E-05	0.000E+00	0.000E+00	1.885E-05
3.700E+00	-3.093E-01	-9.510E-01	0.000E+00	0.000E+00	-1.184E-04	5.922E-05	0.000E+00	0.000E+00	1.885E-05
3.710E+00	-2.490E-01	-9.685E-01	0.000E+00	0.000E+00	-1.184E-04	5.922E-05	0.000E+00	0.000E+00	1.885E-05
3.720E+00	-1.877E-01	-9.822E-01	0.000E+00	0.000E+00	-1.184E-04	5.922E-05	0.000E+00	0.000E+00	1.885E-05
3.730E+00	-1.257E-01	-9.921E-01	0.000E+00	0.000E+00	-1.184E-04	5.922E-05	0.000E+00	0.000E+00	1.885E-05
3.740E+00	-6.312E-02	-9.980E-01	0.000E+00	0.000E+00	-1.184E-04	5.922E-05	0.000E+00	0.000E+00	1.885E-05
3.750E+00	-3.298E-04	-1.000E+00	0.000E+00	0.000E+00	-1.184E-04	5.922E-05	0.000E+00	0.000E+00	1.885E-05
3.760E+00	6.246E-02	-9.981E-01	0.000E+00	0.000E+00	-1.184E-04	5.922E-05	0.000E+00	0.000E+00	1.885E-05
3.770E+00	1.250E-01	-9.922E-01	0.000E+00	0.000E+00	-1.184E-04	5.922E-05	0.000E+00	0.000E+00	1.885E-05
3.780E+00	1.871E-01	-9.824E-01	0.000E+00	0.000E+00	-1.184E-04	5.922E-05	0.000E+00	0.000E+00	1.885E-05
3.790E+00	2.484E-01	-9.687E-01	0.000E+00	0.000E+00	-1.184E-04	5.922E-05	0.000E+00	0.000E+00	1.885E-05
3.800E+00	3.087E-01	-9.512E-01	0.000E+00	0.000E+00	-1.184E-04	5.922E-05	0.000E+00	0.000E+00	1.885E-05
3.810E+00	3.678E-01	-9.299E-01	0.000E+00	0.000E+00	-1.184E-04	5.922E-05	0.000E+00	0.000E+00	1.885E-05
3.820E+00	4.255E-01	-9.050E-01	0.000E+00	0.000E+00	-1.184E-04	5.922E-05	0.000E+00	0.000E+00	1.885E-05
3.830E+00	4.815E-01	-8.765E-01	0.000E+00	0.000E+00	-1.184E-04	5.922E-05	0.000E+00	0.000E+00	1.885E-05
3.840E+00	5.355E-01	-8.445E-01	0.000E+00	0.000E+00	-1.184E-04	5.922E-05	0.000E+00	0.000E+00	1.885E-05
3.850E+00	5.875E-01	-8.092E-01	0.000E+00	0.000E+00	-1.184E-04	5.922E-05	0.000E+00	0.000E+00	1.885E-05
3.860E+00	6.372E-01	-7.707E-01	0.000E+00	0.000E+00	-1.184E-04	5.922E-05	0.000E+00	0.000E+00	1.885E-05
3.870E+00	6.843E-01	-7.292E-01	0.000E+00	0.000E+00	-1.184E-04	5.922E-05	0.000E+00	0.000E+00	1.885E-05
3.880E+00	7.287E-01	-6.848E-01	0.000E+00	0.000E+00	-1.184E-04	5.922E-05	0.000E+00	0.000E+00	1.885E-05
3.890E+00	7.703E-01	-6.377E-01	0.000E+00	0.000E+00	-1.184E-04	5.922E-05	0.000E+00	0.000E+00	1.885E-05
3.900E+00	8.088E-01	-5.881E-01	0.000E+00	0.000E+00	-1.184E-04	5.922E-05	0.000E+00	0.000E+00	1.885E-05
3.910E+00	8.442E-01	-5.361E-01	0.000E+00	0.000E+00	-1.184E-04	5.922E-05	0.000E+00	0.000E+00	1.885E-05
3.920E+00	8.761E-01	-4.820E-01	0.000E+00	0.000E+00	-1.184E-04	5.922E-05	0.000E+00	0.000E+00	1.885E-05
3.930E+00	9.047E-01	-4.261E-01	0.000E+00	0.000E+00	-1.184E-04	5.922E-05	0.000E+00	0.000E+00	1.885E-05
3.940E+00	9.297E-01	-3.684E-01	0.000E+00	0.000E+00	-1.184E-04	5.922E-05	0.000E+00	0.000E+00	1.885E-05
3.950E+00	9.510E-01	-3.093E-01	0.000E+00	0.000E+00	-1.184E-04	5.922E-05	0.000E+00	0.000E+00	1.885E-05
3.960E+00	9.685E-01	-2.490E-01	0.000E+00	0.000E+00	-1.184E-04	5.922E-05	0.000E+00	0.000E+00	1.885E-05
3.970E+00	9.822E-01	-1.877E-01	0.000E+00	0.000E+00	-1.184E-04	5.922E-05	0.000E+00	0.000E+00	1.885E-05
3.980E+00	9.921E-01	-1.257E-01	0.000E+00	0.000E+00	-1.184E-04	5.922E-05	0.000E+00	0.000E+00	1.885E-05
3.990E+00	9.980E-01	-6.312E-02	0.000E+00	0.000E+00	-1.184E-04	5.922E-05	0.000E+00	0.000E+00	1.885E-05
4.000E+00	1.000E+00	-3.307E-04	0.000E+00	0.000E+00	-1.184E-04	5.922E-05	0.000E+00	0.000E+00	1.885E-05
4.010E+00	9.980E-01	6.246E-02	0.000E+00	0.000E+00	-1.184E-04	5.922E-05	0.000E+00	0.000E+00	1.885E-05
4.020E+00	9.922E-01	1.250E-01	0.000E+00	0.000E+00	-1.184E-04	5.922E-05	0.000E+00	0.000E+00	1.885E-05
4.030E+00	9.823E-01	1.871E-01	0.000E+00	0.000E+00	-1.184E-04	5.922E-05	0.000E+00	0.000E+00	1.885E-05
4.040E+00	9.687E-01	2.484E-01	0.000E+00	0.000E+00	-1.184E-04	5.922E-05	0.000E+00	0.000E+00	1.885E-05
4.050E+00	9.512E-01	3.087E-01	0.000E+00	0.000E+00	-1.184E-04	5.922E-05	0.000E+00	0.000E+00	1.885E-05
4.060E+00	9.299E-01	3.678E-01	0.000E+00	0.000E+00	-1.184E-04	5.922E-05	0.000E+00	0.000E+00	1.885E-05
4.070E+00	9.050E-01	4.255E-01	0.000E+00	0.000E+00	-1.184E-04	5.922E-05	0.000E+00	0.000E+00	1.885E-05
4.080E+00	8.765E-01	4.815E-01	0.000E+00	0.000E+00	-1.184E-04	5.922E-05	0.000E+00	0.000E+00	1.885E-05
4.090E+00	8.445E-01	5.356E-01	0.000E+00	0.000E+00	-1.184E-04	5.922E-05	0.000E+00	0.000E+00	1.885E-05
4.100E+00	8.092E-01	5.875E-01	0.000E+00	0.000E+00	-1.184E-04	5.922E-05	0.000E+00	0.000E+00	1.885E-05
4.110E+00	7.707E-01	6.372E-01	0.000E+00	0.000E+00	-1.184E-04	5.922E-05	0.000E+00	0.000E+00	1.885E-05
4.120E+00	7.292E-01	6.843E-01	0.000E+00	0.000E+00	-1.184E-04	5.922E-05	0.000E+00	0.000E+00	1.885E-05
4.130E+00	6.848E-01	7.287E-01	0.000E+00	0.000E+00	-1.184E-04	5.922E-05	0.000E+00	0.000E+00	1.885E-05
4.140E+00	6.377E-01	7.703E-01	0.000E+00	0.000E+00	-1.184E-04	5.922E-05	0.000E+00	0.000E+00	1.885E-05
4.150E+00	5.881E-01	8.088E-01	0.000E+00	0.000E+00	-1.184E-04	5.922E-05	0.000E+00	0.000E+00	1.885E-05
4.160E+00	5.361E-01	8.442E-01	0.000E+00	0.000E+00	-1.184E-04	5.922E-05	0.000E+00	0.000E+00	1.885E-05
4.170E+00	4.820E-01	8.762E-01	0.000E+00	0.000E+00	-1.184E-04	5.922E-05	0.000E+00	0.000E+00	1.885E-05
4.180E+00	4.261E-01	9.047E-01	0.000E+00	0.000E+00	-1.184E-04	5.922E-05	0.000E+00	0.000E+00	1.885E-05
4.190E+00	3.684E-01	9.297E-01	0.000E+00	0.000E+00	-1.184E-04	5.922E-05	0.000E+00	0.000E+00	1.885E-05
4.200E+00	3.093E-01	9.510E-01	0.000E+00	0.000E+00	-1.184E-04	5.922E-05	0.000E+00	0.000E+00	1.885E-05
4.210E+00	2.490E-01	9.685E-01	0.000E+00	0.000E+00	-1.184E-04	5.922E-05	0.000E+00	0.000E+00	1.885E-05
4.220E+00	1.877E-01	9.822E-01	0.000E+00	0.000E+00	-1.184E-04	5.922E-05	0.000E+00	0.000E+00	1.885E-05
4.230E+00	1.257E-01	9.921E-01	0.000E+00	0.000E+00	-1.184E-04	5.922E-05	0.000E+00	0.000E+00	1.885E-05
4.240E+00	6.312E-02	9.980E-01	0.000E+00	0.000E+00	-1.184E-04	5.922E-05	0.000E+00	0.000E+00	1.885E-05
4.250E+00	3.317E-04	1.000E+00	0.000E+00	0.000E+00	-1.184E-04	5.922E-05	0.000E+00	0.000E+00	1.885E-05
4.260E+00	-6.246E-02	9.981E-01	0.000E+00	0.000E+00	-1.184E-04	5.922E-05	0.000E+00	0.000E+00	1.885E-05
4.270E+00	-1.250E-01	9.922E-01	0.000E+00	0.000E+00	-1.184E-04	5.922E-05	0.000E+00	0.000E+00	1.885E-05
4.280E+00	-1.871E-01	9.824E-01	0.000E+00	0.000E+00	-1.184E-04	5.922E-05	0.000E+00	0.000E+00	1.885E-05
4.290E+00	-2.484E-01	9.687E-01	0.000E+00	0.000E+00	-1.184E-04	5.922E-05	0.000E+00	0.000E+00	1.885E-05
4.300E+00	-3.087E-01	9.512E-01	0.000E+00	0.000E+00	-1.184E-04	5.922E-05	0.000E+00	0.000E+00	1.885E-05
4.310E+00	-3.678E-01	9.299E-01	0.000E+00	0.000E+00	-1.184E-04	5.922E-05	0.000E+00	0.000E+00	1.885E-05
4.320E+00	-4.255E-01	9.050E-01	0.000E+00	0.000E+00	-1.184E-04	5.922E-05	0.000E+00	0.000E+00	1.885E-05
4.330E+00	-4.815E-01	8.765E-01	0.000E+00	0.000E+00	-1.184E-04	5.922E-05	0.000E+00	0.000E+00	1.885E-05
4.340E+00	-5.355E-01	8.445E-01	0.000E+00	0.000E+00	-1.184E-04	5.922E-05	0.000E+00	0.000E+00	1.885E-05
4.350E+00	-5.875E-01	8.092E-01	0.000E+00	0.000E+00	-1.184E-04	5.922E-05	0.000E+00	0.000E+00	1.885E-05
4.360E+00	-6.372E-01	7.707E-01	0.000E+00	0.000E+00	-1.184E-04	5.922E-05	0.000E+00	0.000E+00	1.885E-05
4.370E+00	-6.843E-01	7.292E-01	0.000E+00	0.000E+00	-1.184E-04	5.922E-05	0.000E+00	0.000E+00	1.885E-05
4.380E+00	-7.287E-01	6.848E-01	0.000E+00	0.000E+00	-1.184E-04	5.922E-05	0.000E+00	0.000E+00	1.885E-05
4.390E+00	-7.703E-01	6.377E-01	0.000E+00	0.000E+00	-1.184E-04	5.922E-05	0.000E+00	0.000E+00	1.885E-05
4.400E+00	-8.088E-01	5.881E-01	0.000E+00	0.000E+00	-1.184E-04	5.922E-05	0.000E+00	0.000E+00	1.885E-05
4.410E+00	-8.442E-01	5.361E-01	0.000E+00	0.000E+00	-1.184E-04	5.922E-05	0.000E+00	0.000E+00	1.885E-05
4.420E+00	-8.762E-01	4.821E-01	0.000E+00	0.000E+00	-1.184E-04	5.922E-05	0.000E+00	0.000E+00	1.885E-05
4.430E+00	-9.047E-01	4.261E-01	0.000E+00	0.000E+00	-1.184E-04	5.922E-05	0.000E+00	0.000E+00	1.885E-05
4.440E+00	-9.297E-01	3.685E-01	0.000E+00	0.000E+00	-1.184E-04	5.922E-05	0.000E+00	0.000E+00	1.885E-05
4.450E+00	-9.510E-01	3.094E-01	0.000E+00	0.000E+00	-1.184E-04	5.922E-05	0.000E+00	0.000E+00	1.885E-05
4.460E+00	-9.685E-01	2.490E-01	0.000E+00	0.000E+00	-1.184E-04	5.922E-05	0.000E+00	0.000E+00	1.885E-05
4.470E+00	-9.822E-01	1.877E-01	0.000E+00	0.000E+00	-1.184E-04	5.922E-05	0.000E+00	0.000E+00	1.885E-05
4.480E+00	-9.921E-01	1.257E-01	0.000E+00	0.000E+00	-1.184E-04	5.922E-05	0.000E+00	0.000E+00	1.885E-05
4.490E+00	-9.980E-01	6.316E-02	0.000E+00	0.000E+00	-1.184E-04	5.922E-05	0.000E+00	0.000E+00	1.885E-05
4.500E+00	-1.000E+00	3.721E-04	0.000E+00	0.000E+00	-1.184E-04	5.922E-05	0.000E+00	0.000E+00	1.885E-05
4.510E+00	-9.981E-01	-6.242E-02	0.000E+00	0.000E+00	-1.184E-04	5.922E-05	0.000E+00	0.000E+00	1.885E-05
4.520E+00	-9.922E-01	-1.250E-01	0.000E+00	0.000E+00	-1.184E-04	5.922E-05	0.000E+00	0.000E+00	1.885E-05
4.530E+00	-9.824E-01	-1.870E-01	0.000E+00	0.000E+00	-1.184E-04	5.922E-05	0.000E+00	0.000E+00	1.885E-05
4.540E+00	-9.687E-01	-2.483E-01	0.000E+00	0.000E+00	-1.184E-04	5.922E-05	0.000E+00	0.000E+00	1.885E-05
4.550E+00	-9.512E-01	-3.087E-01	0.000E+00	0.000E+00	-1.184E-04	5.922E-05	0.000E+00	0.000E+00	1.885E-05
4.560E+00	-9.299E-01	-3.678E-01	0.000E+00	0.000E+00	-1.184E-04	5.922E-05	0.000E+00	0.000E+00	1.885E-05
4.570E+00	-9.050E-01	-4.254E-01	0.000E+00	0.000E+00	-1.184E-04	5.922E-05	0.000E+00	0.000E+00	1.885E-05
4.580E+00	-8.765E-01	-4.814E-01	0.000E+00	0.000E+00	-1.184E-04	5.922E-05	0.000E+00	0.000E+00	1.885E-05
4.590E+00	-8.446E-01	-5.355E-01	0.000E+00	0.000E+00	-1.184E-04	5.922E-05	0.000E+00	0.000E+00	1.885E-05
4.600E+00	-8.093E-01	-5.875E-01	0.000E+00	0.000E+00	-1.184E-04	5.922E-05	0.000E+00	0.000E+00	1.885E-05
4.610E+00	-7.708E-01	-6.371E-01	0.000E+00	0.000E+00	-1.184E-04	5.922E-05	0.000E+00	0.000E+00	1.885E-05
4.620E+00	-7.293E-01	-6.843E-01	0.000E+00	0.000E+00	-1.184E-04	5.922E-05	0.000E+00	0.000E+00	1.885E-05
4.630E+00	-6.848E-01	-7.287E-01	0.000E+00	0.000E+00	-1.184E-04	5.922E-05	0.000E+00	0.000E+00	1.885E-05
4.640E+00	-6.377E-01	-7.703E-01	0.000E+00	0.000E+00	-1.184E-04	5.922E-05	0.000E+00	0.000E+00	1.885E-05
4.650E+00	-5.881E-01	-8.088E-01	0.000E+00	0.000E+00	-1.184E-04	5.922E-05	0.000E+00	0.000E+00	1.885E-05
4.660E+00	-5.362E-01	-8.441E-01	0.000E+00	0.000E+00	-1.184E-04	5.922E-05	0.000E+00	0.000E+00	1.885E-05
4.670E+00	-4.821E-01	-8.761E-01	0.000E+00	0.000E+00	-1.184E-04	5.922E-05	0.000E+00	0.000E+00	1.885E-05
4.680E+00	-4.262E-01	-9.047E-01	0.000E+00	0.000E+00	-1.184E-04	5.922E-05	0.000E+00	0.000E+00	1.885E-05
4.690E+00	-3.685E-01	-9.296E-01	0.000E+00	0.000E+00	-1.184E-04	5.922E-05	0.000E+00	0.000E+00	1.885E-05
4.700E+00	-3.094E-01	-9.509E-01	0.000E+00	0.000E+00	-1.184E-04	5.922E-05	0.000E+00	0.000E+00	1.885E-05
4.710E+00	-2.491E-01	-9.685E-01	0.000E+00	0.000E+00	-1.184E-04	5.922E-05	0.000E+00	0.000E+00	1.885E-05
4.720E+00	-1.878E-01	-9.822E-01	0.000E+00	0.000E+00	-1.184E-04	5.922E-05	0.000E+00	0.000E+00	1.885E-05
4.730E+00	-1.257E-01	-9.921E-01	0.000E+00	0.000E+00	-1.184E-04	5.922E-05	0.000E+00	0.000E+00	1.885E-05
4.740E+00	-6.320E-02	-9.980E-01	0.000E+00	0.000E+00	-1.184E-04	5.922E-05	0.000E+00	0.000E+00	1.885E-05
4.750E+00	-4.125E-04	-1.000E+00	0.000E+00	0.000E+00	-1.184E-04	5.922E-05	0.000E+00	0.000E+00	1.885E-05
4.760E+00	6.238E-02	-9.981E-01	0.000E+00	0.000E+00	-1.184E-04	5.922E-05	0.000E+00	0.000E+00	1.885E-05
4.770E+00	1.249E-01	-9.922E-01	0.000E+00	0.000E+00	-1.184E-04	5.922E-05	0.000E+00	0.000E+00	1.885E-05
4.780E+00	1.870E-01	-9.824E-01	0.000E+00	0.000E+00	-1.184E-04	5.922E-05	0.000E+00	0.000E+00	1.885E-05
4.790E+00	2.483E-01	-9.687E-01	0.000E+00	0.000E+00	-1.184E-04	5.922E-05	0.000E+00	0.000E+00	1.885E-05
4.800E+00	3.086E-01	-9.512E-01	0.000E+00	0.000E+00	-1.184E-04	5.922E-05	0.000E+00	0.000E+00	1.885E-05
4.810E+00	3.677E-01	-9.299E-01	0.000E+00	0.000E+00	-1.184E-04	5.922E-05	0.000E+00	0.000E+00	1.885E-05
4.820E+00	4.254E-01	-9.050E-01	0.000E+00	0.000E+00	-1.184E-04	5.922E-05	0.000E+00	0.000E+00	1.885E-05
4.830E+00	4.814E-01	-8.765E-01	0.000E+00	0.000E+00	-1.184E-04	5.922E-05	0.000E+00	0.000E+00	1.885E-05
4.840E+00	5.355E-01	-8.446E-01	0.000E+00	0.000E+00	-1.184E-04	5.922E-05	0.000E+00	0.000E+00	1.885E-05
4.850E+00	5.875E-01	-8.093E-01	0.000E+00	0.000E+00	-1.184E-04	5.922E-05	0.000E+00	0.000E+00	1.885E-05
4.860E+00	6.371E-01	-7.708E-01	0.000E+00	0.000E+00	-1.184E-04	5.922E-05	0.000E+00	0.000E+00	1.885E-05
4.870E+00	6.842E-01	-7.293E-01	0.000E+00	0.000E+00	-1.184E-04	5.922E-05	0.000E+00	0.000E+00	1.885E-05
4.880E+00	7.287E-01	-6.849E-01	0.000E+00	0.000E+00	-1.184E-04	5.922E-05	0.000E+00	0.000E+00	1.885E-05
4.890E+00	7.702E-01	-6.377E-01	0.000E+00	0.000E+00	-1.184E-04	5.922E-05	0.000E+00	0.000E+00	1.885E-05
4.900E+00	8.088E-01	-5.881E-01	0.000E+00	0.000E+00	-1.184E-04	5.922E-05	0.000E+00	0.000E+00	1.885E-05
4.910E+00	8.441E-01	-5.362E-01	0.000E+00	0.000E+00	-1.184E-04	5.922E-05	0.000E+00	0.000E+00	1.885E-05
4.920E+00	8.761E-01	-4.821E-01	0.000E+00	0.000E+00	-1.184E-04	5.922E-05	0.000E+00	0.000E+00	1.885E-05
4.930E+00	9.047E-01	-4.262E-01	0.000E+00	0.000E+00	-1.184E-04	5.922E-05	0.000E+00	0.000E+00	1.885E-05
4.940E+00	9.296E-01	-3.685E-01	0.000E+00	0.000E+00	-1.184E-04	5.922E-05	0.000E+00	0.000E+00	1.885E-05
4.950E+00	9.509E-01	-3.094E-01	0.000E+00	0.000E+00	-1.184E-04	5.922E-05	0.000E+00	0.000E+00	1.885E-05
4.960E+00	9.685E-01	-2.491E-01	0.000E+00	0.000E+00	-1.184E-04	5.922E-05	0.000E+00	0.000E+00	1.885E-05
4.970E+00	9.822E-01	-1.878E-01	0.000E+00	0.000E+00	-1.184E-04	5.922E-05	0.000E+00	0.000E+00	1.885E-05
4.980E+00	9.921E-01	-1.257E-01	0.000E+00	0.000E+00	-1.184E-04	5.922E-05	0.000E+00	0.000E+00	1.885E-05
4.990E+00	9.980E-01	-6.320E-02	0.000E+00	0.000E+00	-1.184E-04	5.922E-05	0.000E+00	0.000E+00	1.885E-05
