t	earth_x	earth_y	earth_vx	earth_vy	sun_x	sun_y	jupiter_x	jupiter_y	K	U
0.000E+00	1.000E+00	0.000E+00	0.000E+00	6.283E+00	0.000E+00	0.000E+00	5.200E+00	0.000E+00	3.802E-02	-7.604E-02
1.000E-02	9.980E-01	6.279E-02	-3.943E-01	6.271E+00	0.000E+00	0.000E+00	5.200E+00	2.755E-02	3.802E-02	-7.604E-02
2.000E-02	9.921E-01	1.253E-01	-7.870E-01	6.234E+00	0.000E+00	0.000E+00	5.200E+00	5.511E-02	3.802E-02	-7.604E-02
3.000E-02	9.823E-01	1.874E-01	-1.177E+00	6.172E+00	0.000E+00	0.000E+00	5.199E+00	8.266E-02	3.802E-02	-7.604E-02
4.000E-02	9.686E-01	2.487E-01	-1.562E+00	6.086E+00	0.000E+00	0.000E+00	5.199E+00	1.102E-01	3.802E-02	-7.604E-02
5.000E-02	9.511E-01	3.090E-01	-1.940E+00	5.976E+00	0.000E+00	0.000E+00	5.198E+00	1.378E-01	3.802E-02	-7.604E-02
6.000E-02	9.298E-01	3.681E-01	-2.312E+00	5.842E+00	0.000E+00	0.000E+00	5.197E+00	1.653E-01	3.802E-02	-7.604E-02
7.000E-02	9.049E-01	4.258E-01	-2.674E+00	5.685E+00	0.000E+00	0.000E+00	5.196E+00	1.928E-01	3.802E-02	-7.604E-02
8.000E-02	8.764E-01	4.818E-01	-3.025E+00	5.506E+00	0.000E+00	0.000E+00	5.195E+00	2.204E-01	3.802E-02	-7.604E-02
9.000E-02	8.444E-01	5.358E-01	-3.365E+00	5.305E+00	0.000E+00	0.000E+00	5.194E+00	2.479E-01	3.802E-02	-7.604E-02
1.000E-01	8.091E-01	5.878E-01	-3.691E+00	5.083E+00	0.000E+00	0.000E+00	5.193E+00	2.754E-01	3.802E-02	-7.604E-02
1.100E-01	7.707E-01	6.374E-01	-4.002E+00	4.841E+00	0.000E+00	0.000E+00	5.191E+00	3.029E-01	3.802E-02	-7.604E-02
1.200E-01	7.291E-01	6.846E-01	-4.298E+00	4.580E+00	0.000E+00	0.000E+00	5.189E+00	3.304E-01	3.802E-02	-7.604E-02
1.300E-01	6.847E-01	7.290E-01	-4.577E+00	4.301E+00	0.000E+00	0.000E+00	5.188E+00	3.579E-01	3.802E-02	-7.604E-02
1.400E-01	6.377E-01	7.705E-01	-4.838E+00	4.005E+00	0.000E+00	0.000E+00	5.186E+00	3.854E-01	3.802E-02	-7.604E-02
1.500E-01	5.880E-01	8.090E-01	-5.080E+00	3.694E+00	0.000E+00	0.000E+00	5.184E+00	4.129E-01	3.802E-02	-7.604E-02
1.600E-01	5.361E-01	8.444E-01	-5.301E+00	3.367E+00	0.000E+00	0.000E+00	5.181E+00	4.403E-01	3.802E-02	-7.604E-02
1.700E-01	4.821E-01	8.763E-01	-5.502E+00	3.028E+00	0.000E+00	0.000E+00	5.179E+00	4.678E-01	3.802E-02	-7.604E-02
1.800E-01	4.262E-01	9.049E-01	-5.681E+00	2.676E+00	0.000E+00	0.000E+00	5.176E+00	4.952E-01	3.802E-02	-7.604E-02
1.900E-01	3.685E-01	9.298E-01	-5.838E+00	2.314E+00	0.000E+00	0.000E+00	5.174E+00	5.226E-01	3.802E-02	-7.604E-02
2.000E-01	3.095E-01	9.511E-01	-5.971E+00	1.943E+00	0.000E+00	0.000E+00	5.171E+00	5.500E-01	3.802E-02	-7.604E-02
2.100E-01	2.492E-01	9.687E-01	-6.081E+00	1.564E+00	0.000E+00	0.000E+00	5.168E+00	5.774E-01	3.802E-02	-7.604E-02
2.200E-01	1.879E-01	9.824E-01	-6.168E+00	1.179E+00	0.000E+00	0.000E+00	5.165E+00	6.048E-01	3.802E-02	-7.604E-02
2.300E-01	1.259E-01	9.922E-01	-6.229E+00	7.895E-01	0.000E+00	0.000E+00	5.161E+00	6.322E-01	3.802E-02	-7.604E-02
2.400E-01	6.342E-02	9.982E-01	-6.267E+00	3.967E-01	0.000E+00	0.000E+00	5.158E+00	6.595E-01	3.802E-02	-7.604E-02
2.500E-01	6.707E-04	1.000E+00	-6.279E+00	2.320E-03	0.000E+00	0.000E+00	5.154E+00	6.868E-01	3.802E-02	-7.604E-02
2.600E-01	-6.208E-02	9.982E-01	-6.267E+00	-3.921E-01	0.000E+00	0.000E+00	5.151E+00	7.141E-01	3.802E-02	-7.604E-02
2.700E-01	-1.246E-01	9.923E-01	-6.230E+00	-7.850E-01	0.000E+00	0.000E+00	5.147E+00	7.414E-01	3.802E-02	-7.604E-02
2.800E-01	-1.866E-01	9.825E-01	-6.168E+00	-1.175E+00	0.000E+00	0.000E+00	5.143E+00	7.687E-01	3.802E-02	-7.604E-02
2.900E-01	-2.479E-01	9.688E-01	-6.082E+00	-1.560E+00	0.000E+00	0.000E+00	5.139E+00	7.959E-01	3.802E-02	-7.604E-02
3.000E-01	-3.082E-01	9.513E-01	-5.972E+00	-1.939E+00	0.000E+00	0.000E+00	5.134E+00	8.231E-01	3.802E-02	-7.604E-02
3.100E-01	-3.672E-01	9.301E-01	-5.839E+00	-2.311E+00	0.000E+00	0.000E+00	5.130E+00	8.503E-01	3.802E-02	-7.604E-02
3.200E-01	-4.249E-01	9.052E-01	-5.682E+00	-2.673E+00	0.000E+00	0.000E+00	5.125E+00	8.775E-01	3.802E-02	-7.604E-02
3.300E-01	-4.808E-01	8.767E-01	-5.503E+00	-3.025E+00	0.000E+00	0.000E+00	5.121E+00	9.046E-01	3.802E-02	-7.604E-02
3.400E-01	-5.349E-01	8.447E-01	-5.303E+00	-3.365E+00	0.000E+00	0.000E+00	5.116E+00	9.318E-01	3.802E-02	-7.604E-02
3.500E-01	-5.868E-01	8.094E-01	-5.081E+00	-3.692E+00	0.000E+00	0.000E+00	5.111E+00	9.589E-01	3.802E-02	-7.604E-02
3.600E-01	-6.364E-01	7.709E-01	-4.839E+00	-4.004E+00	0.000E+00	0.000E+00	5.106E+00	9.859E-01	3.802E-02	-7.604E-02
3.700E-01	-6.835E-01	7.294E-01	-4.578E+00	-4.301E+00	0.000E+00	0.000E+00	5.100E+00	1.013E+00	3.802E-02	-7.604E-02
3.800E-01	-7.279E-01	6.849E-01	-4.299E+00	-4.581E+00	0.000E+00	0.000E+00	5.095E+00	1.040E+00	3.802E-02	-7.604E-02
3.900E-01	-7.694E-01	6.378E-01	-4.002E+00	-4.842E+00	0.000E+00	0.000E+00	5.089E+00	1.067E+00	3.802E-02	-7.604E-02
4.000E-01	-8.079E-01	5.882E-01	-3.690E+00	-5.085E+00	0.000E+00	0.000E+00	5.084E+00	1.094E+00	3.802E-02	-7.604E-02
4.100E-01	-8.432E-01	5.362E-01	-3.363E+00	-5.307E+00	0.000E+00	0.000E+00	5.078E+00	1.121E+00	3.802E-02	-7.604E-02
4.200E-01	-8.751E-01	4.821E-01	-3.023E+00	-5.509E+00	0.000E+00	0.000E+00	5.072E+00	1.148E+00	3.802E-02	-7.604E-02
4.300E-01	-9.036E-01	4.261E-01	-2.671E+00	-5.688E+00	0.000E+00	0.000E+00	5.066E+00	1.175E+00	3.802E-02	-7.604E-02
4.400E-01	-9.285E-01	3.684E-01	-2.308E+00	-5.846E+00	0.000E+00	0.000E+00	5.059E+00	1.201E+00	3.802E-02	-7.604E-02
4.500E-01	-9.497E-01	3.092E-01	-1.936E+00	-5.980E+00	0.000E+00	0.000E+00	5.053E+00	1.228E+00	3.802E-02	-7.604E-02
4.600E-01	-9.672E-01	2.489E-01	-1.556E+00	-6.091E+00	0.000E+00	0.000E+00	5.046E+00	1.255E+00	3.802E-02	-7.604E-02
4.700E-01	-9.808E-01	1.875E-01	-1.169E+00	-6.177E+00	0.000E+00	0.000E+00	5.040E+00	1.282E+00	3.802E-02	-7.604E-02
4.800E-01	-9.906E-01	1.254E-01	-7.783E-01	-6.239E+00	0.000E+00	0.000E+00	5.033E+00	1.308E+00	3.802E-02	-7.604E-02
4.900E-01	-9.964E-01	6.281E-02	-3.840E-01	-6.277E+00	0.000E+00	0.000E+00	5.026E+00	1.335E+00	3.802E-02	-7.604E-02
5.000E-01	-9.982E-01	-3.787E-05	1.197E-02	-6.289E+00	0.000E+00	0.000E+00	5.019E+00	1.362E+00	3.802E-02	-7.604E-02
5.100E-01	-9.961E-01	-6.289E-02	4.080E-01	-6.276E+00	0.000E+00	0.000E+00	5.011E+00	1.388E+00	3.802E-02	-7.604E-02
5.200E-01	-9.901E-01	-1.255E-01	8.026E-01	-6.239E+00	0.000E+00	0.000E+00	5.004E+00	1.415E+00	3.802E-02	-7.604E-02
5.300E-01	-9.801E-01	-1.876E-01	1.194E+00	-6.177E+00	0.000E+00	0.000E+00	4.996E+00	1.441E+00	3.802E-02	-7.604E-02
5.400E-01	-9.662E-01	-2.489E-01	1.581E+00	-6.090E+00	0.000E+00	0.000E+00	4.989E+00	1.468E+00	3.802E-02	-7.604E-02
5.500E-01	-9.485E-01	-3.093E-01	1.962E+00	-5.979E+00	0.000E+00	0.000E+00	4.981E+00	1.494E+00	3.802E-02	-7.604E-02
5.600E-01	-9.270E-01	-3.684E-01	2.335E+00	-5.844E+00	0.000E+00	0.000E+00	4.973E+00	1.520E+00	3.802E-02	-7.604E-02
5.700E-01	-9.018E-01	-4.261E-01	2.699E+00	-5.686E+00	0.000E+00	0.000E+00	4.965E+00	1.547E+00	3.802E-02	-7.604E-02
5.800E-01	-8.731E-01	-4.821E-01	3.052E+00	-5.505E+00	0.000E+00	0.000E+00	4.956E+00	1.573E+00	3.802E-02	-7.604E-02
5.900E-01	-8.408E-01	-5.361E-01	3.393E+00	-5.303E+00	0.000E+00	0.000E+00	4.948E+00	1.599E+00	3.802E-02	-7.604E-02
6.000E-01	-8.052E-01	-5.881E-01	3.721E+00	-5.079E+00	0.000E+00	0.000E+00	4.939E+00	1.626E+00	3.802E-02	-7.604E-02
6.100E-01	-7.665E-01	-6.377E-01	4.035E+00	-4.834E+00	0.000E+00	0.000E+00	4.931E+00	1.652E+00	3.802E-02	-7.604E-02
6.200E-01	-7.246E-01	-6.847E-01	4.332E+00	-4.571E+00	0.000E+00	0.000E+00	4.922E+00	1.678E+00	3.802E-02	-7.604E-02
6.300E-01	-6.799E-01	-7.290E-01	4.612E+00	-4.289E+00	0.000E+00	0.000E+00	4.913E+00	1.704E+00	3.802E-02	-7.604E-02
6.400E-01	-6.324E-01	-7.704E-01	4.874E+00	-3.990E+00	0.000E+00	0.000E+00	4.904E+00	1.730E+00	3.802E-02	-7.604E-02
6.500E-01	-5.825E-01	-8.088E-01	5.116E+00	-3.675E+00	0.000E+00	0.000E+00	4.895E+00	1.756E+00	3.802E-02	-7.604E-02
6.600E-01	-5.302E-01	-8.439E-01	5.338E+00	-3.345E+00	0.000E+00	0.000E+00	4.885E+00	1.782E+00	3.802E-02	-7.604E-02
6.700E-01	-4.758E-01	-8.756E-01	5.539E+00	-3.002E+00	0.000E+00	0.000E+00	4.876E+00	1.808E+00	3.802E-02	-7.604E-02
6.800E-01	-4.195E-01	-9.039E-01	5.717E+00	-2.647E+00	0.000E+00	0.000E+00	4.866E+00	1.833E+00	3.802E-02	-7.604E-02
6.900E-01	-3.615E-01	-9.285E-01	5.873E+00	-2.281E+00	0.000E+00	0.000E+00	4.856E+00	1.859E+00	3.802E-02	-7.604E-02
7.000E-01	-3.021E-01	-9.495E-01	6.006E+00	-1.907E+00	0.000E+00	0.000E+00	4.846E+00	1.885E+00	3.802E-02	-7.604E-02
7.100E-01	-2.415E-01	-9.666E-01	6.115E+00	-1.524E+00	0.000E+00	0.000E+00	4.836E+00	1.910E+00	3.802E-02	-7.604E-02
7.200E-01	-1.799E-01	-9.799E-01	6.199E+00	-1.135E+00	0.000E+00	0.000E+00	4.826E+00	1.936E+00	3.802E-02	-7.604E-02
7.300E-01	-1.176E-01	-9.893E-01	6.258E+00	-7.420E-01	0.000E+00	0.000E+00	4.816E+00	1.962E+00	3.802E-02	-7.604E-02
7.400E-01	-5.479E-02	-9.948E-01	6.293E+00	-3.458E-01	0.000E+00	0.000E+00	4.805E+00	1.987E+00	3.802E-02	-7.604E-02
7.500E-01	8.206E-03	-9.962E-01	6.302E+00	5.187E-02	0.000E+00	0.000E+00	4.795E+00	2.013E+00	3.802E-02	-7.604E-02
7.600E-01	7.117E-02	-9.937E-01	6.287E+00	4.493E-01	0.000E+00	0.000E+00	4.784E+00	2.038E+00	3.802E-02	-7.604E-02
7.700E-01	1.339E-01	-9.873E-01	6.246E+00	8.449E-01	0.000E+00	0.000E+00	4.773E+00	2.063E+00	3.802E-02	-7.604E-02
7.800E-01	1.960E-01	-9.768E-01	6.180E+00	1.237E+00	0.000E+00	0.000E+00	4.762E+00	2.089E+00	3.802E-02	-7.604E-02
7.900E-01	2.574E-01	-9.625E-01	6.090E+00	1.624E+00	0.000E+00	0.000E+00	4.751E+00	2.114E+00	3.802E-02	-7.604E-02
8.000E-01	3.177E-01	-9.444E-01	5.975E+00	2.005E+00	0.000E+00	0.000E+00	4.740E+00	2.139E+00	3.802E-02	-7.604E-02
8.100E-01	3.768E-01	-9.225E-01	5.836E+00	2.378E+00	0.000E+00	0.000E+00	4.728E+00	2.164E+00	3.802E-02	-7.604E-02
8.200E-01	4.344E-01	-8.969E-01	5.675E+00	2.741E+00	0.000E+00	0.000E+00	4.717E+00	2.189E+00	3.802E-02	-7.604E-02
8.300E-01	4.902E-01	-8.677E-01	5.490E+00	3.093E+00	0.000E+00	0.000E+00	4.705E+00	2.214E+00	3.802E-02	-7.604E-02
8.400E-01	5.441E-01	-8.350E-01	5.284E+00	3.433E+00	0.000E+00	0.000E+00	4.693E+00	2.239E+00	3.802E-02	-7.604E-02
8.500E-01	5.958E-01	-7.991E-01	5.057E+00	3.759E+00	0.000E+00	0.000E+00	4.681E+00	2.264E+00	3.802E-02	-7.604E-02
8.600E-01	6.452E-01	-7.599E-01	4.809E+00	4.070E+00	0.000E+00	0.000E+00	4.669E+00	2.288E+00	3.802E-02	-7.604E-02
8.700E-01	6.919E-01	-7.177E-01	4.543E+00	4.364E+00	0.000E+00	0.000E+00	4.657E+00	2.313E+00	3.802E-02	-7.604E-02
8.800E-01	7.360E-01	-6.727E-01	4.259E+00	4.641E+00	0.000E+00	0.000E+00	4.645E+00	2.338E+00	3.802E-02	-7.604E-02
8.900E-01	7.771E-01	-6.249E-01	3.958E+00	4.900E+00	0.000E+00	0.000E+00	4.632E+00	2.362E+00	3.802E-02	-7.604E-02
9.000E-01	8.151E-01	-5.747E-01	3.641E+00	5.139E+00	0.000E+00	0.000E+00	4.620E+00	2.387E+00	3.802E-02	-7.604E-02
9.100E-01	8.498E-01	-5.222E-01	3.309E+00	5.357E+00	0.000E+00	0.000E+00	4.607E+00	2.411E+00	3.802E-02	-7.604E-02
9.200E-01	8.812E-01	-4.677E-01	2.965E+00	5.554E+00	0.000E+00	0.000E+00	4.594E+00	2.436E+00	3.802E-02	-7.604E-02
9.300E-01	9.091E-01	-4.112E-01	2.609E+00	5.729E+00	0.000E+00	0.000E+00	4.581E+00	2.460E+00	3.802E-02	-7.604E-02
9.400E-01	9.334E-01	-3.531E-01	2.243E+00	5.881E+00	0.000E+00	0.000E+00	4.568E+00	2.484E+00	3.802E-02	-7.604E-02
9.500E-01	9.539E-01	-2.937E-01	1.869E+00	6.010E+00	0.000E+00	0.000E+00	4.555E+00	2.508E+00	3.802E-02	-7.604E-02
9.600E-01	9.707E-01	-2.330E-01	1.487E+00	6.115E+00	0.000E+00	0.000E+00	4.542E+00	2.533E+00	3.802E-02	-7.604E-02
9.700E-01	9.837E-01	-1.715E-01	1.099E+00	6.195E+00	0.000E+00	0.000E+00	4.528E+00	2.557E+00	3.802E-02	-7.604E-02
9.800E-01	9.927E-01	-1.092E-01	7.074E-01	6.251E+00	0.000E+00	0.000E+00	4.515E+00	2.581E+00	3.802E-02	-7.604E-02
9.900E-01	9.978E-01	-4.653E-02	3.131E-01	6.282E+00	0.000E+00	0.000E+00	4.501E+00	2.604E+00	3.802E-02	-7.604E-02
1.000E+00	9.989E-01	1.634E-02	-8.219E-02	6.288E+00	0.000E+00	0.000E+00	4.487E+00	2.628E+00	3.802E-02	-7.604E-02
1.010E+00	9.962E-01	7.915E-02	-4.769E-01	6.269E+00	0.000E+00	0.000E+00	4.473E+00	2.652E+00	3.802E-02	-7.604E-02
1.020E+00	9.894E-01	1.416E-01	-8.695E-01	6.225E+00	0.000E+00	0.000E+00	4.459E+00	2.676E+00	3.802E-02	-7.604E-02
1.030E+00	9.788E-01	2.036E-01	-1.258E+00	6.157E+00	0.000E+00	0.000E+00	4.445E+00	2.699E+00	3.802E-02	-7.604E-02
1.040E+00	9.643E-01	2.647E-01	-1.642E+00	6.065E+00	0.000E+00	0.000E+00	4.430E+00	2.723E+00	3.802E-02	-7.604E-02
1.050E+00	9.460E-01	3.248E-01	-2.019E+00	5.949E+00	0.000E+00	0.000E+00	4.416E+00	2.746E+00	3.802E-02	-7.604E-02
1.060E+00	9.239E-01	3.836E-01	-2.388E+00	5.809E+00	0.000E+00	0.000E+00	4.401E+00	2.770E+00	3.802E-02	-7.604E-02
1.070E+00	8.982E-01	4.409E-01	-2.747E+00	5.647E+00	0.000E+00	0.000E+00	4.386E+00	2.793E+00	3.802E-02	-7.604E-02
1.080E+00	8.690E-01	4.965E-01	-3.095E+00	5.462E+00	0.000E+00	0.000E+00	4.372E+00	2.816E+00	3.802E-02	-7.604E-02
1.090E+00	8.364E-01	5.501E-01	-3.431E+00	5.256E+00	0.000E+00	0.000E+00	4.357E+00	2.839E+00	3.802E-02	-7.604E-02
1.100E+00	8.004E-01	6.015E-01	-3.752E+00	5.030E+00	0.000E+00	0.000E+00	4.341E+00	2.862E+00	3.802E-02	-7.604E-02
1.110E+00	7.614E-01	6.506E-01	-4.059E+00	4.784E+00	0.000E+00	0.000E+00	4.326E+00	2.885E+00	3.802E-02	-7.604E-02
1.120E+00	7.193E-01	6.971E-01	-4.350E+00	4.519E+00	0.000E+00	0.000E+00	4.311E+00	2.908E+00	3.802E-02	-7.604E-02
1.130E+00	6.744E-01	7.409E-01	-4.624E+00	4.237E+00	0.000E+00	0.000E+00	4.295E+00	2.931E+00	3.802E-02	-7.604E-02
1.140E+00	6.269E-01	7.818E-01	-4.879E+00	3.938E+00	0.000E+00	0.000E+00	4.280E+00	2.954E+00	3.802E-02	-7.604E-02
1.150E+00	5.769E-01	8.196E-01	-5.115E+00	3.624E+00	0.000E+00	0.000E+00	4.264E+00	2.976E+00	3.802E-02	-7.604E-02
1.160E+00	5.247E-01	8.542E-01	-5.331E+00	3.296E+00	0.000E+00	0.000E+00	4.248E+00	2.999E+00	3.802E-02	-7.604E-02
1.170E+00	4.704E-01	8.855E-01	-5.525E+00	2.955E+00	0.000E+00	0.000E+00	4.232E+00	3.021E+00	3.802E-02	-7.604E-02
1.180E+00	4.142E-01	9.133E-01	-5.698E+00	2.603E+00	0.000E+00	0.000E+00	4.216E+00	3.044E+00	3.802E-02	-7.604E-02
1.190E+00	3.565E-01	9.375E-01	-5.849E+00	2.241E+00	0.000E+00	0.000E+00	4.200E+00	3.066E+00	3.802E-02	-7.604E-02
1.200E+00	2.973E-01	9.581E-01	-5.977E+00	1.870E+00	0.000E+00	0.000E+00	4.184E+00	3.088E+00	3.802E-02	-7.604E-02
1.210E+00	2.370E-01	9.749E-01	-6.081E+00	1.492E+00	0.000E+00	0.000E+00	4.167E+00	3.110E+00	3.802E-02	-7.604E-02
1.220E+00	1.758E-01	9.879E-01	-6.162E+00	1.108E+00	0.000E+00	0.000E+00	4.151E+00	3.132E+00	3.802E-02	-7.604E-02
1.230E+00	1.139E-01	9.971E-01	-6.218E+00	7.206E-01	0.000E+00	0.000E+00	4.134E+00	3.154E+00	3.802E-02	-7.604E-02
1.240E+00	5.150E-02	1.002E+00	-6.250E+00	3.301E-01	0.000E+00	0.000E+00	4.117E+00	3.176E+00	3.802E-02	-7.604E-02
1.250E+00	-1.106E-02	1.004E+00	-6.258E+00	-6.153E-02	0.000E+00	0.000E+00	4.100E+00	3.198E+00	3.802E-02	-7.604E-02
1.260E+00	-7.358E-02	1.001E+00	-6.241E+00	-4.529E-01	0.000E+00	0.000E+00	4.083E+00	3.220E+00	3.802E-02	-7.604E-02
1.270E+00	-1.358E-01	9.946E-01	-6.200E+00	-8.424E-01	0.000E+00	0.000E+00	4.066E+00	3.241E+00	3.802E-02	-7.604E-02
1.280E+00	-1.975E-01	9.842E-01	-6.135E+00	-1.229E+00	0.000E+00	0.000E+00	4.049E+00	3.263E+00	3.802E-02	-7.604E-02
1.290E+00	-2.584E-01	9.700E-01	-6.046E+00	-1.610E+00	0.000E+00	0.000E+00	4.032E+00	3.284E+00	3.802E-02	-7.604E-02
1.300E+00	-3.183E-01	9.521E-01	-5.933E+00	-1.985E+00	0.000E+00	0.000E+00	4.014E+00	3.305E+00	3.802E-02	-7.604E-02
1.310E+00	-3.770E-01	9.304E-01	-5.797E+00	-2.352E+00	0.000E+00	0.000E+00	3.997E+00	3.327E+00	3.802E-02	-7.604E-02
1.320E+00	-4.342E-01	9.050E-01	-5.639E+00	-2.711E+00	0.000E+00	0.000E+00	3.979E+00	3.348E+00	3.802E-02	-7.604E-02
1.330E+00	-4.897E-01	8.762E-01	-5.458E+00	-3.058E+00	0.000E+00	0.000E+00	3.961E+00	3.369E+00	3.802E-02	-7.604E-02
1.340E+00	-5.433E-01	8.439E-01	-5.256E+00	-3.394E+00	0.000E+00	0.000E+00	3.943E+00	3.390E+00	3.802E-02	-7.604E-02
1.350E+00	-5.948E-01	8.084E-01	-5.034E+00	-3.717E+00	0.000E+00	0.000E+00	3.925E+00	3.411E+00	3.802E-02	-7.604E-02
1.360E+00	-6.439E-01	7.696E-01	-4.792E+00	-4.025E+00	0.000E+00	0.000E+00	3.907E+00	3.431E+00	3.802E-02	-7.604E-02
1.370E+00	-6.906E-01	7.279E-01	-4.531E+00	-4.317E+00	0.000E+00	0.000E+00	3.889E+00	3.452E+00	3.802E-02	-7.604E-02
1.380E+00	-7.345E-01	6.833E-01	-4.252E+00	-4.593E+00	0.000E+00	0.000E+00	3.871E+00	3.472E+00	3.802E-02	-7.604E-02
1.390E+00	-7.755E-01	6.361E-01	-3.957E+00	-4.851E+00	0.000E+00	0.000E+00	3.852E+00	3.493E+00	3.802E-02	-7.604E-02
1.400E+00	-8.136E-01	5.864E-01	-3.646E+00	-5.091E+00	0.000E+00	0.000E+00	3.834E+00	3.513E+00	3.802E-02	-7.604E-02
1.410E+00	-8.484E-01	5.344E-01	-3.320E+00	-5.310E+00	0.000E+00	0.000E+00	3.815E+00	3.534E+00	3.802E-02	-7.604E-02
1.420E+00	-8.799E-01	4.802E-01	-2.981E+00	-5.509E+00	0.000E+00	0.000E+00	3.796E+00	3.554E+00	3.802E-02	-7.604E-02
1.430E+00	-9.080E-01	4.243E-01	-2.631E+00	-5.686E+00	0.000E+00	0.000E+00	3.777E+00	3.574E+00	3.802E-02	-7.604E-02
1.440E+00	-9.325E-01	3.666E-01	-2.269E+00	-5.841E+00	0.000E+00	0.000E+00	3.758E+00	3.594E+00	3.802E-02	-7.604E-02
1.450E+00	-9.534E-01	3.075E-01	-1.899E+00	-5.973E+00	0.000E+00	0.000E+00	3.739E+00	3.614E+00	3.802E-02	-7.604E-02
1.460E+00	-9.705E-01	2.472E-01	-1.521E+00	-6.082E+00	0.000E+00	0.000E+00	3.720E+00	3.633E+00	3.802E-02	-7.604E-02
1.470E+00	-9.838E-01	1.859E-01	-1.136E+00	-6.167E+00	0.000E+00	0.000E+00	3.701E+00	3.653E+00	3.802E-02	-7.604E-02
1.480E+00	-9.932E-01	1.239E-01	-7.471E-01	-6.228E+00	0.000E+00	0.000E+00	3.681E+00	3.673E+00	3.802E-02	-7.604E-02
1.490E+00	-9.987E-01	6.146E-02	-3.546E-01	-6.265E+00	0.000E+00	0.000E+00	3.662E+00	3.692E+00	3.802E-02	-7.604E-02
1.500E+00	-1.000E+00	-1.271E-03	3.971E-02	-6.277E+00	0.000E+00	0.000E+00	3.642E+00	3.711E+00	3.802E-02	-7.604E-02
1.510E+00	-9.979E-01	-6.399E-02	4.342E-01	-6.264E+00	0.000E+00	0.000E+00	3.622E+00	3.731E+00	3.802E-02	-7.604E-02
1.520E+00	-9.916E-01	-1.265E-01	8.274E-01	-6.226E+00	0.000E+00	0.000E+00	3.603E+00	3.750E+00	3.802E-02	-7.604E-02
1.530E+00	-9.814E-01	-1.884E-01	1.218E+00	-6.164E+00	0.000E+00	0.000E+00	3.583E+00	3.769E+00	3.802E-02	-7.604E-02
1.540E+00	-9.672E-01	-2.497E-01	1.604E+00	-6.077E+00	0.000E+00	0.000E+00	3.563E+00	3.788E+00	3.802E-02	-7.604E-02
1.550E+00	-9.493E-01	-3.099E-01	1.983E+00	-5.966E+00	0.000E+00	0.000E+00	3.543E+00	3.807E+00	3.802E-02	-7.604E-02
1.560E+00	-9.276E-01	-3.689E-01	2.356E+00	-5.831E+00	0.000E+00	0.000E+00	3.522E+00	3.825E+00	3.802E-02	-7.604E-02
1.570E+00	-9.022E-01	-4.264E-01	2.719E+00	-5.673E+00	0.000E+00	0.000E+00	3.502E+00	3.844E+00	3.802E-02	-7.604E-02
1.580E+00	-8.732E-01	-4.823E-01	3.072E+00	-5.492E+00	0.000E+00	0.000E+00	3.482E+00	3.862E+00	3.802E-02	-7.604E-02
1.590E+00	-8.408E-01	-5.362E-01	3.414E+00	-5.290E+00	0.000E+00	0.000E+00	3.461E+00	3.881E+00	3.802E-02	-7.604E-02
1.600E+00	-8.050E-01	-5.880E-01	3.742E+00	-5.066E+00	0.000E+00	0.000E+00	3.440E+00	3.899E+00	3.802E-02	-7.604E-02
1.610E+00	-7.660E-01	-6.375E-01	4.055E+00	-4.821E+00	0.000E+00	0.000E+00	3.420E+00	3.917E+00	3.802E-02	-7.604E-02
1.620E+00	-7.240E-01	-6.844E-01	4.352E+00	-4.557E+00	0.000E+00	0.000E+00	3.399E+00	3.935E+00	3.802E-02	-7.604E-02
1.630E+00	-6.790E-01	-7.285E-01	4.633E+00	-4.275E+00	0.000E+00	0.000E+00	3.378E+00	3.953E+00	3.802E-02	-7.604E-02
1.640E+00	-6.314E-01	-7.698E-01	4.895E+00	-3.975E+00	0.000E+00	0.000E+00	3.357E+00	3.971E+00	3.802E-02	-7.604E-02
1.650E+00	-5.812E-01	-8.080E-01	5.138E+00	-3.659E+00	0.000E+00	0.000E+00	3.336E+00	3.989E+00	3.802E-02	-7.604E-02
1.660E+00	-5.287E-01	-8.429E-01	5.360E+00	-3.328E+00	0.000E+00	0.000E+00	3.315E+00	4.006E+00	3.802E-02	-7.604E-02
1.670E+00	-4.741E-01	-8.745E-01	5.561E+00	-2.984E+00	0.000E+00	0.000E+00	3.294E+00	4.024E+00	3.802E-02	-7.604E-02
1.680E+00	-4.175E-01	-9.026E-01	5.740E+00	-2.627E+00	0.000E+00	0.000E+00	3.272E+00	4.041E+00	3.802E-02	-7.604E-02
1.690E+00	-3.593E-01	-9.270E-01	5.896E+00	-2.260E+00	0.000E+00	0.000E+00	3.251E+00	4.059E+00	3.802E-02	-7.604E-02
1.700E+00	-2.997E-01	-9.477E-01	6.029E+00	-1.883E+00	0.000E+00	0.000E+00	3.229E+00	4.076E+00	3.802E-02	-7.604E-02
1.710E+00	-2.388E-01	-9.646E-01	6.137E+00	-1.498E+00	0.000E+00	0.000E+00	3.208E+00	4.093E+00	3.802E-02	-7.604E-02
1.720E+00	-1.770E-01	-9.777E-01	6.221E+00	-1.107E+00	0.000E+00	0.000E+00	3.186E+00	4.110E+00	3.802E-02	-7.604E-02
1.730E+00	-1.145E-01	-9.868E-01	6.280E+00	-7.112E-01	0.000E+00	0.000E+00	3.164E+00	4.127E+00	3.802E-02	-7.604E-02
1.740E+00	-5.151E-02	-9.919E-01	6.313E+00	-3.125E-01	0.000E+00	0.000E+00	3.142E+00	4.143E+00	3.802E-02	-7.604E-02
1.750E+00	1.169E-02	-9.930E-01	6.321E+00	8.774E-02	0.000E+00	0.000E+00	3.120E+00	4.160E+00	3.802E-02	-7.604E-02
1.760E+00	7.484E-02	-9.901E-01	6.304E+00	4.877E-01	0.000E+00	0.000E+00	3.098E+00	4.176E+00	3.802E-02	-7.604E-02
1.770E+00	1.377E-01	-9.833E-01	6.261E+00	8.859E-01	0.000E+00	0.000E+00	3.076E+00	4.193E+00	3.802E-02	-7.604E-02
1.780E+00	2.000E-01	-9.724E-01	6.193E+00	1.281E+00	0.000E+00	0.000E+00	3.054E+00	4.209E+00	3.802E-02	-7.604E-02
1.790E+00	2.615E-01	-9.577E-01	6.100E+00	1.670E+00	0.000E+00	0.000E+00	3.031E+00	4.225E+00	3.802E-02	-7.604E-02
1.800E+00	3.219E-01	-9.390E-01	5.982E+00	2.053E+00	0.000E+00	0.000E+00	3.009E+00	4.241E+00	3.802E-02	-7.604E-02
1.810E+00	3.810E-01	-9.166E-01	5.840E+00	2.428E+00	0.000E+00	0.000E+00	2.986E+00	4.257E+00	3.802E-02	-7.604E-02
1.820E+00	4.386E-01	-8.905E-01	5.675E+00	2.793E+00	0.000E+00	0.000E+00	2.964E+00	4.273E+00	3.802E-02	-7.604E-02
1.830E+00	4.945E-01	-8.608E-01	5.487E+00	3.146E+00	0.000E+00	0.000E+00	2.941E+00	4.288E+00	3.802E-02	-7.604E-02
1.840E+00	5.483E-01	-8.276E-01	5.276E+00	3.487E+00	0.000E+00	0.000E+00	2.918E+00	4.304E+00	3.802E-02	-7.604E-02
1.850E+00	5.999E-01	-7.911E-01	5.045E+00	3.814E+00	0.000E+00	0.000E+00	2.895E+00	4.319E+00	3.802E-02	-7.604E-02
1.860E+00	6.491E-01	-7.514E-01	4.793E+00	4.125E+00	0.000E+00	0.000E+00	2.872E+00	4.335E+00	3.802E-02	-7.604E-02
1.870E+00	6.957E-01	-7.086E-01	4.522E+00	4.420E+00	0.000E+00	0.000E+00	2.849E+00	4.350E+00	3.802E-02	-7.604E-02
1.880E+00	7.395E-01	-6.630E-01	4.232E+00	4.697E+00	0.000E+00	0.000E+00	2.826E+00	4.365E+00	3.802E-02	-7.604E-02
1.890E+00	7.803E-01	-6.148E-01	3.926E+00	4.954E+00	0.000E+00	0.000E+00	2.803E+00	4.380E+00	3.802E-02	-7.604E-02
1.900E+00	8.180E-01	-5.640E-01	3.604E+00	5.192E+00	0.000E+00	0.000E+00	2.780E+00	4.395E+00	3.802E-02	-7.604E-02
1.910E+00	8.523E-01	-5.110E-01	3.268E+00	5.408E+00	0.000E+00	0.000E+00	2.757E+00	4.409E+00	3.802E-02	-7.604E-02
1.920E+00	8.833E-01	-4.559E-01	2.919E+00	5.603E+00	0.000E+00	0.000E+00	2.733E+00	4.424E+00	3.802E-02	-7.604E-02
1.930E+00	9.107E-01	-3.990E-01	2.559E+00	5.775E+00	0.000E+00	0.000E+00	2.710E+00	4.438E+00	3.802E-02	-7.604E-02
1.940E+00	9.344E-01	-3.405E-01	2.188E+00	5.923E+00	0.000E+00	0.000E+00	2.686E+00	4.452E+00	3.802E-02	-7.604E-02
1.950E+00	9.544E-01	-2.806E-01	1.809E+00	6.048E+00	0.000E+00	0.000E+00	2.663E+00	4.467E+00	3.802E-02	-7.604E-02
1.960E+00	9.706E-01	-2.196E-01	1.424E+00	6.149E+00	0.000E+00	0.000E+00	2.639E+00	4.481E+00	3.802E-02	-7.604E-02
1.970E+00	9.829E-01	-1.578E-01	1.032E+00	6.224E+00	0.000E+00	0.000E+00	2.615E+00	4.495E+00	3.802E-02	-7.604E-02
1.980E+00	9.912E-01	-9.524E-02	6.376E-01	6.275E+00	0.000E+00	0.000E+00	2.591E+00	4.508E+00	3.802E-02	-7.604E-02
1.990E+00	9.956E-01	-3.234E-02	2.405E-01	6.301E+00	0.000E+00	0.000E+00	2.567E+00	4.522E+00	3.802E-02	-7.604E-02
2.000E+00	9.960E-01	3.069E-02	-1.571E-01	6.301E+00	0.000E+00	0.000E+00	2.543E+00	4.536E+00	3.802E-02	-7.604E-02
2.010E+00	9.925E-01	9.361E-02	-5.536E-01	6.277E+00	0.000E+00	0.000E+00	2.519E+00	4.549E+00	3.802E-02	-7.604E-02
2.020E+00	9.850E-01	1.561E-01	-9.474E-01	6.227E+00	0.000E+00	0.000E+00	2.495E+00	4.562E+00	3.802E-02	-7.604E-02
2.030E+00	9.736E-01	2.181E-01	-1.337E+00	6.153E+00	0.000E+00	0.000E+00	2.471E+00	4.575E+00	3.802E-02	-7.604E-02
2.040E+00	9.583E-01	2.791E-01	-1.721E+00	6.054E+00	0.000E+00	0.000E+00	2.447E+00	4.588E+00	3.802E-02	-7.604E-02
2.050E+00	9.392E-01	3.391E-01	-2.097E+00	5.932E+00	0.000E+00	0.000E+00	2.422E+00	4.601E+00	3.802E-02	-7.604E-02
2.060E+00	9.163E-01	3.977E-01	-2.465E+00	5.786E+00	0.000E+00	0.000E+00	2.398E+00	4.614E+00	3.802E-02	-7.604E-02
2.070E+00	8.899E-01	4.547E-01	-2.823E+00	5.617E+00	0.000E+00	0.000E+00	2.373E+00	4.627E+00	3.802E-02	-7.604E-02
2.080E+00	8.599E-01	5.099E-01	-3.169E+00	5.427E+00	0.000E+00	0.000E+00	2.349E+00	4.639E+00	3.802E-02	-7.604E-02
2.090E+00	8.266E-01	5.632E-01	-3.502E+00	5.215E+00	0.000E+00	0.000E+00	2.324E+00	4.652E+00	3.802E-02	-7.604E-02
2.100E+00	7.899E-01	6.142E-01	-3.820E+00	4.983E+00	0.000E+00	0.000E+00	2.299E+00	4.664E+00	3.802E-02	-7.604E-02
2.110E+00	7.502E-01	6.628E-01	-4.124E+00	4.732E+00	0.000E+00	0.000E+00	2.275E+00	4.676E+00	3.802E-02	-7.604E-02
2.120E+00	7.075E-01	7.088E-01	-4.410E+00	4.462E+00	0.000E+00	0.000E+00	2.250E+00	4.688E+00	3.802E-02	-7.604E-02
2.130E+00	6.621E-01	7.520E-01	-4.679E+00	4.175E+00	0.000E+00	0.000E+00	2.225E+00	4.700E+00	3.802E-02	-7.604E-02
2.140E+00	6.140E-01	7.922E-01	-4.930E+00	3.872E+00	0.000E+00	0.000E+00	2.200E+00	4.712E+00	3.802E-02	-7.604E-02
2.150E+00	5.635E-01	8.294E-01	-5.160E+00	3.555E+00	0.000E+00	0.000E+00	2.175E+00	4.723E+00	3.802E-02	-7.604E-02
2.160E+00	5.109E-01	8.633E-01	-5.370E+00	3.224E+00	0.000E+00	0.000E+00	2.150E+00	4.735E+00	3.802E-02	-7.604E-02
2.170E+00	4.562E-01	8.938E-01	-5.559E+00	2.880E+00	0.000E+00	0.000E+00	2.125E+00	4.746E+00	3.802E-02	-7.604E-02
2.180E+00	3.997E-01	9.208E-01	-5.727E+00	2.526E+00	0.000E+00	0.000E+00	2.100E+00	4.757E+00	3.802E-02	-7.604E-02
2.190E+00	3.417E-01	9.443E-01	-5.871E+00	2.163E+00	0.000E+00	0.000E+00	2.075E+00	4.768E+00	3.802E-02	-7.604E-02
2.200E+00	2.824E-01	9.641E-01	-5.993E+00	1.791E+00	0.000E+00	0.000E+00	2.049E+00	4.779E+00	3.802E-02	-7.604E-02
2.210E+00	2.220E-01	9.801E-01	-6.091E+00	1.413E+00	0.000E+00	0.000E+00	2.024E+00	4.790E+00	3.802E-02	-7.604E-02
2.220E+00	1.607E-01	9.923E-01	-6.165E+00	1.029E+00	0.000E+00	0.000E+00	1.998E+00	4.801E+00	3.802E-02	-7.604E-02
2.230E+00	9.874E-02	1.001E+00	-6.215E+00	6.421E-01	0.000E+00	0.000E+00	1.973E+00	4.811E+00	3.802E-02	-7.604E-02
2.240E+00	3.643E-02	1.005E+00	-6.242E+00	2.529E-01	0.000E+00	0.000E+00	1.947E+00	4.822E+00	3.802E-02	-7.604E-02
2.250E+00	-2.601E-02	1.006E+00	-6.243E+00	-1.370E-01	0.000E+00	0.000E+00	1.922E+00	4.832E+00	3.802E-02	-7.604E-02
2.260E+00	-8.836E-02	1.002E+00	-6.221E+00	-5.261E-01	0.000E+00	0.000E+00	1.896E+00	4.842E+00	3.802E-02	-7.604E-02
2.270E+00	-1.504E-01	9.952E-01	-6.175E+00	-9.129E-01	0.000E+00	0.000E+00	1.871E+00	4.852E+00	3.802E-02	-7.604E-02
2.280E+00	-2.118E-01	9.841E-01	-6.105E+00	-1.296E+00	0.000E+00	0.000E+00	1.845E+00	4.862E+00	3.802E-02	-7.604E-02
2.290E+00	-2.724E-01	9.693E-01	-6.011E+00	-1.674E+00	0.000E+00	0.000E+00	1.819E+00	4.871E+00	3.802E-02	-7.604E-02
2.300E+00	-3.319E-01	9.507E-01	-5.894E+00	-2.045E+00	0.000E+00	0.000E+00	1.793E+00	4.881E+00	3.802E-02	-7.604E-02
2.310E+00	-3.902E-01	9.284E-01	-5.754E+00	-2.408E+00	0.000E+00	0.000E+00	1.767E+00	4.890E+00	3.802E-02	-7.604E-02
2.320E+00	-4.469E-01	9.026E-01	-5.592E+00	-2.762E+00	0.000E+00	0.000E+00	1.741E+00	4.900E+00	3.802E-02	-7.604E-02
2.330E+00	-5.019E-01	8.732E-01	-5.409E+00	-3.105E+00	0.000E+00	0.000E+00	1.715E+00	4.909E+00	3.802E-02	-7.604E-02
2.340E+00	-5.550E-01	8.405E-01	-5.204E+00	-3.436E+00	0.000E+00	0.000E+00	1.689E+00	4.918E+00	3.802E-02	-7.604E-02
2.350E+00	-6.060E-01	8.045E-01	-4.980E+00	-3.754E+00	0.000E+00	0.000E+00	1.663E+00	4.927E+00	3.802E-02	-7.604E-02
2.360E+00	-6.546E-01	7.655E-01	-4.736E+00	-4.057E+00	0.000E+00	0.000E+00	1.637E+00	4.936E+00	3.802E-02	-7.604E-02
2.370E+00	-7.006E-01	7.235E-01	-4.474E+00	-4.344E+00	0.000E+00	0.000E+00	1.611E+00	4.944E+00	3.802E-02	-7.604E-02
2.380E+00	-7.440E-01	6.786E-01	-4.195E+00	-4.615E+00	0.000E+00	0.000E+00	1.585E+00	4.953E+00	3.802E-02	-7.604E-02
2.390E+00	-7.845E-01	6.312E-01	-3.899E+00	-4.869E+00	0.000E+00	0.000E+00	1.558E+00	4.961E+00	3.802E-02	-7.604E-02
2.400E+00	-8.219E-01	5.813E-01	-3.588E+00	-5.103E+00	0.000E+00	0.000E+00	1.532E+00	4.969E+00	3.802E-02	-7.604E-02
2.410E+00	-8.562E-01	5.292E-01	-3.264E+00	-5.318E+00	0.000E+00	0.000E+00	1.506E+00	4.977E+00	3.802E-02	-7.604E-02
2.420E+00	-8.872E-01	4.750E-01	-2.926E+00	-5.512E+00	0.000E+00	0.000E+00	1.479E+00	4.985E+00	3.802E-02	-7.604E-02
2.430E+00	-9.147E-01	4.190E-01	-2.577E+00	-5.685E+00	0.000E+00	0.000E+00	1.453E+00	4.993E+00	3.802E-02	-7.604E-02
2.440E+00	-9.387E-01	3.614E-01	-2.217E+00	-5.837E+00	0.000E+00	0.000E+00	1.427E+00	5.000E+00	3.802E-02	-7.604E-02
2.450E+00	-9.590E-01	3.024E-01	-1.849E+00	-5.965E+00	0.000E+00	0.000E+00	1.400E+00	5.008E+00	3.802E-02	-7.604E-02
2.460E+00	-9.756E-01	2.422E-01	-1.473E+00	-6.071E+00	0.000E+00	0.000E+00	1.373E+00	5.015E+00	3.802E-02	-7.604E-02
2.470E+00	-9.884E-01	1.810E-01	-1.091E+00	-6.153E+00	0.000E+00	0.000E+00	1.347E+00	5.023E+00	3.802E-02	-7.604E-02
2.480E+00	-9.974E-01	1.192E-01	-7.038E-01	-6.211E+00	0.000E+00	0.000E+00	1.320E+00	5.030E+00	3.802E-02	-7.604E-02
2.490E+00	-1.002E+00	5.689E-02	-3.139E-01	-6.246E+00	0.000E+00	0.000E+00	1.294E+00	5.037E+00	3.802E-02	-7.604E-02
2.500E+00	-1.004E+00	-5.636E-03	7.768E-02	-6.256E+00	0.000E+00	0.000E+00	1.267E+00	5.043E+00	3.802E-02	-7.604E-02
2.510E+00	-1.001E+00	-6.814E-02	4.695E-01	-6.241E+00	0.000E+00	0.000E+00	1.240E+00	5.050E+00	3.802E-02	-7.604E-02
2.520E+00	-9.943E-01	-1.304E-01	8.599E-01	-6.202E+00	0.000E+00	0.000E+00	1.213E+00	5.056E+00	3.802E-02	-7.604E-02
2.530E+00	-9.837E-01	-1.921E-01	1.248E+00	-6.139E+00	0.000E+00	0.000E+00	1.187E+00	5.063E+00	3.802E-02	-7.604E-02
2.540E+00	-9.694E-01	-2.531E-01	1.631E+00	-6.051E+00	0.000E+00	0.000E+00	1.160E+00	5.069E+00	3.802E-02	-7.604E-02
2.550E+00	-9.512E-01	-3.130E-01	2.008E+00	-5.940E+00	0.000E+00	0.000E+00	1.133E+00	5.075E+00	3.802E-02	-7.604E-02
2.560E+00	-9.292E-01	-3.718E-01	2.378E+00	-5.805E+00	0.000E+00	0.000E+00	1.106E+00	5.081E+00	3.802E-02	-7.604E-02
2.570E+00	-9.036E-01	-4.291E-01	2.740E+00	-5.647E+00	0.000E+00	0.000E+00	1.079E+00	5.087E+00	3.802E-02	-7.604E-02
2.580E+00	-8.745E-01	-4.847E-01	3.091E+00	-5.467E+00	0.000E+00	0.000E+00	1.052E+00	5.092E+00	3.802E-02	-7.604E-02
2.590E+00	-8.418E-01	-5.383E-01	3.430E+00	-5.264E+00	0.000E+00	0.000E+00	1.025E+00	5.098E+00	3.802E-02	-7.604E-02
2.600E+00	-8.059E-01	-5.899E-01	3.757E+00	-5.041E+00	0.000E+00	0.000E+00	9.980E-01	5.103E+00	3.802E-02	-7.604E-02
2.610E+00	-7.667E-01	-6.391E-01	4.069E+00	-4.797E+00	0.000E+00	0.000E+00	9.709E-01	5.109E+00	3.802E-02	-7.604E-02
2.620E+00	-7.246E-01	-6.857E-01	4.365E+00	-4.533E+00	0.000E+00	0.000E+00	9.438E-01	5.114E+00	3.802E-02	-7.604E-02
2.630E+00	-6.795E-01	-7.297E-01	4.645E+00	-4.251E+00	0.000E+00	0.000E+00	9.167E-01	5.119E+00	3.802E-02	-7.604E-02
2.640E+00	-6.317E-01	-7.707E-01	4.906E+00	-3.952E+00	0.000E+00	0.000E+00	8.896E-01	5.123E+00	3.802E-02	-7.604E-02
2.650E+00	-5.814E-01	-8.087E-01	5.148E+00	-3.637E+00	0.000E+00	0.000E+00	8.624E-01	5.128E+00	3.802E-02	-7.604E-02
2.660E+00	-5.288E-01	-8.434E-01	5.370E+00	-3.306E+00	0.000E+00	0.000E+00	8.352E-01	5.132E+00	3.802E-02	-7.604E-02
2.670E+00	-4.741E-01	-8.748E-01	5.571E+00	-2.962E+00	0.000E+00	0.000E+00	8.080E-01	5.137E+00	3.802E-02	-7.604E-02
2.680E+00	-4.175E-01	-9.026E-01	5.750E+00	-2.605E+00	0.000E+00	0.000E+00	7.808E-01	5.141E+00	3.802E-02	-7.604E-02
2.690E+00	-3.592E-01	-9.268E-01	5.906E+00	-2.238E+00	0.000E+00	0.000E+00	7.535E-01	5.145E+00	3.802E-02	-7.604E-02
2.700E+00	-2.994E-01	-9.473E-01	6.039E+00	-1.860E+00	0.000E+00	0.000E+00	7.263E-01	5.149E+00	3.802E-02	-7.604E-02
2.710E+00	-2.385E-01	-9.640E-01	6.147E+00	-1.475E+00	0.000E+00	0.000E+00	6.990E-01	5.153E+00	3.802E-02	-7.604E-02
2.720E+00	-1.766E-01	-9.768E-01	6.231E+00	-1.084E+00	0.000E+00	0.000E+00	6.717E-01	5.156E+00	3.802E-02	-7.604E-02
2.730E+00	-1.140E-01	-9.857E-01	6.290E+00	-6.871E-01	0.000E+00	0.000E+00	6.443E-01	5.160E+00	3.802E-02	-7.604E-02
2.740E+00	-5.087E-02	-9.905E-01	6.323E+00	-2.873E-01	0.000E+00	0.000E+00	6.170E-01	5.163E+00	3.802E-02	-7.604E-02
2.750E+00	1.241E-02	-9.914E-01	6.331E+00	1.141E-01	0.000E+00	0.000E+00	5.896E-01	5.166E+00	3.802E-02	-7.604E-02
2.760E+00	7.565E-02	-9.883E-01	6.313E+00	5.155E-01	0.000E+00	0.000E+00	5.622E-01	5.170E+00	3.802E-02	-7.604E-02
2.770E+00	1.386E-01	-9.811E-01	6.269E+00	9.152E-01	0.000E+00	0.000E+00	5.348E-01	5.172E+00	3.802E-02	-7.604E-02
2.780E+00	2.010E-01	-9.700E-01	6.200E+00	1.311E+00	0.000E+00	0.000E+00	5.074E-01	5.175E+00	3.802E-02	-7.604E-02
2.790E+00	2.625E-01	-9.549E-01	6.106E+00	1.703E+00	0.000E+00	0.000E+00	4.800E-01	5.178E+00	3.802E-02	-7.604E-02
2.800E+00	3.230E-01	-9.359E-01	5.987E+00	2.087E+00	0.000E+00	0.000E+00	4.525E-01	5.180E+00	3.802E-02	-7.604E-02
2.810E+00	3.822E-01	-9.132E-01	5.844E+00	2.464E+00	0.000E+00	0.000E+00	4.251E-01	5.183E+00	3.802E-02	-7.604E-02
2.820E+00	4.398E-01	-8.867E-01	5.676E+00	2.830E+00	0.000E+00	0.000E+00	3.976E-01	5.185E+00	3.802E-02	-7.604E-02
2.830E+00	4.956E-01	-8.566E-01	5.486E+00	3.186E+00	0.000E+00	0.000E+00	3.701E-01	5.187E+00	3.802E-02	-7.604E-02
2.840E+00	5.494E-01	-8.230E-01	5.273E+00	3.528E+00	0.000E+00	0.000E+00	3.427E-01	5.189E+00	3.802E-02	-7.604E-02
2.850E+00	6.010E-01	-7.861E-01	5.038E+00	3.856E+00	0.000E+00	0.000E+00	3.152E-01	5.190E+00	3.802E-02	-7.604E-02
2.860E+00	6.501E-01	-7.459E-01	4.783E+00	4.168E+00	0.000E+00	0.000E+00	2.876E-01	5.192E+00	3.802E-02	-7.604E-02
2.870E+00	6.966E-01	-7.028E-01	4.509E+00	4.464E+00	0.000E+00	0.000E+00	2.601E-01	5.193E+00	3.802E-02	-7.604E-02
2.880E+00	7.403E-01	-6.567E-01	4.216E+00	4.741E+00	0.000E+00	0.000E+00	2.326E-01	5.195E+00	3.802E-02	-7.604E-02
2.890E+00	7.809E-01	-6.080E-01	3.906E+00	4.999E+00	0.000E+00	0.000E+00	2.051E-01	5.196E+00	3.802E-02	-7.604E-02
2.900E+00	8.183E-01	-5.568E-01	3.580E+00	5.236E+00	0.000E+00	0.000E+00	1.775E-01	5.197E+00	3.802E-02	-7.604E-02
2.910E+00	8.524E-01	-5.034E-01	3.240E+00	5.452E+00	0.000E+00	0.000E+00	1.500E-01	5.198E+00	3.802E-02	-7.604E-02
2.920E+00	8.831E-01	-4.479E-01	2.887E+00	5.646E+00	0.000E+00	0.000E+00	1.225E-01	5.199E+00	3.802E-02	-7.604E-02
2.930E+00	9.101E-01	-3.905E-01	2.523E+00	5.816E+00	0.000E+00	0.000E+00	9.492E-02	5.199E+00	3.802E-02	-7.604E-02
2.940E+00	9.335E-01	-3.316E-01	2.148E+00	5.963E+00	0.000E+00	0.000E+00	6.737E-02	5.200E+00	3.802E-02	-7.604E-02
2.950E+00	9.531E-01	-2.714E-01	1.765E+00	6.086E+00	0.000E+00	0.000E+00	3.981E-02	5.200E+00	3.802E-02	-7.604E-02
2.960E+00	9.688E-01	-2.100E-01	1.375E+00	6.183E+00	0.000E+00	0.000E+00	1.226E-02	5.200E+00	3.802E-02	-7.604E-02
2.970E+00	9.806E-01	-1.478E-01	9.801E-01	6.256E+00	0.000E+00	0.000E+00	-1.529E-02	5.200E+00	3.802E-02	-7.604E-02
2.980E+00	9.884E-01	-8.495E-02	5.816E-01	6.303E+00	0.000E+00	0.000E+00	-4.285E-02	5.200E+00	3.802E-02	-7.604E-02
2.990E+00	9.922E-01	-2.179E-02	1.813E-01	6.325E+00	0.000E+00	0.000E+00	-7.040E-02	5.200E+00	3.802E-02	-7.604E-02
3.000E+00	9.920E-01	4.146E-02	-2.193E-01	6.321E+00	0.000E+00	0.000E+00	-9.795E-02	5.199E+00	3.802E-02	-7.604E-02
3.010E+00	9.878E-01	1.045E-01	-6.185E-01	6.292E+00	0.000E+00	0.000E+00	-1.255E-01	5.198E+00	3.802E-02	-7.604E-02
3.020E+00	9.796E-01	1.672E-01	-1.015E+00	6.237E+00	0.000E+00	0.000E+00	-1.530E-01	5.198E+00	3.802E-02	-7.604E-02
3.030E+00	9.675E-01	2.292E-01	-1.406E+00	6.158E+00	0.000E+00	0.000E+00	-1.806E-01	5.197E+00	3.802E-02	-7.604E-02
3.040E+00	9.515E-01	2.903E-01	-1.791E+00	6.054E+00	0.000E+00	0.000E+00	-2.081E-01	5.196E+00	3.802E-02	-7.604E-02
3.050E+00	9.317E-01	3.502E-01	-2.169E+00	5.925E+00	0.000E+00	0.000E+00	-2.356E-01	5.195E+00	3.802E-02	-7.604E-02
3.060E+00	9.082E-01	4.087E-01	-2.537E+00	5.774E+00	0.000E+00	0.000E+00	-2.632E-01	5.193E+00	3.802E-02	-7.604E-02
3.070E+00	8.810E-01	4.656E-01	-2.894E+00	5.599E+00	0.000E+00	0.000E+00	-2.907E-01	5.192E+00	3.802E-02	-7.604E-02
3.080E+00	8.503E-01	5.206E-01	-3.239E+00	5.403E+00	0.000E+00	0.000E+00	-3.182E-01	5.190E+00	3.802E-02	-7.604E-02
3.090E+00	8.163E-01	5.736E-01	-3.571E+00	5.185E+00	0.000E+00	0.000E+00	-3.457E-01	5.188E+00	3.802E-02	-7.604E-02
3.100E+00	7.790E-01	6.243E-01	-3.888E+00	4.947E+00	0.000E+00	0.000E+00	-3.732E-01	5.187E+00	3.802E-02	-7.604E-02
3.110E+00	7.386E-01	6.725E-01	-4.189E+00	4.690E+00	0.000E+00	0.000E+00	-4.006E-01	5.185E+00	3.802E-02	-7.604E-02
3.120E+00	6.952E-01	7.180E-01	-4.473E+00	4.415E+00	0.000E+00	0.000E+00	-4.281E-01	5.182E+00	3.802E-02	-7.604E-02
3.130E+00	6.492E-01	7.607E-01	-4.739E+00	4.123E+00	0.000E+00	0.000E+00	-4.556E-01	5.180E+00	3.802E-02	-7.604E-02
3.140E+00	6.005E-01	8.004E-01	-4.985E+00	3.816E+00	0.000E+00	0.000E+00	-4.830E-01	5.178E+00	3.802E-02	-7.604E-02
3.150E+00	5.495E-01	8.370E-01	-5.212E+00	3.493E+00	0.000E+00	0.000E+00	-5.104E-01	5.175E+00	3.802E-02	-7.604E-02
3.160E+00	4.964E-01	8.702E-01	-5.417E+00	3.158E+00	0.000E+00	0.000E+00	-5.378E-01	5.172E+00	3.802E-02	-7.604E-02
3.170E+00	4.412E-01	9.001E-01	-5.601E+00	2.811E+00	0.000E+00	0.000E+00	-5.652E-01	5.169E+00	3.802E-02	-7.604E-02
3.180E+00	3.844E-01	9.264E-01	-5.763E+00	2.453E+00	0.000E+00	0.000E+00	-5.926E-01	5.166E+00	3.802E-02	-7.604E-02
3.190E+00	3.261E-01	9.491E-01	-5.902E+00	2.087E+00	0.000E+00	0.000E+00	-6.200E-01	5.163E+00	3.802E-02	-7.604E-02
3.200E+00	2.664E-01	9.681E-01	-6.018E+00	1.713E+00	0.000E+00	0.000E+00	-6.473E-01	5.160E+00	3.802E-02	-7.604E-02
3.210E+00	2.058E-01	9.834E-01	-6.110E+00	1.333E+00	0.000E+00	0.000E+00	-6.747E-01	5.156E+00	3.802E-02	-7.604E-02
3.220E+00	1.443E-01	9.948E-01	-6.178E+00	9.481E-01	0.000E+00	0.000E+00	-7.020E-01	5.152E+00	3.802E-02	-7.604E-02
3.230E+00	8.230E-02	1.002E+00	-6.222E+00	5.604E-01	0.000E+00	0.000E+00	-7.293E-01	5.149E+00	3.802E-02	-7.604E-02
3.240E+00	1.996E-02	1.006E+00	-6.242E+00	1.710E-01	0.000E+00	0.000E+00	-7.565E-01	5.145E+00	3.802E-02	-7.604E-02
3.250E+00	-4.246E-02	1.006E+00	-6.238E+00	-2.184E-01	0.000E+00	0.000E+00	-7.838E-01	5.141E+00	3.802E-02	-7.604E-02
3.260E+00	-1.047E-01	1.002E+00	-6.209E+00	-6.065E-01	0.000E+00	0.000E+00	-8.110E-01	5.136E+00	3.802E-02	-7.604E-02
3.270E+00	-1.666E-01	9.936E-01	-6.157E+00	-9.918E-01	0.000E+00	0.000E+00	-8.382E-01	5.132E+00	3.802E-02	-7.604E-02
3.280E+00	-2.278E-01	9.818E-01	-6.081E+00	-1.373E+00	0.000E+00	0.000E+00	-8.654E-01	5.127E+00	3.802E-02	-7.604E-02
3.290E+00	-2.881E-01	9.662E-01	-5.981E+00	-1.748E+00	0.000E+00	0.000E+00	-8.926E-01	5.123E+00	3.802E-02	-7.604E-02
3.300E+00	-3.473E-01	9.469E-01	-5.859E+00	-2.116E+00	0.000E+00	0.000E+00	-9.197E-01	5.118E+00	3.802E-02	-7.604E-02
3.310E+00	-4.052E-01	9.239E-01	-5.714E+00	-2.476E+00	0.000E+00	0.000E+00	-9.468E-01	5.113E+00	3.802E-02	-7.604E-02
3.320E+00	-4.615E-01	8.974E-01	-5.548E+00	-2.826E+00	0.000E+00	0.000E+00	-9.739E-01	5.108E+00	3.802E-02	-7.604E-02
3.330E+00	-5.161E-01	8.674E-01	-5.360E+00	-3.165E+00	0.000E+00	0.000E+00	-1.001E+00	5.103E+00	3.802E-02	-7.604E-02
3.340E+00	-5.687E-01	8.341E-01	-5.152E+00	-3.491E+00	0.000E+00	0.000E+00	-1.028E+00	5.097E+00	3.802E-02	-7.604E-02
3.350E+00	-6.191E-01	7.976E-01	-4.924E+00	-3.804E+00	0.000E+00	0.000E+00	-1.055E+00	5.092E+00	3.802E-02	-7.604E-02
3.360E+00	-6.671E-01	7.581E-01	-4.677E+00	-4.102E+00	0.000E+00	0.000E+00	-1.082E+00	5.086E+00	3.802E-02	-7.604E-02
3.370E+00	-7.126E-01	7.156E-01	-4.413E+00	-4.384E+00	0.000E+00	0.000E+00	-1.109E+00	5.080E+00	3.802E-02	-7.604E-02
3.380E+00	-7.553E-01	6.705E-01	-4.131E+00	-4.650E+00	0.000E+00	0.000E+00	-1.136E+00	5.074E+00	3.802E-02	-7.604E-02
3.390E+00	-7.951E-01	6.227E-01	-3.834E+00	-4.898E+00	0.000E+00	0.000E+00	-1.163E+00	5.068E+00	3.802E-02	-7.604E-02
3.400E+00	-8.319E-01	5.726E-01	-3.522E+00	-5.126E+00	0.000E+00	0.000E+00	-1.189E+00	5.062E+00	3.802E-02	-7.604E-02
3.410E+00	-8.655E-01	5.202E-01	-3.197E+00	-5.336E+00	0.000E+00	0.000E+00	-1.216E+00	5.056E+00	3.802E-02	-7.604E-02
3.420E+00	-8.958E-01	4.659E-01	-2.859E+00	-5.525E+00	0.000E+00	0.000E+00	-1.243E+00	5.049E+00	3.802E-02	-7.604E-02
3.430E+00	-9.227E-01	4.098E-01	-2.510E+00	-5.692E+00	0.000E+00	0.000E+00	-1.270E+00	5.043E+00	3.802E-02	-7.604E-02
3.440E+00	-9.460E-01	3.521E-01	-2.152E+00	-5.839E+00	0.000E+00	0.000E+00	-1.296E+00	5.036E+00	3.802E-02	-7.604E-02
3.450E+00	-9.657E-01	2.931E-01	-1.785E+00	-5.962E+00	0.000E+00	0.000E+00	-1.323E+00	5.029E+00	3.802E-02	-7.604E-02
3.460E+00	-9.817E-01	2.330E-01	-1.411E+00	-6.063E+00	0.000E+00	0.000E+00	-1.350E+00	5.022E+00	3.802E-02	-7.604E-02
3.470E+00	-9.939E-01	1.719E-01	-1.031E+00	-6.141E+00	0.000E+00	0.000E+00	-1.376E+00	5.015E+00	3.802E-02	-7.604E-02
3.480E+00	-1.002E+00	1.102E-01	-6.463E-01	-6.195E+00	0.000E+00	0.000E+00	-1.403E+00	5.007E+00	3.802E-02	-7.604E-02
3.490E+00	-1.007E+00	4.812E-02	-2.591E-01	-6.225E+00	0.000E+00	0.000E+00	-1.429E+00	5.000E+00	3.802E-02	-7.604E-02
3.500E+00	-1.007E+00	-1.419E-02	1.295E-01	-6.232E+00	0.000E+00	0.000E+00	-1.456E+00	4.992E+00	3.802E-02	-7.604E-02
3.510E+00	-1.004E+00	-7.644E-02	5.180E-01	-6.214E+00	0.000E+00	0.000E+00	-1.482E+00	4.984E+00	3.802E-02	-7.604E-02
3.520E+00	-9.971E-01	-1.384E-01	9.051E-01	-6.172E+00	0.000E+00	0.000E+00	-1.509E+00	4.976E+00	3.802E-02	-7.604E-02
3.530E+00	-9.861E-01	-1.998E-01	1.289E+00	-6.107E+00	0.000E+00	0.000E+00	-1.535E+00	4.968E+00	3.802E-02	-7.604E-02
3.540E+00	-9.713E-01	-2.605E-01	1.669E+00	-6.017E+00	0.000E+00	0.000E+00	-1.561E+00	4.960E+00	3.802E-02	-7.604E-02
3.550E+00	-9.528E-01	-3.201E-01	2.043E+00	-5.904E+00	0.000E+00	0.000E+00	-1.588E+00	4.952E+00	3.802E-02	-7.604E-02
3.560E+00	-9.305E-01	-3.785E-01	2.409E+00	-5.768E+00	0.000E+00	0.000E+00	-1.614E+00	4.943E+00	3.802E-02	-7.604E-02
3.570E+00	-9.046E-01	-4.354E-01	2.767E+00	-5.609E+00	0.000E+00	0.000E+00	-1.640E+00	4.935E+00	3.802E-02	-7.604E-02
3.580E+00	-8.752E-01	-4.906E-01	3.115E+00	-5.428E+00	0.000E+00	0.000E+00	-1.666E+00	4.926E+00	3.802E-02	-7.604E-02
3.590E+00	-8.424E-01	-5.439E-01	3.451E+00	-5.226E+00	0.000E+00	0.000E+00	-1.692E+00	4.917E+00	3.802E-02	-7.604E-02
3.600E+00	-8.062E-01	-5.950E-01	3.774E+00	-5.002E+00	0.000E+00	0.000E+00	-1.718E+00	4.908E+00	3.802E-02	-7.604E-02
3.610E+00	-7.669E-01	-6.439E-01	4.083E+00	-4.759E+00	0.000E+00	0.000E+00	-1.744E+00	4.899E+00	3.802E-02	-7.604E-02
3.620E+00	-7.246E-01	-6.901E-01	4.377E+00	-4.496E+00	0.000E+00	0.000E+00	-1.770E+00	4.889E+00	3.802E-02	-7.604E-02
3.630E+00	-6.794E-01	-7.337E-01	4.654E+00	-4.215E+00	0.000E+00	0.000E+00	-1.796E+00	4.880E+00	3.802E-02	-7.604E-02
3.640E+00	-6.316E-01	-7.744E-01	4.913E+00	-3.917E+00	0.000E+00	0.000E+00	-1.822E+00	4.870E+00	3.802E-02	-7.604E-02
3.650E+00	-5.812E-01	-8.120E-01	5.153E+00	-3.603E+00	0.000E+00	0.000E+00	-1.848E+00	4.861E+00	3.802E-02	-7.604E-02
3.660E+00	-5.286E-01	-8.464E-01	5.373E+00	-3.273E+00	0.000E+00	0.000E+00	-1.873E+00	4.851E+00	3.802E-02	-7.604E-02
3.670E+00	-4.738E-01	-8.774E-01	5.573E+00	-2.930E+00	0.000E+00	0.000E+00	-1.899E+00	4.841E+00	3.802E-02	-7.604E-02
3.680E+00	-4.172E-01	-9.050E-01	5.750E+00	-2.575E+00	0.000E+00	0.000E+00	-1.925E+00	4.831E+00	3.802E-02	-7.604E-02
3.690E+00	-3.589E-01	-9.289E-01	5.905E+00	-2.208E+00	0.000E+00	0.000E+00	-1.950E+00	4.820E+00	3.802E-02	-7.604E-02
3.700E+00	-2.992E-01	-9.491E-01	6.037E+00	-1.832E+00	0.000E+00	0.000E+00	-1.976E+00	4.810E+00	3.802E-02	-7.604E-02
3.710E+00	-2.383E-01	-9.655E-01	6.145E+00	-1.448E+00	0.000E+00	0.000E+00	-2.001E+00	4.799E+00	3.802E-02	-7.604E-02
3.720E+00	-1.764E-01	-9.780E-01	6.228E+00	-1.058E+00	0.000E+00	0.000E+00	-2.027E+00	4.789E+00	3.802E-02	-7.604E-02
3.730E+00	-1.138E-01	-9.866E-01	6.286E+00	-6.620E-01	0.000E+00	0.000E+00	-2.052E+00	4.778E+00	3.802E-02	-7.604E-02
3.740E+00	-5.073E-02	-9.913E-01	6.320E+00	-2.628E-01	0.000E+00	0.000E+00	-2.077E+00	4.767E+00	3.802E-02	-7.604E-02
3.750E+00	1.252E-02	-9.919E-01	6.327E+00	1.381E-01	0.000E+00	0.000E+00	-2.103E+00	4.756E+00	3.802E-02	-7.604E-02
3.760E+00	7.573E-02	-9.885E-01	6.309E+00	5.391E-01	0.000E+00	0.000E+00	-2.128E+00	4.745E+00	3.802E-02	-7.604E-02
3.770E+00	1.386E-01	-9.811E-01	6.266E+00	9.387E-01	0.000E+00	0.000E+00	-2.153E+00	4.733E+00	3.802E-02	-7.604E-02
3.780E+00	2.010E-01	-9.697E-01	6.197E+00	1.335E+00	0.000E+00	0.000E+00	-2.178E+00	4.722E+00	3.802E-02	-7.604E-02
3.790E+00	2.625E-01	-9.544E-01	6.102E+00	1.727E+00	0.000E+00	0.000E+00	-2.203E+00	4.710E+00	3.802E-02	-7.604E-02
3.800E+00	3.229E-01	-9.352E-01	5.983E+00	2.112E+00	0.000E+00	0.000E+00	-2.228E+00	4.699E+00	3.802E-02	-7.604E-02
3.810E+00	3.821E-01	-9.122E-01	5.839E+00	2.489E+00	0.000E+00	0.000E+00	-2.253E+00	4.687E+00	3.802E-02	-7.604E-02
3.820E+00	4.396E-01	-8.855E-01	5.671E+00	2.856E+00	0.000E+00	0.000E+00	-2.277E+00	4.675E+00	3.802E-02	-7.604E-02
3.830E+00	4.954E-01	-8.551E-01	5.480E+00	3.212E+00	0.000E+00	0.000E+00	-2.302E+00	4.663E+00	3.802E-02	-7.604E-02
3.840E+00	5.492E-01	-8.213E-01	5.266E+00	3.555E+00	0.000E+00	0.000E+00	-2.327E+00	4.650E+00	3.802E-02	-7.604E-02
3.850E+00	6.007E-01	-7.841E-01	5.031E+00	3.884E+00	0.000E+00	0.000E+00	-2.351E+00	4.638E+00	3.802E-02	-7.604E-02
3.860E+00	6.497E-01	-7.437E-01	4.774E+00	4.197E+00	0.000E+00	0.000E+00	-2.376E+00	4.625E+00	3.802E-02	-7.604E-02
3.870E+00	6.961E-01	-7.002E-01	4.498E+00	4.494E+00	0.000E+00	0.000E+00	-2.400E+00	4.613E+00	3.802E-02	-7.604E-02
3.880E+00	7.396E-01	-6.539E-01	4.204E+00	4.771E+00	0.000E+00	0.000E+00	-2.425E+00	4.600E+00	3.802E-02	-7.604E-02
3.890E+00	7.801E-01	-6.048E-01	3.892E+00	5.030E+00	0.000E+00	0.000E+00	-2.449E+00	4.587E+00	3.802E-02	-7.604E-02
3.900E+00	8.174E-01	-5.533E-01	3.564E+00	5.268E+00	0.000E+00	0.000E+00	-2.473E+00	4.574E+00	3.802E-02	-7.604E-02
3.910E+00	8.513E-01	-4.995E-01	3.221E+00	5.484E+00	0.000E+00	0.000E+00	-2.498E+00	4.561E+00	3.802E-02	-7.604E-02
3.920E+00	8.818E-01	-4.437E-01	2.865E+00	5.678E+00	0.000E+00	0.000E+00	-2.522E+00	4.548E+00	3.802E-02	-7.604E-02
3.930E+00	9.086E-01	-3.861E-01	2.497E+00	5.848E+00	0.000E+00	0.000E+00	-2.546E+00	4.534E+00	3.802E-02	-7.604E-02
3.940E+00	9.317E-01	-3.268E-01	2.120E+00	5.995E+00	0.000E+00	0.000E+00	-2.570E+00	4.521E+00	3.802E-02	-7.604E-02
3.950E+00	9.510E-01	-2.663E-01	1.734E+00	6.116E+00	0.000E+00	0.000E+00	-2.594E+00	4.507E+00	3.802E-02	-7.604E-02
3.960E+00	9.663E-01	-2.046E-01	1.341E+00	6.213E+00	0.000E+00	0.000E+00	-2.618E+00	4.493E+00	3.802E-02	-7.604E-02
3.970E+00	9.777E-01	-1.421E-01	9.423E-01	6.284E+00	0.000E+00	0.000E+00	-2.641E+00	4.479E+00	3.802E-02	-7.604E-02
3.980E+00	9.852E-01	-7.899E-02	5.405E-01	6.329E+00	0.000E+00	0.000E+00	-2.665E+00	4.465E+00	3.802E-02	-7.604E-02
3.990E+00	9.886E-01	-1.558E-02	1.370E-01	6.349E+00	0.000E+00	0.000E+00	-2.689E+00	4.451E+00	3.802E-02	-7.604E-02
4.000E+00	9.879E-01	4.790E-02	-2.667E-01	6.342E+00	0.000E+00	0.000E+00	-2.712E+00	4.437E+00	3.802E-02	-7.604E-02
4.010E+00	9.832E-01	1.112E-01	-6.688E-01	6.310E+00	0.000E+00	0.000E+00	-2.736E+00	4.422E+00	3.802E-02	-7.604E-02
4.020E+00	9.745E-01	1.740E-01	-1.068E+00	6.252E+00	0.000E+00	0.000E+00	-2.759E+00	4.408E+00	3.802E-02	-7.604E-02
4.030E+00	9.619E-01	2.361E-01	-1.462E+00	6.169E+00	0.000E+00	0.000E+00	-2.782E+00	4.393E+00	3.802E-02	-7.604E-02
4.040E+00	9.453E-01	2.973E-01	-1.849E+00	6.060E+00	0.000E+00	0.000E+00	-2.806E+00	4.378E+00	3.802E-02	-7.604E-02
4.050E+00	9.249E-01	3.573E-01	-2.228E+00	5.928E+00	0.000E+00	0.000E+00	-2.829E+00	4.363E+00	3.802E-02	-7.604E-02
4.060E+00	9.008E-01	4.158E-01	-2.598E+00	5.771E+00	0.000E+00	0.000E+00	-2.852E+00	4.348E+00	3.802E-02	-7.604E-02
4.070E+00	8.730E-01	4.726E-01	-2.956E+00	5.592E+00	0.000E+00	0.000E+00	-2.875E+00	4.333E+00	3.802E-02	-7.604E-02
4.080E+00	8.417E-01	5.275E-01	-3.302E+00	5.391E+00	0.000E+00	0.000E+00	-2.898E+00	4.318E+00	3.802E-02	-7.604E-02
4.090E+00	8.070E-01	5.804E-01	-3.634E+00	5.168E+00	0.000E+00	0.000E+00	-2.921E+00	4.302E+00	3.802E-02	-7.604E-02
4.100E+00	7.691E-01	6.308E-01	-3.951E+00	4.925E+00	0.000E+00	0.000E+00	-2.943E+00	4.287E+00	3.802E-02	-7.604E-02
4.110E+00	7.281E-01	6.788E-01	-4.251E+00	4.662E+00	0.000E+00	0.000E+00	-2.966E+00	4.271E+00	3.802E-02	-7.604E-02
4.120E+00	6.841E-01	7.240E-01	-4.533E+00	4.382E+00	0.000E+00	0.000E+00	-2.989E+00	4.255E+00	3.802E-02	-7.604E-02
4.130E+00	6.375E-01	7.664E-01	-4.797E+00	4.084E+00	0.000E+00	0.000E+00	-3.011E+00	4.239E+00	3.802E-02	-7.604E-02
4.140E+00	5.883E-01	8.057E-01	-5.041E+00	3.772E+00	0.000E+00	0.000E+00	-3.034E+00	4.223E+00	3.802E-02	-7.604E-02
4.150E+00	5.367E-01	8.417E-01	-5.265E+00	3.444E+00	0.000E+00	0.000E+00	-3.056E+00	4.207E+00	3.802E-02	-7.604E-02
4.160E+00	4.830E-01	8.745E-01	-5.467E+00	3.104E+00	0.000E+00	0.000E+00	-3.078E+00	4.191E+00	3.802E-02	-7.604E-02
4.170E+00	4.274E-01	9.038E-01	-5.647E+00	2.753E+00	0.000E+00	0.000E+00	-3.100E+00	4.175E+00	3.802E-02	-7.604E-02
4.180E+00	3.701E-01	9.295E-01	-5.805E+00	2.391E+00	0.000E+00	0.000E+00	-3.122E+00	4.158E+00	3.802E-02	-7.604E-02
4.190E+00	3.114E-01	9.516E-01	-5.939E+00	2.020E+00	0.000E+00	0.000E+00	-3.144E+00	4.142E+00	3.802E-02	-7.604E-02
4.200E+00	2.514E-01	9.699E-01	-6.050E+00	1.643E+00	0.000E+00	0.000E+00	-3.166E+00	4.125E+00	3.802E-02	-7.604E-02
4.210E+00	1.905E-01	9.844E-01	-6.137E+00	1.260E+00	0.000E+00	0.000E+00	-3.188E+00	4.108E+00	3.802E-02	-7.604E-02
4.220E+00	1.288E-01	9.951E-01	-6.200E+00	8.727E-01	0.000E+00	0.000E+00	-3.210E+00	4.091E+00	3.802E-02	-7.604E-02
4.230E+00	6.657E-02	1.002E+00	-6.238E+00	4.829E-01	0.000E+00	0.000E+00	-3.232E+00	4.074E+00	3.802E-02	-7.604E-02
4.240E+00	4.104E-03	1.005E+00	-6.252E+00	9.199E-02	0.000E+00	0.000E+00	-3.253E+00	4.057E+00	3.802E-02	-7.604E-02
4.250E+00	-5.838E-02	1.004E+00	-6.241E+00	-2.985E-01	0.000E+00	0.000E+00	-3.275E+00	4.039E+00	3.802E-02	-7.604E-02
4.260E+00	-1.206E-01	9.988E-01	-6.207E+00	-6.870E-01	0.000E+00	0.000E+00	-3.296E+00	4.022E+00	3.802E-02	-7.604E-02
4.270E+00	-1.824E-01	9.900E-01	-6.148E+00	-1.072E+00	0.000E+00	0.000E+00	-3.317E+00	4.005E+00	3.802E-02	-7.604E-02
4.280E+00	-2.435E-01	9.773E-01	-6.066E+00	-1.453E+00	0.000E+00	0.000E+00	-3.338E+00	3.987E+00	3.802E-02	-7.604E-02
4.290E+00	-3.037E-01	9.609E-01	-5.960E+00	-1.827E+00	0.000E+00	0.000E+00	-3.359E+00	3.969E+00	3.802E-02	-7.604E-02
4.300E+00	-3.627E-01	9.408E-01	-5.832E+00	-2.193E+00	0.000E+00	0.000E+00	-3.380E+00	3.951E+00	3.802E-02	-7.604E-02
4.310E+00	-4.202E-01	9.171E-01	-5.682E+00	-2.550E+00	0.000E+00	0.000E+00	-3.401E+00	3.933E+00	3.802E-02	-7.604E-02
4.320E+00	-4.762E-01	8.899E-01	-5.510E+00	-2.898E+00	0.000E+00	0.000E+00	-3.422E+00	3.915E+00	3.802E-02	-7.604E-02
4.330E+00	-5.304E-01	8.592E-01	-5.316E+00	-3.233E+00	0.000E+00	0.000E+00	-3.443E+00	3.897E+00	3.802E-02	-7.604E-02
4.340E+00	-5.825E-01	8.252E-01	-5.103E+00	-3.556E+00	0.000E+00	0.000E+00	-3.463E+00	3.879E+00	3.802E-02	-7.604E-02
4.350E+00	-6.324E-01	7.881E-01	-4.871E+00	-3.865E+00	0.000E+00	0.000E+00	-3.484E+00	3.860E+00	3.802E-02	-7.604E-02
4.360E+00	-6.798E-01	7.480E-01	-4.620E+00	-4.158E+00	0.000E+00	0.000E+00	-3.504E+00	3.842E+00	3.802E-02	-7.604E-02
4.370E+00	-7.247E-01	7.050E-01	-4.352E+00	-4.436E+00	0.000E+00	0.000E+00	-3.525E+00	3.823E+00	3.802E-02	-7.604E-02
4.380E+00	-7.668E-01	6.593E-01	-4.067E+00	-4.696E+00	0.000E+00	0.000E+00	-3.545E+00	3.805E+00	3.802E-02	-7.604E-02
4.390E+00	-8.060E-01	6.112E-01	-3.767E+00	-4.939E+00	0.000E+00	0.000E+00	-3.565E+00	3.786E+00	3.802E-02	-7.604E-02
4.400E+00	-8.421E-01	5.606E-01	-3.453E+00	-5.162E+00	0.000E+00	0.000E+00	-3.585E+00	3.767E+00	3.802E-02	-7.604E-02
4.410E+00	-8.750E-01	5.080E-01	-3.125E+00	-5.365E+00	0.000E+00	0.000E+00	-3.605E+00	3.748E+00	3.802E-02	-7.604E-02
4.420E+00	-9.046E-01	4.534E-01	-2.786E+00	-5.549E+00	0.000E+00	0.000E+00	-3.625E+00	3.729E+00	3.802E-02	-7.604E-02
4.430E+00	-9.307E-01	3.971E-01	-2.437E+00	-5.710E+00	0.000E+00	0.000E+00	-3.644E+00	3.709E+00	3.802E-02	-7.604E-02
4.440E+00	-9.533E-01	3.393E-01	-2.078E+00	-5.851E+00	0.000E+00	0.000E+00	-3.664E+00	3.690E+00	3.802E-02	-7.604E-02
4.450E+00	-9.722E-01	2.801E-01	-1.711E+00	-5.969E+00	0.000E+00	0.000E+00	-3.683E+00	3.670E+00	3.802E-02	-7.604E-02
4.460E+00	-9.875E-01	2.200E-01	-1.337E+00	-6.064E+00	0.000E+00	0.000E+00	-3.703E+00	3.651E+00	3.802E-02	-7.604E-02
4.470E+00	-9.990E-01	1.589E-01	-9.587E-01	-6.136E+00	0.000E+00	0.000E+00	-3.722E+00	3.631E+00	3.802E-02	-7.604E-02
4.480E+00	-1.007E+00	9.732E-02	-5.761E-01	-6.185E+00	0.000E+00	0.000E+00	-3.741E+00	3.611E+00	3.802E-02	-7.604E-02
4.490E+00	-1.010E+00	3.532E-02	-1.910E-01	-6.210E+00	0.000E+00	0.000E+00	-3.760E+00	3.592E+00	3.802E-02	-7.604E-02
4.500E+00	-1.010E+00	-2.680E-02	1.951E-01	-6.211E+00	0.000E+00	0.000E+00	-3.779E+00	3.572E+00	3.802E-02	-7.604E-02
4.510E+00	-1.007E+00	-8.882E-02	5.808E-01	-6.189E+00	0.000E+00	0.000E+00	-3.798E+00	3.551E+00	3.802E-02	-7.604E-02
4.520E+00	-9.989E-01	-1.505E-01	9.646E-01	-6.143E+00	0.000E+00	0.000E+00	-3.817E+00	3.531E+00	3.802E-02	-7.604E-02
4.530E+00	-9.873E-01	-2.116E-01	1.345E+00	-6.073E+00	0.000E+00	0.000E+00	-3.836E+00	3.511E+00	3.802E-02	-7.604E-02
4.540E+00	-9.720E-01	-2.719E-01	1.721E+00	-5.980E+00	0.000E+00	0.000E+00	-3.854E+00	3.491E+00	3.802E-02	-7.604E-02
4.550E+00	-9.529E-01	-3.311E-01	2.091E+00	-5.864E+00	0.000E+00	0.000E+00	-3.873E+00	3.470E+00	3.802E-02	-7.604E-02
4.560E+00	-9.302E-01	-3.891E-01	2.453E+00	-5.726E+00	0.000E+00	0.000E+00	-3.891E+00	3.450E+00	3.802E-02	-7.604E-02
4.570E+00	-9.039E-01	-4.456E-01	2.807E+00	-5.565E+00	0.000E+00	0.000E+00	-3.909E+00	3.429E+00	3.802E-02	-7.604E-02
4.580E+00	-8.741E-01	-5.003E-01	3.150E+00	-5.382E+00	0.000E+00	0.000E+00	-3.927E+00	3.408E+00	3.802E-02	-7.604E-02
4.590E+00	-8.409E-01	-5.531E-01	3.482E+00	-5.178E+00	0.000E+00	0.000E+00	-3.945E+00	3.387E+00	3.802E-02	-7.604E-02
4.600E+00	-8.045E-01	-6.038E-01	3.801E+00	-4.953E+00	0.000E+00	0.000E+00	-3.963E+00	3.366E+00	3.802E-02	-7.604E-02
4.610E+00	-7.649E-01	-6.522E-01	4.105E+00	-4.709E+00	0.000E+00	0.000E+00	-3.981E+00	3.345E+00	3.802E-02	-7.604E-02
4.620E+00	-7.224E-01	-6.979E-01	4.395E+00	-4.447E+00	0.000E+00	0.000E+00	-3.999E+00	3.324E+00	3.802E-02	-7.604E-02
4.630E+00	-6.771E-01	-7.410E-01	4.668E+00	-4.166E+00	0.000E+00	0.000E+00	-4.016E+00	3.303E+00	3.802E-02	-7.604E-02
4.640E+00	-6.291E-01	-7.812E-01	4.923E+00	-3.868E+00	0.000E+00	0.000E+00	-4.034E+00	3.282E+00	3.802E-02	-7.604E-02
4.650E+00	-5.787E-01	-8.183E-01	5.159E+00	-3.555E+00	0.000E+00	0.000E+00	-4.051E+00	3.260E+00	3.802E-02	-7.604E-02
4.660E+00	-5.260E-01	-8.523E-01	5.376E+00	-3.227E+00	0.000E+00	0.000E+00	-4.068E+00	3.239E+00	3.802E-02	-7.604E-02
4.670E+00	-4.712E-01	-8.828E-01	5.572E+00	-2.885E+00	0.000E+00	0.000E+00	-4.085E+00	3.217E+00	3.802E-02	-7.604E-02
4.680E+00	-4.146E-01	-9.099E-01	5.747E+00	-2.531E+00	0.000E+00	0.000E+00	-4.102E+00	3.195E+00	3.802E-02	-7.604E-02
4.690E+00	-3.564E-01	-9.334E-01	5.899E+00	-2.167E+00	0.000E+00	0.000E+00	-4.119E+00	3.174E+00	3.802E-02	-7.604E-02
4.700E+00	-2.967E-01	-9.532E-01	6.029E+00	-1.793E+00	0.000E+00	0.000E+00	-4.136E+00	3.152E+00	3.802E-02	-7.604E-02
4.710E+00	-2.359E-01	-9.692E-01	6.134E+00	-1.411E+00	0.000E+00	0.000E+00	-4.153E+00	3.130E+00	3.802E-02	-7.604E-02
4.720E+00	-1.741E-01	-9.814E-01	6.216E+00	-1.022E+00	0.000E+00	0.000E+00	-4.169E+00	3.108E+00	3.802E-02	-7.604E-02
4.730E+00	-1.116E-01	-9.897E-01	6.273E+00	-6.285E-01	0.000E+00	0.000E+00	-4.186E+00	3.086E+00	3.802E-02	-7.604E-02
4.740E+00	-4.874E-02	-9.940E-01	6.305E+00	-2.314E-01	0.000E+00	0.000E+00	-4.202E+00	3.063E+00	3.802E-02	-7.604E-02
4.750E+00	1.436E-02	-9.943E-01	6.312E+00	1.674E-01	0.000E+00	0.000E+00	-4.218E+00	3.041E+00	3.802E-02	-7.604E-02
4.760E+00	7.741E-02	-9.906E-01	6.293E+00	5.666E-01	0.000E+00	0.000E+00	-4.234E+00	3.019E+00	3.802E-02	-7.604E-02
4.770E+00	1.401E-01	-9.830E-01	6.249E+00	9.643E-01	0.000E+00	0.000E+00	-4.250E+00	2.996E+00	3.802E-02	-7.604E-02
4.780E+00	2.023E-01	-9.713E-01	6.180E+00	1.359E+00	0.000E+00	0.000E+00	-4.266E+00	2.974E+00	3.802E-02	-7.604E-02
4.790E+00	2.637E-01	-9.558E-01	6.086E+00	1.749E+00	0.000E+00	0.000E+00	-4.282E+00	2.951E+00	3.802E-02	-7.604E-02
4.800E+00	3.239E-01	-9.364E-01	5.966E+00	2.133E+00	0.000E+00	0.000E+00	-4.297E+00	2.928E+00	3.802E-02	-7.604E-02
4.810E+00	3.829E-01	-9.132E-01	5.823E+00	2.509E+00	0.000E+00	0.000E+00	-4.313E+00	2.905E+00	3.802E-02	-7.604E-02
4.820E+00	4.403E-01	-8.862E-01	5.655E+00	2.875E+00	0.000E+00	0.000E+00	-4.328E+00	2.883E+00	3.802E-02	-7.604E-02
4.830E+00	4.959E-01	-8.557E-01	5.464E+00	3.230E+00	0.000E+00	0.000E+00	-4.343E+00	2.860E+00	3.802E-02	-7.604E-02
4.840E+00	5.495E-01	-8.217E-01	5.250E+00	3.573E+00	0.000E+00	0.000E+00	-4.358E+00	2.837E+00	3.802E-02	-7.604E-02
4.850E+00	6.009E-01	-7.843E-01	5.015E+00	3.902E+00	0.000E+00	0.000E+00	-4.373E+00	2.813E+00	3.802E-02	-7.604E-02
4.860E+00	6.497E-01	-7.437E-01	4.759E+00	4.215E+00	0.000E+00	0.000E+00	-4.388E+00	2.790E+00	3.802E-02	-7.604E-02
4.870E+00	6.960E-01	-7.000E-01	4.482E+00	4.511E+00	0.000E+00	0.000E+00	-4.403E+00	2.767E+00	3.802E-02	-7.604E-02
4.880E+00	7.393E-01	-6.535E-01	4.187E+00	4.789E+00	0.000E+00	0.000E+00	-4.417E+00	2.744E+00	3.802E-02	-7.604E-02
4.890E+00	7.797E-01	-6.043E-01	3.875E+00	5.048E+00	0.000E+00	0.000E+00	-4.432E+00	2.720E+00	3.802E-02	-7.604E-02
4.900E+00	8.168E-01	-5.526E-01	3.546E+00	5.286E+00	0.000E+00	0.000E+00	-4.446E+00	2.697E+00	3.802E-02	-7.604E-02
4.910E+00	8.505E-01	-4.987E-01	3.203E+00	5.503E+00	0.000E+00	0.000E+00	-4.460E+00	2.673E+00	3.802E-02	-7.604E-02
4.920E+00	8.808E-01	-4.427E-01	2.846E+00	5.697E+00	0.000E+00	0.000E+00	-4.474E+00	2.649E+00	3.802E-02	-7.604E-02
4.930E+00	9.074E-01	-3.848E-01	2.477E+00	5.867E+00	0.000E+00	0.000E+00	-4.488E+00	2.626E+00	3.802E-02	-7.604E-02
4.940E+00	9.303E-01	-3.254E-01	2.098E+00	6.014E+00	0.000E+00	0.000E+00	-4.502E+00	2.602E+00	3.802E-02	-7.604E-02
4.950E+00	9.493E-01	-2.646E-01	1.710E+00	6.136E+00	0.000E+00	0.000E+00	-4.516E+00	2.578E+00	3.802E-02	-7.604E-02
4.960E+00	9.645E-01	-2.028E-01	1.315E+00	6.232E+00	0.000E+00	0.000E+00	-4.530E+00	2.554E+00	3.802E-02	-7.604E-02
4.970E+00	9.756E-01	-1.401E-01	9.152E-01	6.303E+00	0.000E+00	0.000E+00	-4.543E+00	2.530E+00	3.802E-02	-7.604E-02
4.980E+00	9.828E-01	-7.679E-02	5.113E-01	6.348E+00	0.000E+00	0.000E+00	-4.556E+00	2.506E+00	3.802E-02	-7.604E-02
4.990E+00	9.859E-01	-1.319E-02	1.055E-01	6.366E+00	0.000E+00	0.000E+00	-4.570E+00	2.482E+00	3.802E-02	-7.604E-02
