t	earth_x	earth_y	earth_vx	earth_vy	sun_x	sun_y	jupiter_x	jupiter_y	K	U
0.000E+00	1.000E+00	0.000E+00	0.000E+00	6.283E+00	0.000E+00	0.000E+00	5.200E+00	0.000E+00	3.855E-03	-7.710E-03
1.000E-02	9.980E-01	6.279E-02	-3.945E-01	6.271E+00	0.000E+00	0.000E+00	5.200E+00	2.755E-02	3.855E-03	-7.710E-03
2.000E-02	9.921E-01	1.253E-01	-7.874E-01	6.234E+00	0.000E+00	0.000E+00	5.200E+00	5.511E-02	3.855E-03	-7.710E-03
3.000E-02	9.823E-01	1.874E-01	-1.177E+00	6.172E+00	0.000E+00	0.000E+00	5.199E+00	8.266E-02	3.855E-03	-7.710E-03
4.000E-02	9.686E-01	2.487E-01	-1.562E+00	6.086E+00	0.000E+00	0.000E+00	5.199E+00	1.102E-01	3.855E-03	-7.710E-03
5.000E-02	9.511E-01	3.090E-01	-1.941E+00	5.976E+00	0.000E+00	0.000E+00	5.198E+00	1.378E-01	3.855E-03	-7.710E-03
6.000E-02	9.298E-01	3.681E-01	-2.313E+00	5.842E+00	0.000E+00	0.000E+00	5.197E+00	1.653E-01	3.855E-03	-7.710E-03
7.000E-02	9.048E-01	4.258E-01	-2.675E+00	5.685E+00	0.000E+00	0.000E+00	5.196E+00	1.928E-01	3.855E-03	-7.710E-03
8.000E-02	8.763E-01	4.818E-01	-3.027E+00	5.506E+00	0.000E+00	0.000E+00	5.195E+00	2.204E-01	3.855E-03	-7.710E-03
9.000E-02	8.443E-01	5.358E-01	-3.366E+00	5.305E+00	0.000E+00	0.000E+00	5.194E+00	2.479E-01	3.855E-03	-7.710E-03
1.000E-01	8.090E-01	5.878E-01	-3.693E+00	5.083E+00	0.000E+00	0.000E+00	5.193E+00	2.754E-01	3.855E-03	-7.710E-03
1.100E-01	7.705E-01	6.374E-01	-4.005E+00	4.841E+00	0.000E+00	0.000E+00	5.191E+00	3.029E-01	3.855E-03	-7.710E-03
1.200E-01	7.290E-01	6.846E-01	-4.301E+00	4.580E+00	0.000E+00	0.000E+00	5.189E+00	3.304E-01	3.855E-03	-7.710E-03
1.300E-01	6.846E-01	7.290E-01	-4.580E+00	4.301E+00	0.000E+00	0.000E+00	5.188E+00	3.579E-01	3.855E-03	-7.710E-03
1.400E-01	6.374E-01	7.705E-01	-4.841E+00	4.005E+00	0.000E+00	0.000E+00	5.186E+00	3.854E-01	3.855E-03	-7.710E-03
1.500E-01	5.878E-01	8.090E-01	-5.083E+00	3.693E+00	0.000E+00	0.000E+00	5.184E+00	4.129E-01	3.855E-03	-7.710E-03
1.600E-01	5.359E-01	8.443E-01	-5.305E+00	3.367E+00	0.000E+00	0.000E+00	5.181E+00	4.403E-01	3.855E-03	-7.710E-03
1.700E-01	4.818E-01	8.763E-01	-5.506E+00	3.027E+00	0.000E+00	0.000E+00	5.179E+00	4.678E-01	3.855E-03	-7.710E-03
1.800E-01	4.258E-01	9.048E-01	-5.685E+00	2.675E+00	0.000E+00	0.000E+00	5.176E+00	4.952E-01	3.855E-03	-7.710E-03
1.900E-01	3.682E-01	9.298E-01	-5.841E+00	2.313E+00	0.000E+00	0.000E+00	5.174E+00	5.226E-01	3.855E-03	-7.710E-03
2.000E-01	3.091E-01	9.511E-01	-5.975E+00	1.942E+00	0.000E+00	0.000E+00	5.171E+00	5.500E-01	3.855E-03	-7.710E-03
2.100E-01	2.487E-01	9.686E-01	-6.085E+00	1.563E+00	0.000E+00	0.000E+00	5.168E+00	5.774E-01	3.855E-03	-7.710E-03
2.200E-01	1.874E-01	9.823E-01	-6.171E+00	1.178E+00	0.000E+00	0.000E+00	5.165E+00	6.048E-01	3.855E-03	-7.710E-03
2.300E-01	1.254E-01	9.921E-01	-6.233E+00	7.877E-01	0.000E+00	0.000E+00	5.161E+00	6.322E-01	3.855E-03	-7.710E-03
2.400E-01	6.285E-02	9.980E-01	-6.270E+00	3.948E-01	0.000E+00	0.000E+00	5.158E+00	6.595E-01	3.855E-03	-7.710E-03
2.500E-01	6.790E-05	1.000E+00	-6.283E+00	2.931E-04	0.000E+00	0.000E+00	5.154E+00	6.868E-01	3.855E-03	-7.710E-03
2.600E-01	-6.272E-02	9.981E-01	-6.270E+00	-3.942E-01	0.000E+00	0.000E+00	5.151E+00	7.141E-01	3.855E-03	-7.710E-03
2.700E-01	-1.253E-01	9.921E-01	-6.233E+00	-7.872E-01	0.000E+00	0.000E+00	5.147E+00	7.414E-01	3.855E-03	-7.710E-03
2.800E-01	-1.873E-01	9.823E-01	-6.171E+00	-1.177E+00	0.000E+00	0.000E+00	5.143E+00	7.687E-01	3.855E-03	-7.710E-03
2.900E-01	-2.486E-01	9.686E-01	-6.085E+00	-1.562E+00	0.000E+00	0.000E+00	5.139E+00	7.959E-01	3.855E-03	-7.710E-03
3.000E-01	-3.089E-01	9.511E-01	-5.975E+00	-1.941E+00	0.000E+00	0.000E+00	5.134E+00	8.231E-01	3.855E-03	-7.710E-03
3.100E-01	-3.680E-01	9.298E-01	-5.842E+00	-2.313E+00	0.000E+00	0.000E+00	5.130E+00	8.503E-01	3.855E-03	-7.710E-03
3.200E-01	-4.257E-01	9.049E-01	-5.685E+00	-2.675E+00	0.000E+00	0.000E+00	5.125E+00	8.775E-01	3.855E-03	-7.710E-03
3.300E-01	-4.817E-01	8.764E-01	-5.506E+00	-3.027E+00	0.000E+00	0.000E+00	5.121E+00	9.046E-01	3.855E-03	-7.710E-03
3.400E-01	-5.357E-01	8.444E-01	-5.305E+00	-3.366E+00	0.000E+00	0.000E+00	5.116E+00	9.318E-01	3.855E-03	-7.710E-03
3.500E-01	-5.877E-01	8.091E-01	-5.083E+00	-3.693E+00	0.000E+00	0.000E+00	5.111E+00	9.589E-01	3.855E-03	-7.710E-03
3.600E-01	-6.373E-01	7.706E-01	-4.841E+00	-4.005E+00	0.000E+00	0.000E+00	5.106E+00	9.859E-01	3.855E-03	-7.710E-03
3.700E-01	-6.844E-01	7.290E-01	-4.580E+00	-4.301E+00	0.000E+00	0.000E+00	5.100E+00	1.013E+00	3.855E-03	-7.710E-03
3.800E-01	-7.289E-01	6.846E-01	-4.301E+00	-4.580E+00	0.000E+00	0.000E+00	5.095E+00	1.040E+00	3.855E-03	-7.710E-03
3.900E-01	-7.704E-01	6.375E-01	-4.005E+00	-4.841E+00	0.000E+00	0.000E+00	5.089E+00	1.067E+00	3.855E-03	-7.710E-03
4.000E-01	-8.089E-01	5.878E-01	-3.693E+00	-5.083E+00	0.000E+00	0.000E+00	5.084E+00	1.094E+00	3.855E-03	-7.710E-03
4.100E-01	-8.442E-01	5.359E-01	-3.366E+00	-5.305E+00	0.000E+00	0.000E+00	5.078E+00	1.121E+00	3.855E-03	-7.710E-03
4.200E-01	-8.762E-01	4.818E-01	-3.027E+00	-5.506E+00	0.000E+00	0.000E+00	5.072E+00	1.148E+00	3.855E-03	-7.710E-03
4.300E-01	-9.047E-01	4.258E-01	-2.675E+00	-5.685E+00	0.000E+00	0.000E+00	5.066E+00	1.175E+00	3.855E-03	-7.710E-03
4.400E-01	-9.297E-01	3.682E-01	-2.313E+00	-5.842E+00	0.000E+00	0.000E+00	5.059E+00	1.201E+00	3.855E-03	-7.710E-03
4.500E-01	-9.509E-01	3.091E-01	-1.941E+00	-5.976E+00	0.000E+00	0.000E+00	5.053E+00	1.228E+00	3.855E-03	-7.710E-03
4.600E-01	-9.685E-01	2.487E-01	-1.562E+00	-6.086E+00	0.000E+00	0.000E+00	5.046E+00	1.255E+00	3.855E-03	-7.710E-03
4.700E-01	-9.822E-01	1.874E-01	-1.177E+00	-6.172E+00	0.000E+00	0.000E+00	5.040E+00	1.282E+00	3.855E-03	-7.710E-03
4.800E-01	-9.920E-01	1.254E-01	-7.868E-01	-6.234E+00	0.000E+00	0.000E+00	5.033E+00	1.308E+00	3.855E-03	-7.710E-03
4.900E-01	-9.979E-01	6.283E-02	-3.937E-01	-6.271E+00	0.000E+00	0.000E+00	5.026E+00	1.335E+00	3.855E-03	-7.710E-03
5.000E-01	-9.998E-01	3.341E-05	9.630E-04	-6.284E+00	0.000E+00	0.000E+00	5.019E+00	1.362E+00	3.855E-03	-7.710E-03
5.100E-01	-9.979E-01	-6.276E-02	3.956E-01	-6.271E+00	0.000E+00	0.000E+00	5.011E+00	1.388E+00	3.855E-03	-7.710E-03
5.200E-01	-9.919E-01	-1.253E-01	7.887E-01	-6.234E+00	0.000E+00	0.000E+00	5.004E+00	1.415E+00	3.855E-03	-7.710E-03
5.300E-01	-9.821E-01	-1.874E-01	1.179E+00	-6.172E+00	0.000E+00	0.000E+00	4.996E+00	1.441E+00	3.855E-03	-7.710E-03
5.400E-01	-9.684E-01	-2.487E-01	1.564E+00	-6.086E+00	0.000E+00	0.000E+00	4.989E+00	1.468E+00	3.855E-03	-7.710E-03
5.500E-01	-9.508E-01	-3.090E-01	1.943E+00	-5.976E+00	0.000E+00	0.000E+00	4.981E+00	1.494E+00	3.855E-03	-7.710E-03
5.600E-01	-9.295E-01	-3.681E-01	2.315E+00	-5.842E+00	0.000E+00	0.000E+00	4.973E+00	1.520E+00	3.855E-03	-7.710E-03
5.700E-01	-9.046E-01	-4.258E-01	2.677E+00	-5.685E+00	0.000E+00	0.000E+00	4.965E+00	1.547E+00	3.855E-03	-7.710E-03
5.800E-01	-8.760E-01	-4.817E-01	3.029E+00	-5.506E+00	0.000E+00	0.000E+00	4.956E+00	1.573E+00	3.855E-03	-7.710E-03
5.900E-01	-8.440E-01	-5.358E-01	3.369E+00	-5.305E+00	0.000E+00	0.000E+00	4.948E+00	1.599E+00	3.855E-03	-7.710E-03
6.000E-01	-8.087E-01	-5.878E-01	3.696E+00	-5.083E+00	0.000E+00	0.000E+00	4.939E+00	1.626E+00	3.855E-03	-7.710E-03
6.100E-01	-7.702E-01	-6.374E-01	4.008E+00	-4.841E+00	0.000E+00	0.000E+00	4.931E+00	1.652E+00	3.855E-03	-7.710E-03
6.200E-01	-7.286E-01	-6.845E-01	4.304E+00	-4.579E+00	0.000E+00	0.000E+00	4.922E+00	1.678E+00	3.855E-03	-7.710E-03
6.300E-01	-6.841E-01	-7.289E-01	4.583E+00	-4.300E+00	0.000E+00	0.000E+00	4.913E+00	1.704E+00	3.855E-03	-7.710E-03
6.400E-01	-6.370E-01	-7.705E-01	4.844E+00	-4.004E+00	0.000E+00	0.000E+00	4.904E+00	1.730E+00	3.855E-03	-7.710E-03
6.500E-01	-5.873E-01	-8.090E-01	5.086E+00	-3.692E+00	0.000E+00	0.000E+00	4.895E+00	1.756E+00	3.855E-03	-7.710E-03
6.600E-01	-5.353E-01	-8.443E-01	5.308E+00	-3.365E+00	0.000E+00	0.000E+00	4.885E+00	1.782E+00	3.855E-03	-7.710E-03
6.700E-01	-4.812E-01	-8.762E-01	5.509E+00	-3.025E+00	0.000E+00	0.000E+00	4.876E+00	1.808E+00	3.855E-03	-7.710E-03
6.800E-01	-4.252E-01	-9.047E-01	5.688E+00	-2.673E+00	0.000E+00	0.000E+00	4.866E+00	1.833E+00	3.855E-03	-7.711E-03
6.900E-01	-3.675E-01	-9.296E-01	5.845E+00	-2.310E+00	0.000E+00	0.000E+00	4.856E+00	1.859E+00	3.855E-03	-7.711E-03
7.000E-01	-3.084E-01	-9.509E-01	5.979E+00	-1.938E+00	0.000E+00	0.000E+00	4.846E+00	1.885E+00	3.855E-03	-7.711E-03
7.100E-01	-2.480E-01	-9.684E-01	6.089E+00	-1.559E+00	0.000E+00	0.000E+00	4.836E+00	1.910E+00	3.855E-03	-7.711E-03
7.200E-01	-1.867E-01	-9.821E-01	6.174E+00	-1.174E+00	0.000E+00	0.000E+00	4.826E+00	1.936E+00	3.855E-03	-7.711E-03
7.300E-01	-1.246E-01	-9.918E-01	6.236E+00	-7.834E-01	0.000E+00	0.000E+00	4.816E+00	1.962E+00	3.855E-03	-7.711E-03
7.400E-01	-6.206E-02	-9.977E-01	6.273E+00	-3.901E-01	0.000E+00	0.000E+00	4.805E+00	1.987E+00	3.855E-03	-7.711E-03
7.500E-01	7.471E-04	-9.996E-01	6.285E+00	4.759E-03	0.000E+00	0.000E+00	4.795E+00	2.013E+00	3.855E-03	-7.711E-03
7.600E-01	6.356E-02	-9.976E-01	6.272E+00	3.996E-01	0.000E+00	0.000E+00	4.784E+00	2.038E+00	3.855E-03	-7.711E-03
7.700E-01	1.261E-01	-9.916E-01	6.235E+00	7.928E-01	0.000E+00	0.000E+00	4.773E+00	2.063E+00	3.855E-03	-7.711E-03
7.800E-01	1.882E-01	-9.818E-01	6.173E+00	1.183E+00	0.000E+00	0.000E+00	4.762E+00	2.089E+00	3.855E-03	-7.711E-03
7.900E-01	2.495E-01	-9.680E-01	6.086E+00	1.568E+00	0.000E+00	0.000E+00	4.751E+00	2.114E+00	3.855E-03	-7.711E-03
8.000E-01	3.098E-01	-9.504E-01	5.976E+00	1.948E+00	0.000E+00	0.000E+00	4.740E+00	2.139E+00	3.855E-03	-7.711E-03
8.100E-01	3.689E-01	-9.291E-01	5.842E+00	2.319E+00	0.000E+00	0.000E+00	4.728E+00	2.164E+00	3.855E-03	-7.711E-03
8.200E-01	4.266E-01	-9.041E-01	5.684E+00	2.681E+00	0.000E+00	0.000E+00	4.717E+00	2.189E+00	3.855E-03	-7.711E-03
8.300E-01	4.825E-01	-8.755E-01	5.505E+00	3.033E+00	0.000E+00	0.000E+00	4.705E+00	2.214E+00	3.855E-03	-7.711E-03
8.400E-01	5.366E-01	-8.434E-01	5.303E+00	3.373E+00	0.000E+00	0.000E+00	4.693E+00	2.239E+00	3.855E-03	-7.711E-03
8.500E-01	5.885E-01	-8.081E-01	5.081E+00	3.699E+00	0.000E+00	0.000E+00	4.681E+00	2.264E+00	3.855E-03	-7.711E-03
8.600E-01	6.381E-01	-7.695E-01	4.838E+00	4.011E+00	0.000E+00	0.000E+00	4.669E+00	2.288E+00	3.855E-03	-7.711E-03
8.700E-01	6.852E-01	-7.279E-01	4.577E+00	4.307E+00	0.000E+00	0.000E+00	4.657E+00	2.313E+00	3.855E-03	-7.711E-03
8.800E-01	7.296E-01	-6.834E-01	4.297E+00	4.586E+00	0.000E+00	0.000E+00	4.645E+00	2.338E+00	3.855E-03	-7.710E-03
8.900E-01	7.711E-01	-6.362E-01	4.001E+00	4.847E+00	0.000E+00	0.000E+00	4.632E+00	2.362E+00	3.855E-03	-7.710E-03
9.000E-01	8.096E-01	-5.865E-01	3.688E+00	5.089E+00	0.000E+00	0.000E+00	4.620E+00	2.387E+00	3.855E-03	-7.710E-03
9.100E-01	8.448E-01	-5.345E-01	3.361E+00	5.310E+00	0.000E+00	0.000E+00	4.607E+00	2.411E+00	3.855E-03	-7.710E-03
9.200E-01	8.768E-01	-4.804E-01	3.021E+00	5.511E+00	0.000E+00	0.000E+00	4.594E+00	2.436E+00	3.855E-03	-7.710E-03
9.300E-01	9.052E-01	-4.244E-01	2.669E+00	5.689E+00	0.000E+00	0.000E+00	4.581E+00	2.460E+00	3.855E-03	-7.710E-03
9.400E-01	9.301E-01	-3.667E-01	2.306E+00	5.846E+00	0.000E+00	0.000E+00	4.568E+00	2.484E+00	3.855E-03	-7.710E-03
9.500E-01	9.513E-01	-3.076E-01	1.935E+00	5.979E+00	0.000E+00	0.000E+00	4.555E+00	2.508E+00	3.855E-03	-7.710E-03
9.600E-01	9.688E-01	-2.472E-01	1.555E+00	6.089E+00	0.000E+00	0.000E+00	4.542E+00	2.533E+00	3.855E-03	-7.710E-03
9.700E-01	9.824E-01	-1.859E-01	1.170E+00	6.174E+00	0.000E+00	0.000E+00	4.528E+00	2.557E+00	3.855E-03	-7.710E-03
9.800E-01	9.922E-01	-1.238E-01	7.800E-01	6.235E+00	0.000E+00	0.000E+00	4.515E+00	2.581E+00	3.855E-03	-7.710E-03
9.900E-01	9.980E-01	-6.124E-02	3.868E-01	6.272E+00	0.000E+00	0.000E+00	4.501E+00	2.604E+00	3.855E-03	-7.710E-03
1.000E+00	9.999E-01	1.563E-03	-7.766E-03	6.284E+00	0.000E+00	0.000E+00	4.487E+00	2.628E+00	3.855E-03	-7.710E-03
1.010E+00	9.979E-01	6.436E-02	-4.023E-01	6.271E+00	0.000E+00	0.000E+00	4.473E+00	2.652E+00	3.855E-03	-7.710E-03
1.020E+00	9.919E-01	1.269E-01	-7.953E-01	6.233E+00	0.000E+00	0.000E+00	4.459E+00	2.676E+00	3.855E-03	-7.710E-03
1.030E+00	9.820E-01	1.889E-01	-1.185E+00	6.171E+00	0.000E+00	0.000E+00	4.445E+00	2.699E+00	3.855E-03	-7.710E-03
1.040E+00	9.682E-01	2.502E-01	-1.570E+00	6.084E+00	0.000E+00	0.000E+00	4.430E+00	2.723E+00	3.855E-03	-7.710E-03
1.050E+00	9.506E-01	3.105E-01	-1.949E+00	5.973E+00	0.000E+00	0.000E+00	4.416E+00	2.746E+00	3.855E-03	-7.710E-03
1.060E+00	9.292E-01	3.696E-01	-2.320E+00	5.839E+00	0.000E+00	0.000E+00	4.401E+00	2.770E+00	3.855E-03	-7.710E-03
1.070E+00	9.042E-01	4.272E-01	-2.682E+00	5.682E+00	0.000E+00	0.000E+00	4.386E+00	2.793E+00	3.855E-03	-7.710E-03
1.080E+00	8.756E-01	4.832E-01	-3.033E+00	5.502E+00	0.000E+00	0.000E+00	4.372E+00	2.816E+00	3.855E-03	-7.710E-03
1.090E+00	8.436E-01	5.372E-01	-3.373E+00	5.300E+00	0.000E+00	0.000E+00	4.357E+00	2.839E+00	3.855E-03	-7.710E-03
1.100E+00	8.082E-01	5.891E-01	-3.699E+00	5.078E+00	0.000E+00	0.000E+00	4.341E+00	2.862E+00	3.855E-03	-7.710E-03
1.110E+00	7.696E-01	6.387E-01	-4.010E+00	4.836E+00	0.000E+00	0.000E+00	4.326E+00	2.885E+00	3.855E-03	-7.710E-03
1.120E+00	7.281E-01	6.858E-01	-4.306E+00	4.574E+00	0.000E+00	0.000E+00	4.311E+00	2.908E+00	3.855E-03	-7.710E-03
1.130E+00	6.836E-01	7.301E-01	-4.584E+00	4.295E+00	0.000E+00	0.000E+00	4.295E+00	2.931E+00	3.855E-03	-7.710E-03
1.140E+00	6.364E-01	7.716E-01	-4.845E+00	3.999E+00	0.000E+00	0.000E+00	4.280E+00	2.954E+00	3.855E-03	-7.710E-03
1.150E+00	5.868E-01	8.100E-01	-5.086E+00	3.687E+00	0.000E+00	0.000E+00	4.264E+00	2.976E+00	3.855E-03	-7.710E-03
1.160E+00	5.348E-01	8.453E-01	-5.307E+00	3.360E+00	0.000E+00	0.000E+00	4.248E+00	2.999E+00	3.855E-03	-7.710E-03
1.170E+00	4.807E-01	8.772E-01	-5.508E+00	3.020E+00	0.000E+00	0.000E+00	4.232E+00	3.021E+00	3.855E-03	-7.710E-03
1.180E+00	4.247E-01	9.057E-01	-5.686E+00	2.668E+00	0.000E+00	0.000E+00	4.216E+00	3.044E+00	3.855E-03	-7.710E-03
1.190E+00	3.670E-01	9.305E-01	-5.843E+00	2.306E+00	0.000E+00	0.000E+00	4.200E+00	3.066E+00	3.855E-03	-7.710E-03
1.200E+00	3.079E-01	9.518E-01	-5.976E+00	1.935E+00	0.000E+00	0.000E+00	4.184E+00	3.088E+00	3.855E-03	-7.710E-03
1.210E+00	2.476E-01	9.692E-01	-6.085E+00	1.556E+00	0.000E+00	0.000E+00	4.167E+00	3.110E+00	3.855E-03	-7.710E-03
1.220E+00	1.863E-01	9.828E-01	-6.171E+00	1.171E+00	0.000E+00	0.000E+00	4.151E+00	3.132E+00	3.855E-03	-7.710E-03
1.230E+00	1.243E-01	9.926E-01	-6.232E+00	7.812E-01	0.000E+00	0.000E+00	4.134E+00	3.154E+00	3.855E-03	-7.710E-03
1.240E+00	6.173E-02	9.985E-01	-6.269E+00	3.885E-01	0.000E+00	0.000E+00	4.117E+00	3.176E+00	3.855E-03	-7.710E-03
1.250E+00	-1.039E-03	1.000E+00	-6.281E+00	-5.696E-03	0.000E+00	0.000E+00	4.100E+00	3.198E+00	3.855E-03	-7.710E-03
1.260E+00	-6.380E-02	9.984E-01	-6.268E+00	-3.999E-01	0.000E+00	0.000E+00	4.083E+00	3.220E+00	3.855E-03	-7.710E-03
1.270E+00	-1.263E-01	9.924E-01	-6.230E+00	-7.925E-01	0.000E+00	0.000E+00	4.066E+00	3.241E+00	3.855E-03	-7.710E-03
1.280E+00	-1.883E-01	9.825E-01	-6.168E+00	-1.182E+00	0.000E+00	0.000E+00	4.049E+00	3.263E+00	3.855E-03	-7.710E-03
1.290E+00	-2.496E-01	9.688E-01	-6.082E+00	-1.567E+00	0.000E+00	0.000E+00	4.032E+00	3.284E+00	3.855E-03	-7.710E-03
1.300E+00	-3.099E-01	9.512E-01	-5.972E+00	-1.945E+00	0.000E+00	0.000E+00	4.014E+00	3.305E+00	3.855E-03	-7.710E-03
1.310E+00	-3.690E-01	9.299E-01	-5.838E+00	-2.316E+00	0.000E+00	0.000E+00	3.997E+00	3.327E+00	3.855E-03	-7.710E-03
1.320E+00	-4.266E-01	9.049E-01	-5.681E+00	-2.678E+00	0.000E+00	0.000E+00	3.979E+00	3.348E+00	3.855E-03	-7.710E-03
1.330E+00	-4.825E-01	8.763E-01	-5.501E+00	-3.030E+00	0.000E+00	0.000E+00	3.961E+00	3.369E+00	3.855E-03	-7.710E-03
1.340E+00	-5.365E-01	8.443E-01	-5.300E+00	-3.369E+00	0.000E+00	0.000E+00	3.943E+00	3.390E+00	3.855E-03	-7.710E-03
1.350E+00	-5.884E-01	8.090E-01	-5.079E+00	-3.695E+00	0.000E+00	0.000E+00	3.925E+00	3.411E+00	3.855E-03	-7.710E-03
1.360E+00	-6.380E-01	7.705E-01	-4.837E+00	-4.007E+00	0.000E+00	0.000E+00	3.907E+00	3.431E+00	3.855E-03	-7.710E-03
1.370E+00	-6.851E-01	7.289E-01	-4.576E+00	-4.302E+00	0.000E+00	0.000E+00	3.889E+00	3.452E+00	3.855E-03	-7.710E-03
1.380E+00	-7.295E-01	6.845E-01	-4.297E+00	-4.581E+00	0.000E+00	0.000E+00	3.871E+00	3.472E+00	3.855E-03	-7.710E-03
1.390E+00	-7.710E-01	6.374E-01	-4.001E+00	-4.842E+00	0.000E+00	0.000E+00	3.852E+00	3.493E+00	3.855E-03	-7.710E-03
1.400E+00	-8.094E-01	5.877E-01	-3.689E+00	-5.084E+00	0.000E+00	0.000E+00	3.834E+00	3.513E+00	3.855E-03	-7.710E-03
1.410E+00	-8.447E-01	5.358E-01	-3.362E+00	-5.305E+00	0.000E+00	0.000E+00	3.815E+00	3.534E+00	3.855E-03	-7.710E-03
1.420E+00	-8.766E-01	4.817E-01	-3.023E+00	-5.506E+00	0.000E+00	0.000E+00	3.796E+00	3.554E+00	3.855E-03	-7.710E-03
1.430E+00	-9.051E-01	4.257E-01	-2.671E+00	-5.685E+00	0.000E+00	0.000E+00	3.777E+00	3.574E+00	3.855E-03	-7.710E-03
1.440E+00	-9.300E-01	3.681E-01	-2.309E+00	-5.842E+00	0.000E+00	0.000E+00	3.758E+00	3.594E+00	3.855E-03	-7.710E-03
1.450E+00	-9.513E-01	3.090E-01	-1.938E+00	-5.975E+00	0.000E+00	0.000E+00	3.739E+00	3.614E+00	3.855E-03	-7.710E-03
1.460E+00	-9.688E-01	2.486E-01	-1.559E+00	-6.085E+00	0.000E+00	0.000E+00	3.720E+00	3.633E+00	3.855E-03	-7.710E-03
1.470E+00	-9.824E-01	1.873E-01	-1.174E+00	-6.171E+00	0.000E+00	0.000E+00	3.701E+00	3.653E+00	3.855E-03	-7.710E-03
1.480E+00	-9.922E-01	1.253E-01	-7.841E-01	-6.233E+00	0.000E+00	0.000E+00	3.681E+00	3.673E+00	3.855E-03	-7.710E-03
1.490E+00	-9.981E-01	6.276E-02	-3.912E-01	-6.270E+00	0.000E+00	0.000E+00	3.662E+00	3.692E+00	3.855E-03	-7.710E-03
1.500E+00	-1.000E+00	-1.924E-05	3.288E-03	-6.282E+00	0.000E+00	0.000E+00	3.642E+00	3.711E+00	3.855E-03	-7.710E-03
1.510E+00	-9.980E-01	-6.280E-02	3.978E-01	-6.270E+00	0.000E+00	0.000E+00	3.622E+00	3.731E+00	3.855E-03	-7.710E-03
1.520E+00	-9.921E-01	-1.253E-01	7.908E-01	-6.233E+00	0.000E+00	0.000E+00	3.603E+00	3.750E+00	3.855E-03	-7.710E-03
1.530E+00	-9.822E-01	-1.874E-01	1.181E+00	-6.171E+00	0.000E+00	0.000E+00	3.583E+00	3.769E+00	3.855E-03	-7.710E-03
1.540E+00	-9.685E-01	-2.487E-01	1.566E+00	-6.085E+00	0.000E+00	0.000E+00	3.563E+00	3.788E+00	3.855E-03	-7.710E-03
1.550E+00	-9.509E-01	-3.090E-01	1.945E+00	-5.975E+00	0.000E+00	0.000E+00	3.543E+00	3.807E+00	3.855E-03	-7.710E-03
1.560E+00	-9.296E-01	-3.681E-01	2.317E+00	-5.841E+00	0.000E+00	0.000E+00	3.522E+00	3.825E+00	3.855E-03	-7.710E-03
1.570E+00	-9.046E-01	-4.257E-01	2.679E+00	-5.684E+00	0.000E+00	0.000E+00	3.502E+00	3.844E+00	3.855E-03	-7.710E-03
1.580E+00	-8.761E-01	-4.817E-01	3.031E+00	-5.505E+00	0.000E+00	0.000E+00	3.482E+00	3.862E+00	3.855E-03	-7.710E-03
1.590E+00	-8.441E-01	-5.358E-01	3.371E+00	-5.304E+00	0.000E+00	0.000E+00	3.461E+00	3.881E+00	3.855E-03	-7.710E-03
1.600E+00	-8.087E-01	-5.877E-01	3.697E+00	-5.082E+00	0.000E+00	0.000E+00	3.440E+00	3.899E+00	3.855E-03	-7.710E-03
1.610E+00	-7.702E-01	-6.373E-01	4.009E+00	-4.840E+00	0.000E+00	0.000E+00	3.420E+00	3.917E+00	3.855E-03	-7.711E-03
1.620E+00	-7.286E-01	-6.844E-01	4.306E+00	-4.578E+00	0.000E+00	0.000E+00	3.399E+00	3.935E+00	3.855E-03	-7.711E-03
1.630E+00	-6.841E-01	-7.288E-01	4.585E+00	-4.299E+00	0.000E+00	0.000E+00	3.378E+00	3.953E+00	3.855E-03	-7.711E-03
1.640E+00	-6.369E-01	-7.704E-01	4.846E+00	-4.003E+00	0.000E+00	0.000E+00	3.357E+00	3.971E+00	3.855E-03	-7.711E-03
1.650E+00	-5.872E-01	-8.088E-01	5.088E+00	-3.690E+00	0.000E+00	0.000E+00	3.336E+00	3.989E+00	3.855E-03	-7.711E-03
1.660E+00	-5.352E-01	-8.441E-01	5.310E+00	-3.364E+00	0.000E+00	0.000E+00	3.315E+00	4.006E+00	3.855E-03	-7.711E-03
1.670E+00	-4.811E-01	-8.761E-01	5.511E+00	-3.023E+00	0.000E+00	0.000E+00	3.294E+00	4.024E+00	3.855E-03	-7.711E-03
1.680E+00	-4.251E-01	-9.046E-01	5.690E+00	-2.671E+00	0.000E+00	0.000E+00	3.272E+00	4.041E+00	3.855E-03	-7.711E-03
1.690E+00	-3.674E-01	-9.295E-01	5.847E+00	-2.308E+00	0.000E+00	0.000E+00	3.251E+00	4.059E+00	3.855E-03	-7.711E-03
1.700E+00	-3.082E-01	-9.507E-01	5.981E+00	-1.937E+00	0.000E+00	0.000E+00	3.229E+00	4.076E+00	3.855E-03	-7.711E-03
1.710E+00	-2.479E-01	-9.682E-01	6.091E+00	-1.557E+00	0.000E+00	0.000E+00	3.208E+00	4.093E+00	3.855E-03	-7.711E-03
1.720E+00	-1.865E-01	-9.818E-01	6.177E+00	-1.171E+00	0.000E+00	0.000E+00	3.186E+00	4.110E+00	3.855E-03	-7.711E-03
1.730E+00	-1.244E-01	-9.916E-01	6.238E+00	-7.808E-01	0.000E+00	0.000E+00	3.164E+00	4.127E+00	3.855E-03	-7.711E-03
1.740E+00	-6.182E-02	-9.974E-01	6.275E+00	-3.873E-01	0.000E+00	0.000E+00	3.142E+00	4.143E+00	3.855E-03	-7.711E-03
1.750E+00	1.016E-03	-9.993E-01	6.287E+00	7.817E-03	0.000E+00	0.000E+00	3.120E+00	4.160E+00	3.855E-03	-7.711E-03
1.760E+00	6.384E-02	-9.973E-01	6.274E+00	4.029E-01	0.000E+00	0.000E+00	3.098E+00	4.176E+00	3.855E-03	-7.711E-03
1.770E+00	1.264E-01	-9.913E-01	6.237E+00	7.964E-01	0.000E+00	0.000E+00	3.076E+00	4.193E+00	3.855E-03	-7.711E-03
1.780E+00	1.885E-01	-9.813E-01	6.174E+00	1.187E+00	0.000E+00	0.000E+00	3.054E+00	4.209E+00	3.855E-03	-7.711E-03
1.790E+00	2.498E-01	-9.675E-01	6.087E+00	1.572E+00	0.000E+00	0.000E+00	3.031E+00	4.225E+00	3.855E-03	-7.711E-03
1.800E+00	3.102E-01	-9.499E-01	5.977E+00	1.952E+00	0.000E+00	0.000E+00	3.009E+00	4.241E+00	3.855E-03	-7.711E-03
1.810E+00	3.693E-01	-9.285E-01	5.842E+00	2.324E+00	0.000E+00	0.000E+00	2.986E+00	4.257E+00	3.855E-03	-7.711E-03
1.820E+00	4.269E-01	-9.035E-01	5.685E+00	2.686E+00	0.000E+00	0.000E+00	2.964E+00	4.273E+00	3.855E-03	-7.711E-03
1.830E+00	4.829E-01	-8.748E-01	5.505E+00	3.038E+00	0.000E+00	0.000E+00	2.941E+00	4.288E+00	3.855E-03	-7.711E-03
1.840E+00	5.369E-01	-8.428E-01	5.303E+00	3.378E+00	0.000E+00	0.000E+00	2.918E+00	4.304E+00	3.855E-03	-7.711E-03
1.850E+00	5.889E-01	-8.073E-01	5.080E+00	3.704E+00	0.000E+00	0.000E+00	2.895E+00	4.319E+00	3.855E-03	-7.711E-03
1.860E+00	6.385E-01	-7.687E-01	4.837E+00	4.016E+00	0.000E+00	0.000E+00	2.872E+00	4.335E+00	3.855E-03	-7.711E-03
1.870E+00	6.856E-01	-7.271E-01	4.575E+00	4.312E+00	0.000E+00	0.000E+00	2.849E+00	4.350E+00	3.855E-03	-7.711E-03
1.880E+00	7.299E-01	-6.825E-01	4.295E+00	4.591E+00	0.000E+00	0.000E+00	2.826E+00	4.365E+00	3.855E-03	-7.711E-03
1.890E+00	7.714E-01	-6.353E-01	3.998E+00	4.852E+00	0.000E+00	0.000E+00	2.803E+00	4.380E+00	3.855E-03	-7.711E-03
1.900E+00	8.098E-01	-5.855E-01	3.685E+00	5.094E+00	0.000E+00	0.000E+00	2.780E+00	4.395E+00	3.855E-03	-7.711E-03
1.910E+00	8.451E-01	-5.335E-01	3.358E+00	5.315E+00	0.000E+00	0.000E+00	2.757E+00	4.409E+00	3.855E-03	-7.711E-03
1.920E+00	8.769E-01	-4.793E-01	3.017E+00	5.515E+00	0.000E+00	0.000E+00	2.733E+00	4.424E+00	3.855E-03	-7.711E-03
1.930E+00	9.054E-01	-4.233E-01	2.665E+00	5.694E+00	0.000E+00	0.000E+00	2.710E+00	4.438E+00	3.855E-03	-7.711E-03
1.940E+00	9.302E-01	-3.655E-01	2.302E+00	5.850E+00	0.000E+00	0.000E+00	2.686E+00	4.452E+00	3.855E-03	-7.711E-03
1.950E+00	9.514E-01	-3.063E-01	1.929E+00	5.983E+00	0.000E+00	0.000E+00	2.663E+00	4.467E+00	3.855E-03	-7.711E-03
1.960E+00	9.688E-01	-2.459E-01	1.550E+00	6.092E+00	0.000E+00	0.000E+00	2.639E+00	4.481E+00	3.855E-03	-7.711E-03
1.970E+00	9.823E-01	-1.846E-01	1.164E+00	6.177E+00	0.000E+00	0.000E+00	2.615E+00	4.495E+00	3.855E-03	-7.711E-03
1.980E+00	9.920E-01	-1.225E-01	7.735E-01	6.238E+00	0.000E+00	0.000E+00	2.591E+00	4.508E+00	3.855E-03	-7.711E-03
1.990E+00	9.978E-01	-5.990E-02	3.801E-01	6.274E+00	0.000E+00	0.000E+00	2.567E+00	4.522E+00	3.855E-03	-7.711E-03
2.000E+00	9.996E-01	2.922E-03	-1.472E-02	6.285E+00	0.000E+00	0.000E+00	2.543E+00	4.536E+00	3.855E-03	-7.711E-03
2.010E+00	9.975E-01	6.573E-02	-4.095E-01	6.272E+00	0.000E+00	0.000E+00	2.519E+00	4.549E+00	3.855E-03	-7.711E-03
2.020E+00	9.914E-01	1.283E-01	-8.026E-01	6.233E+00	0.000E+00	0.000E+00	2.495E+00	4.562E+00	3.855E-03	-7.711E-03
2.030E+00	9.815E-01	1.903E-01	-1.192E+00	6.170E+00	0.000E+00	0.000E+00	2.471E+00	4.575E+00	3.855E-03	-7.711E-03
2.040E+00	9.676E-01	2.516E-01	-1.578E+00	6.083E+00	0.000E+00	0.000E+00	2.447E+00	4.588E+00	3.855E-03	-7.711E-03
2.050E+00	9.499E-01	3.119E-01	-1.956E+00	5.972E+00	0.000E+00	0.000E+00	2.422E+00	4.601E+00	3.855E-03	-7.710E-03
2.060E+00	9.285E-01	3.710E-01	-2.327E+00	5.837E+00	0.000E+00	0.000E+00	2.398E+00	4.614E+00	3.855E-03	-7.710E-03
2.070E+00	9.034E-01	4.286E-01	-2.689E+00	5.679E+00	0.000E+00	0.000E+00	2.373E+00	4.627E+00	3.855E-03	-7.710E-03
2.080E+00	8.748E-01	4.845E-01	-3.040E+00	5.499E+00	0.000E+00	0.000E+00	2.349E+00	4.639E+00	3.855E-03	-7.710E-03
2.090E+00	8.427E-01	5.385E-01	-3.380E+00	5.297E+00	0.000E+00	0.000E+00	2.324E+00	4.652E+00	3.855E-03	-7.710E-03
2.100E+00	8.072E-01	5.903E-01	-3.705E+00	5.074E+00	0.000E+00	0.000E+00	2.299E+00	4.664E+00	3.855E-03	-7.710E-03
2.110E+00	7.686E-01	6.399E-01	-4.016E+00	4.831E+00	0.000E+00	0.000E+00	2.275E+00	4.676E+00	3.855E-03	-7.710E-03
2.120E+00	7.269E-01	6.869E-01	-4.312E+00	4.569E+00	0.000E+00	0.000E+00	2.250E+00	4.688E+00	3.855E-03	-7.710E-03
2.130E+00	6.824E-01	7.312E-01	-4.590E+00	4.289E+00	0.000E+00	0.000E+00	2.225E+00	4.700E+00	3.855E-03	-7.710E-03
2.140E+00	6.352E-01	7.726E-01	-4.850E+00	3.993E+00	0.000E+00	0.000E+00	2.200E+00	4.712E+00	3.855E-03	-7.710E-03
2.150E+00	5.855E-01	8.110E-01	-5.091E+00	3.680E+00	0.000E+00	0.000E+00	2.175E+00	4.723E+00	3.855E-03	-7.710E-03
2.160E+00	5.335E-01	8.462E-01	-5.311E+00	3.353E+00	0.000E+00	0.000E+00	2.150E+00	4.735E+00	3.855E-03	-7.710E-03
2.170E+00	4.793E-01	8.780E-01	-5.511E+00	3.013E+00	0.000E+00	0.000E+00	2.125E+00	4.746E+00	3.855E-03	-7.710E-03
2.180E+00	4.233E-01	9.064E-01	-5.689E+00	2.661E+00	0.000E+00	0.000E+00	2.100E+00	4.757E+00	3.855E-03	-7.710E-03
2.190E+00	3.656E-01	9.312E-01	-5.845E+00	2.299E+00	0.000E+00	0.000E+00	2.075E+00	4.768E+00	3.855E-03	-7.710E-03
2.200E+00	3.065E-01	9.523E-01	-5.977E+00	1.927E+00	0.000E+00	0.000E+00	2.049E+00	4.779E+00	3.855E-03	-7.710E-03
2.210E+00	2.461E-01	9.697E-01	-6.086E+00	1.548E+00	0.000E+00	0.000E+00	2.024E+00	4.790E+00	3.855E-03	-7.710E-03
2.220E+00	1.848E-01	9.833E-01	-6.171E+00	1.163E+00	0.000E+00	0.000E+00	1.998E+00	4.801E+00	3.855E-03	-7.710E-03
2.230E+00	1.228E-01	9.930E-01	-6.232E+00	7.737E-01	0.000E+00	0.000E+00	1.973E+00	4.811E+00	3.855E-03	-7.710E-03
2.240E+00	6.028E-02	9.988E-01	-6.268E+00	3.811E-01	0.000E+00	0.000E+00	1.947E+00	4.822E+00	3.855E-03	-7.710E-03
2.250E+00	-2.474E-03	1.001E+00	-6.279E+00	-1.293E-02	0.000E+00	0.000E+00	1.922E+00	4.832E+00	3.855E-03	-7.710E-03
2.260E+00	-6.522E-02	9.985E-01	-6.266E+00	-4.069E-01	0.000E+00	0.000E+00	1.896E+00	4.842E+00	3.855E-03	-7.710E-03
2.270E+00	-1.277E-01	9.925E-01	-6.228E+00	-7.993E-01	0.000E+00	0.000E+00	1.871E+00	4.852E+00	3.855E-03	-7.710E-03
2.280E+00	-1.897E-01	9.825E-01	-6.165E+00	-1.188E+00	0.000E+00	0.000E+00	1.845E+00	4.862E+00	3.855E-03	-7.710E-03
2.290E+00	-2.509E-01	9.687E-01	-6.079E+00	-1.573E+00	0.000E+00	0.000E+00	1.819E+00	4.871E+00	3.855E-03	-7.710E-03
2.300E+00	-3.112E-01	9.511E-01	-5.968E+00	-1.951E+00	0.000E+00	0.000E+00	1.793E+00	4.881E+00	3.855E-03	-7.710E-03
2.310E+00	-3.702E-01	9.297E-01	-5.834E+00	-2.322E+00	0.000E+00	0.000E+00	1.767E+00	4.890E+00	3.855E-03	-7.710E-03
2.320E+00	-4.278E-01	9.047E-01	-5.676E+00	-2.683E+00	0.000E+00	0.000E+00	1.741E+00	4.900E+00	3.855E-03	-7.710E-03
2.330E+00	-4.837E-01	8.761E-01	-5.497E+00	-3.034E+00	0.000E+00	0.000E+00	1.715E+00	4.909E+00	3.855E-03	-7.710E-03
2.340E+00	-5.376E-01	8.440E-01	-5.295E+00	-3.373E+00	0.000E+00	0.000E+00	1.689E+00	4.918E+00	3.855E-03	-7.710E-03
2.350E+00	-5.895E-01	8.087E-01	-5.073E+00	-3.699E+00	0.000E+00	0.000E+00	1.663E+00	4.927E+00	3.855E-03	-7.710E-03
2.360E+00	-6.391E-01	7.701E-01	-4.831E+00	-4.010E+00	0.000E+00	0.000E+00	1.637E+00	4.936E+00	3.855E-03	-7.710E-03
2.370E+00	-6.861E-01	7.285E-01	-4.570E+00	-4.305E+00	0.000E+00	0.000E+00	1.611E+00	4.944E+00	3.855E-03	-7.710E-03
2.380E+00	-7.304E-01	6.841E-01	-4.291E+00	-4.583E+00	0.000E+00	0.000E+00	1.585E+00	4.953E+00	3.855E-03	-7.710E-03
2.390E+00	-7.718E-01	6.369E-01	-3.995E+00	-4.843E+00	0.000E+00	0.000E+00	1.558E+00	4.961E+00	3.855E-03	-7.710E-03
2.400E+00	-8.102E-01	5.873E-01	-3.683E+00	-5.085E+00	0.000E+00	0.000E+00	1.532E+00	4.969E+00	3.855E-03	-7.710E-03
2.410E+00	-8.455E-01	5.353E-01	-3.357E+00	-5.306E+00	0.000E+00	0.000E+00	1.506E+00	4.977E+00	3.855E-03	-7.710E-03
2.420E+00	-8.773E-01	4.812E-01	-3.018E+00	-5.506E+00	0.000E+00	0.000E+00	1.479E+00	4.985E+00	3.855E-03	-7.710E-03
2.430E+00	-9.058E-01	4.253E-01	-2.666E+00	-5.685E+00	0.000E+00	0.000E+00	1.453E+00	4.993E+00	3.855E-03	-7.710E-03
2.440E+00	-9.306E-01	3.676E-01	-2.304E+00	-5.841E+00	0.000E+00	0.000E+00	1.427E+00	5.000E+00	3.855E-03	-7.710E-03
2.450E+00	-9.518E-01	3.085E-01	-1.933E+00	-5.974E+00	0.000E+00	0.000E+00	1.400E+00	5.008E+00	3.855E-03	-7.710E-03
2.460E+00	-9.693E-01	2.482E-01	-1.555E+00	-6.084E+00	0.000E+00	0.000E+00	1.373E+00	5.015E+00	3.855E-03	-7.710E-03
2.470E+00	-9.829E-01	1.869E-01	-1.170E+00	-6.170E+00	0.000E+00	0.000E+00	1.347E+00	5.023E+00	3.855E-03	-7.710E-03
2.480E+00	-9.927E-01	1.249E-01	-7.801E-01	-6.231E+00	0.000E+00	0.000E+00	1.320E+00	5.030E+00	3.855E-03	-7.710E-03
2.490E+00	-9.985E-01	6.237E-02	-3.875E-01	-6.268E+00	0.000E+00	0.000E+00	1.294E+00	5.037E+00	3.855E-03	-7.710E-03
2.500E+00	-1.000E+00	-3.940E-04	6.699E-03	-6.280E+00	0.000E+00	0.000E+00	1.267E+00	5.043E+00	3.855E-03	-7.710E-03
2.510E+00	-9.984E-01	-6.316E-02	4.009E-01	-6.268E+00	0.000E+00	0.000E+00	1.240E+00	5.050E+00	3.855E-03	-7.710E-03
2.520E+00	-9.924E-01	-1.257E-01	7.936E-01	-6.230E+00	0.000E+00	0.000E+00	1.213E+00	5.056E+00	3.855E-03	-7.710E-03
2.530E+00	-9.825E-01	-1.877E-01	1.183E+00	-6.169E+00	0.000E+00	0.000E+00	1.187E+00	5.063E+00	3.855E-03	-7.710E-03
2.540E+00	-9.687E-01	-2.490E-01	1.568E+00	-6.082E+00	0.000E+00	0.000E+00	1.160E+00	5.069E+00	3.855E-03	-7.710E-03
2.550E+00	-9.511E-01	-3.093E-01	1.947E+00	-5.972E+00	0.000E+00	0.000E+00	1.133E+00	5.075E+00	3.855E-03	-7.710E-03
2.560E+00	-9.298E-01	-3.683E-01	2.318E+00	-5.839E+00	0.000E+00	0.000E+00	1.106E+00	5.081E+00	3.855E-03	-7.710E-03
2.570E+00	-9.048E-01	-4.260E-01	2.681E+00	-5.682E+00	0.000E+00	0.000E+00	1.079E+00	5.087E+00	3.855E-03	-7.710E-03
2.580E+00	-8.762E-01	-4.819E-01	3.032E+00	-5.503E+00	0.000E+00	0.000E+00	1.052E+00	5.092E+00	3.855E-03	-7.710E-03
2.590E+00	-8.442E-01	-5.359E-01	3.372E+00	-5.302E+00	0.000E+00	0.000E+00	1.025E+00	5.098E+00	3.855E-03	-7.710E-03
2.600E+00	-8.088E-01	-5.879E-01	3.698E+00	-5.080E+00	0.000E+00	0.000E+00	9.980E-01	5.103E+00	3.855E-03	-7.710E-03
2.610E+00	-7.703E-01	-6.375E-01	4.010E+00	-4.838E+00	0.000E+00	0.000E+00	9.709E-01	5.109E+00	3.855E-03	-7.710E-03
2.620E+00	-7.287E-01	-6.845E-01	4.307E+00	-4.576E+00	0.000E+00	0.000E+00	9.438E-01	5.114E+00	3.855E-03	-7.711E-03
2.630E+00	-6.842E-01	-7.289E-01	4.586E+00	-4.297E+00	0.000E+00	0.000E+00	9.167E-01	5.119E+00	3.855E-03	-7.711E-03
2.640E+00	-6.370E-01	-7.704E-01	4.847E+00	-4.001E+00	0.000E+00	0.000E+00	8.896E-01	5.123E+00	3.855E-03	-7.711E-03
2.650E+00	-5.873E-01	-8.089E-01	5.089E+00	-3.689E+00	0.000E+00	0.000E+00	8.624E-01	5.128E+00	3.855E-03	-7.711E-03
2.660E+00	-5.353E-01	-8.441E-01	5.311E+00	-3.362E+00	0.000E+00	0.000E+00	8.352E-01	5.132E+00	3.855E-03	-7.711E-03
2.670E+00	-4.812E-01	-8.761E-01	5.512E+00	-3.022E+00	0.000E+00	0.000E+00	8.080E-01	5.137E+00	3.855E-03	-7.711E-03
2.680E+00	-4.252E-01	-9.045E-01	5.691E+00	-2.669E+00	0.000E+00	0.000E+00	7.808E-01	5.141E+00	3.855E-03	-7.711E-03
2.690E+00	-3.674E-01	-9.294E-01	5.848E+00	-2.307E+00	0.000E+00	0.000E+00	7.535E-01	5.145E+00	3.855E-03	-7.711E-03
2.700E+00	-3.083E-01	-9.506E-01	5.981E+00	-1.935E+00	0.000E+00	0.000E+00	7.263E-01	5.149E+00	3.855E-03	-7.711E-03
2.710E+00	-2.479E-01	-9.681E-01	6.091E+00	-1.555E+00	0.000E+00	0.000E+00	6.990E-01	5.153E+00	3.855E-03	-7.711E-03
2.720E+00	-1.865E-01	-9.817E-01	6.177E+00	-1.169E+00	0.000E+00	0.000E+00	6.717E-01	5.156E+00	3.855E-03	-7.711E-03
2.730E+00	-1.244E-01	-9.915E-01	6.239E+00	-7.789E-01	0.000E+00	0.000E+00	6.443E-01	5.160E+00	3.855E-03	-7.711E-03
2.740E+00	-6.183E-02	-9.973E-01	6.276E+00	-3.852E-01	0.000E+00	0.000E+00	6.170E-01	5.163E+00	3.855E-03	-7.711E-03
2.750E+00	1.011E-03	-9.992E-01	6.288E+00	9.953E-03	0.000E+00	0.000E+00	5.896E-01	5.166E+00	3.855E-03	-7.711E-03
2.760E+00	6.385E-02	-9.971E-01	6.275E+00	4.051E-01	0.000E+00	0.000E+00	5.622E-01	5.170E+00	3.855E-03	-7.711E-03
2.770E+00	1.264E-01	-9.911E-01	6.237E+00	7.988E-01	0.000E+00	0.000E+00	5.348E-01	5.172E+00	3.855E-03	-7.711E-03
2.780E+00	1.885E-01	-9.811E-01	6.175E+00	1.189E+00	0.000E+00	0.000E+00	5.074E-01	5.175E+00	3.855E-03	-7.711E-03
2.790E+00	2.498E-01	-9.673E-01	6.088E+00	1.575E+00	0.000E+00	0.000E+00	4.800E-01	5.178E+00	3.855E-03	-7.711E-03
2.800E+00	3.102E-01	-9.496E-01	5.977E+00	1.955E+00	0.000E+00	0.000E+00	4.525E-01	5.180E+00	3.855E-03	-7.711E-03
2.810E+00	3.693E-01	-9.282E-01	5.843E+00	2.327E+00	0.000E+00	0.000E+00	4.251E-01	5.183E+00	3.855E-03	-7.711E-03
2.820E+00	4.270E-01	-9.031E-01	5.685E+00	2.689E+00	0.000E+00	0.000E+00	3.976E-01	5.185E+00	3.855E-03	-7.711E-03
2.830E+00	4.829E-01	-8.745E-01	5.505E+00	3.041E+00	0.000E+00	0.000E+00	3.701E-01	5.187E+00	3.855E-03	-7.711E-03
2.840E+00	5.370E-01	-8.424E-01	5.303E+00	3.382E+00	0.000E+00	0.000E+00	3.427E-01	5.189E+00	3.855E-03	-7.711E-03
2.850E+00	5.889E-01	-8.069E-01	5.080E+00	3.708E+00	0.000E+00	0.000E+00	3.152E-01	5.190E+00	3.855E-03	-7.711E-03
2.860E+00	6.385E-01	-7.682E-01	4.837E+00	4.020E+00	0.000E+00	0.000E+00	2.876E-01	5.192E+00	3.855E-03	-7.711E-03
2.870E+00	6.856E-01	-7.265E-01	4.574E+00	4.316E+00	0.000E+00	0.000E+00	2.601E-01	5.193E+00	3.855E-03	-7.711E-03
2.880E+00	7.300E-01	-6.820E-01	4.294E+00	4.595E+00	0.000E+00	0.000E+00	2.326E-01	5.195E+00	3.855E-03	-7.711E-03
2.890E+00	7.714E-01	-6.347E-01	3.997E+00	4.856E+00	0.000E+00	0.000E+00	2.051E-01	5.196E+00	3.855E-03	-7.711E-03
2.900E+00	8.098E-01	-5.849E-01	3.683E+00	5.098E+00	0.000E+00	0.000E+00	1.775E-01	5.197E+00	3.855E-03	-7.711E-03
2.910E+00	8.450E-01	-5.328E-01	3.356E+00	5.319E+00	0.000E+00	0.000E+00	1.500E-01	5.198E+00	3.855E-03	-7.711E-03
2.920E+00	8.769E-01	-4.786E-01	3.015E+00	5.519E+00	0.000E+00	0.000E+00	1.225E-01	5.199E+00	3.855E-03	-7.711E-03
2.930E+00	9.053E-01	-4.225E-01	2.662E+00	5.698E+00	0.000E+00	0.000E+00	9.492E-02	5.199E+00	3.855E-03	-7.711E-03
2.940E+00	9.301E-01	-3.647E-01	2.298E+00	5.854E+00	0.000E+00	0.000E+00	6.737E-02	5.200E+00	3.855E-03	-7.711E-03
2.950E+00	9.512E-01	-3.055E-01	1.926E+00	5.986E+00	0.000E+00	0.000E+00	3.981E-02	5.200E+00	3.855E-03	-7.711E-03
2.960E+00	9.686E-01	-2.451E-01	1.546E+00	6.095E+00	0.000E+00	0.000E+00	1.226E-02	5.200E+00	3.855E-03	-7.711E-03
2.970E+00	9.821E-01	-1.837E-01	1.159E+00	6.180E+00	0.000E+00	0.000E+00	-1.529E-02	5.200E+00	3.855E-03	-7.711E-03
2.980E+00	9.918E-01	-1.215E-01	7.686E-01	6.241E+00	0.000E+00	0.000E+00	-4.285E-02	5.200E+00	3.855E-03	-7.711E-03
2.990E+00	9.975E-01	-5.893E-02	3.749E-01	6.277E+00	0.000E+00	0.000E+00	-7.040E-02	5.200E+00	3.855E-03	-7.711E-03
3.000E+00	9.993E-01	3.914E-03	-2.031E-02	6.287E+00	0.000E+00	0.000E+00	-9.795E-02	5.199E+00	3.855E-03	-7.711E-03
3.010E+00	9.971E-01	6.674E-02	-4.153E-01	6.273E+00	0.000E+00	0.000E+00	-1.255E-01	5.198E+00	3.855E-03	-7.711E-03
3.020E+00	9.910E-01	1.293E-01	-8.087E-01	6.235E+00	0.000E+00	0.000E+00	-1.530E-01	5.198E+00	3.855E-03	-7.711E-03
3.030E+00	9.809E-01	1.914E-01	-1.199E+00	6.171E+00	0.000E+00	0.000E+00	-1.806E-01	5.197E+00	3.855E-03	-7.711E-03
3.040E+00	9.670E-01	2.526E-01	-1.584E+00	6.083E+00	0.000E+00	0.000E+00	-2.081E-01	5.196E+00	3.855E-03	-7.711E-03
3.050E+00	9.493E-01	3.129E-01	-1.963E+00	5.972E+00	0.000E+00	0.000E+00	-2.356E-01	5.195E+00	3.855E-03	-7.711E-03
3.060E+00	9.278E-01	3.720E-01	-2.334E+00	5.836E+00	0.000E+00	0.000E+00	-2.632E-01	5.193E+00	3.855E-03	-7.711E-03
3.070E+00	9.026E-01	4.296E-01	-2.696E+00	5.678E+00	0.000E+00	0.000E+00	-2.907E-01	5.192E+00	3.855E-03	-7.711E-03
3.080E+00	8.739E-01	4.855E-01	-3.047E+00	5.497E+00	0.000E+00	0.000E+00	-3.182E-01	5.190E+00	3.855E-03	-7.711E-03
3.090E+00	8.417E-01	5.395E-01	-3.386E+00	5.294E+00	0.000E+00	0.000E+00	-3.457E-01	5.188E+00	3.855E-03	-7.711E-03
3.100E+00	8.062E-01	5.913E-01	-3.712E+00	5.071E+00	0.000E+00	0.000E+00	-3.732E-01	5.187E+00	3.855E-03	-7.711E-03
3.110E+00	7.675E-01	6.408E-01	-4.023E+00	4.828E+00	0.000E+00	0.000E+00	-4.006E-01	5.185E+00	3.855E-03	-7.711E-03
3.120E+00	7.258E-01	6.878E-01	-4.318E+00	4.565E+00	0.000E+00	0.000E+00	-4.281E-01	5.182E+00	3.855E-03	-7.710E-03
3.130E+00	6.812E-01	7.321E-01	-4.596E+00	4.285E+00	0.000E+00	0.000E+00	-4.556E-01	5.180E+00	3.855E-03	-7.710E-03
3.140E+00	6.339E-01	7.734E-01	-4.855E+00	3.987E+00	0.000E+00	0.000E+00	-4.830E-01	5.178E+00	3.855E-03	-7.710E-03
3.150E+00	5.842E-01	8.118E-01	-5.096E+00	3.675E+00	0.000E+00	0.000E+00	-5.104E-01	5.175E+00	3.855E-03	-7.710E-03
3.160E+00	5.321E-01	8.469E-01	-5.316E+00	3.347E+00	0.000E+00	0.000E+00	-5.378E-01	5.172E+00	3.855E-03	-7.710E-03
3.170E+00	4.779E-01	8.787E-01	-5.515E+00	3.007E+00	0.000E+00	0.000E+00	-5.652E-01	5.169E+00	3.855E-03	-7.710E-03
3.180E+00	4.218E-01	9.070E-01	-5.693E+00	2.654E+00	0.000E+00	0.000E+00	-5.926E-01	5.166E+00	3.855E-03	-7.710E-03
3.190E+00	3.641E-01	9.317E-01	-5.848E+00	2.292E+00	0.000E+00	0.000E+00	-6.200E-01	5.163E+00	3.855E-03	-7.710E-03
3.200E+00	3.050E-01	9.528E-01	-5.980E+00	1.920E+00	0.000E+00	0.000E+00	-6.473E-01	5.160E+00	3.855E-03	-7.710E-03
3.210E+00	2.446E-01	9.701E-01	-6.088E+00	1.541E+00	0.000E+00	0.000E+00	-6.747E-01	5.156E+00	3.855E-03	-7.710E-03
3.220E+00	1.833E-01	9.836E-01	-6.173E+00	1.156E+00	0.000E+00	0.000E+00	-7.020E-01	5.152E+00	3.855E-03	-7.710E-03
3.230E+00	1.212E-01	9.932E-01	-6.233E+00	7.659E-01	0.000E+00	0.000E+00	-7.293E-01	5.149E+00	3.855E-03	-7.710E-03
3.240E+00	5.870E-02	9.989E-01	-6.268E+00	3.733E-01	0.000E+00	0.000E+00	-7.565E-01	5.145E+00	3.855E-03	-7.710E-03
3.250E+00	-4.058E-03	1.001E+00	-6.279E+00	-2.077E-02	0.000E+00	0.000E+00	-7.838E-01	5.141E+00	3.855E-03	-7.710E-03
3.260E+00	-6.680E-02	9.985E-01	-6.265E+00	-4.147E-01	0.000E+00	0.000E+00	-8.110E-01	5.136E+00	3.855E-03	-7.710E-03
3.270E+00	-1.293E-01	9.924E-01	-6.226E+00	-8.069E-01	0.000E+00	0.000E+00	-8.382E-01	5.132E+00	3.855E-03	-7.710E-03
3.280E+00	-1.912E-01	9.823E-01	-6.163E+00	-1.196E+00	0.000E+00	0.000E+00	-8.654E-01	5.127E+00	3.855E-03	-7.710E-03
3.290E+00	-2.525E-01	9.684E-01	-6.076E+00	-1.580E+00	0.000E+00	0.000E+00	-8.926E-01	5.123E+00	3.855E-03	-7.710E-03
3.300E+00	-3.127E-01	9.508E-01	-5.965E+00	-1.958E+00	0.000E+00	0.000E+00	-9.197E-01	5.118E+00	3.855E-03	-7.710E-03
3.310E+00	-3.717E-01	9.293E-01	-5.830E+00	-2.328E+00	0.000E+00	0.000E+00	-9.468E-01	5.113E+00	3.855E-03	-7.710E-03
3.320E+00	-4.292E-01	9.042E-01	-5.672E+00	-2.689E+00	0.000E+00	0.000E+00	-9.739E-01	5.108E+00	3.855E-03	-7.710E-03
3.330E+00	-4.851E-01	8.756E-01	-5.492E+00	-3.040E+00	0.000E+00	0.000E+00	-1.001E+00	5.103E+00	3.855E-03	-7.710E-03
3.340E+00	-5.390E-01	8.435E-01	-5.290E+00	-3.378E+00	0.000E+00	0.000E+00	-1.028E+00	5.097E+00	3.855E-03	-7.710E-03
3.350E+00	-5.908E-01	8.080E-01	-5.068E+00	-3.703E+00	0.000E+00	0.000E+00	-1.055E+00	5.092E+00	3.855E-03	-7.710E-03
3.360E+00	-6.403E-01	7.694E-01	-4.826E+00	-4.014E+00	0.000E+00	0.000E+00	-1.082E+00	5.086E+00	3.855E-03	-7.710E-03
3.370E+00	-6.872E-01	7.278E-01	-4.564E+00	-4.309E+00	0.000E+00	0.000E+00	-1.109E+00	5.080E+00	3.855E-03	-7.710E-03
3.380E+00	-7.315E-01	6.833E-01	-4.285E+00	-4.587E+00	0.000E+00	0.000E+00	-1.136E+00	5.074E+00	3.855E-03	-7.710E-03
3.390E+00	-7.729E-01	6.361E-01	-3.989E+00	-4.846E+00	0.000E+00	0.000E+00	-1.163E+00	5.068E+00	3.855E-03	-7.710E-03
3.400E+00	-8.112E-01	5.865E-01	-3.677E+00	-5.087E+00	0.000E+00	0.000E+00	-1.189E+00	5.062E+00	3.855E-03	-7.710E-03
3.410E+00	-8.464E-01	5.345E-01	-3.351E+00	-5.308E+00	0.000E+00	0.000E+00	-1.216E+00	5.056E+00	3.855E-03	-7.710E-03
3.420E+00	-8.782E-01	4.804E-01	-3.011E+00	-5.507E+00	0.000E+00	0.000E+00	-1.243E+00	5.049E+00	3.855E-03	-7.710E-03
3.430E+00	-9.066E-01	4.244E-01	-2.660E+00	-5.685E+00	0.000E+00	0.000E+00	-1.270E+00	5.043E+00	3.855E-03	-7.710E-03
3.440E+00	-9.314E-01	3.667E-01	-2.298E+00	-5.841E+00	0.000E+00	0.000E+00	-1.296E+00	5.036E+00	3.855E-03	-7.710E-03
3.450E+00	-9.525E-01	3.076E-01	-1.927E+00	-5.974E+00	0.000E+00	0.000E+00	-1.323E+00	5.029E+00	3.855E-03	-7.710E-03
3.460E+00	-9.699E-01	2.473E-01	-1.549E+00	-6.083E+00	0.000E+00	0.000E+00	-1.350E+00	5.022E+00	3.855E-03	-7.710E-03
3.470E+00	-9.834E-01	1.861E-01	-1.164E+00	-6.169E+00	0.000E+00	0.000E+00	-1.376E+00	5.015E+00	3.855E-03	-7.710E-03
3.480E+00	-9.931E-01	1.240E-01	-7.747E-01	-6.230E+00	0.000E+00	0.000E+00	-1.403E+00	5.007E+00	3.855E-03	-7.710E-03
3.490E+00	-9.989E-01	6.154E-02	-3.823E-01	-6.266E+00	0.000E+00	0.000E+00	-1.429E+00	5.000E+00	3.855E-03	-7.710E-03
3.500E+00	-1.001E+00	-1.197E-03	1.159E-02	-6.278E+00	0.000E+00	0.000E+00	-1.456E+00	4.992E+00	3.855E-03	-7.710E-03
3.510E+00	-9.987E-01	-6.393E-02	4.055E-01	-6.265E+00	0.000E+00	0.000E+00	-1.482E+00	4.984E+00	3.855E-03	-7.710E-03
3.520E+00	-9.927E-01	-1.264E-01	7.979E-01	-6.228E+00	0.000E+00	0.000E+00	-1.509E+00	4.976E+00	3.855E-03	-7.710E-03
3.530E+00	-9.828E-01	-1.884E-01	1.187E+00	-6.166E+00	0.000E+00	0.000E+00	-1.535E+00	4.968E+00	3.855E-03	-7.710E-03
3.540E+00	-9.690E-01	-2.496E-01	1.572E+00	-6.079E+00	0.000E+00	0.000E+00	-1.561E+00	4.960E+00	3.855E-03	-7.710E-03
3.550E+00	-9.513E-01	-3.099E-01	1.950E+00	-5.969E+00	0.000E+00	0.000E+00	-1.588E+00	4.952E+00	3.855E-03	-7.710E-03
3.560E+00	-9.300E-01	-3.689E-01	2.321E+00	-5.835E+00	0.000E+00	0.000E+00	-1.614E+00	4.943E+00	3.855E-03	-7.710E-03
3.570E+00	-9.049E-01	-4.265E-01	2.683E+00	-5.678E+00	0.000E+00	0.000E+00	-1.640E+00	4.935E+00	3.855E-03	-7.710E-03
3.580E+00	-8.763E-01	-4.824E-01	3.034E+00	-5.499E+00	0.000E+00	0.000E+00	-1.666E+00	4.926E+00	3.855E-03	-7.710E-03
3.590E+00	-8.443E-01	-5.364E-01	3.374E+00	-5.298E+00	0.000E+00	0.000E+00	-1.692E+00	4.917E+00	3.855E-03	-7.710E-03
3.600E+00	-8.089E-01	-5.883E-01	3.700E+00	-5.076E+00	0.000E+00	0.000E+00	-1.718E+00	4.908E+00	3.855E-03	-7.710E-03
3.610E+00	-7.703E-01	-6.379E-01	4.012E+00	-4.834E+00	0.000E+00	0.000E+00	-1.744E+00	4.899E+00	3.855E-03	-7.710E-03
3.620E+00	-7.287E-01	-6.849E-01	4.307E+00	-4.573E+00	0.000E+00	0.000E+00	-1.770E+00	4.889E+00	3.855E-03	-7.710E-03
3.630E+00	-6.843E-01	-7.293E-01	4.586E+00	-4.294E+00	0.000E+00	0.000E+00	-1.796E+00	4.880E+00	3.855E-03	-7.710E-03
3.640E+00	-6.371E-01	-7.708E-01	4.847E+00	-3.997E+00	0.000E+00	0.000E+00	-1.822E+00	4.870E+00	3.855E-03	-7.710E-03
3.650E+00	-5.874E-01	-8.092E-01	5.089E+00	-3.685E+00	0.000E+00	0.000E+00	-1.848E+00	4.861E+00	3.855E-03	-7.711E-03
3.660E+00	-5.354E-01	-8.444E-01	5.311E+00	-3.359E+00	0.000E+00	0.000E+00	-1.873E+00	4.851E+00	3.855E-03	-7.711E-03
3.670E+00	-4.812E-01	-8.763E-01	5.512E+00	-3.019E+00	0.000E+00	0.000E+00	-1.899E+00	4.841E+00	3.855E-03	-7.711E-03
3.680E+00	-4.252E-01	-9.048E-01	5.691E+00	-2.667E+00	0.000E+00	0.000E+00	-1.925E+00	4.831E+00	3.855E-03	-7.711E-03
3.690E+00	-3.675E-01	-9.296E-01	5.848E+00	-2.304E+00	0.000E+00	0.000E+00	-1.950E+00	4.820E+00	3.855E-03	-7.711E-03
3.700E+00	-3.083E-01	-9.508E-01	5.981E+00	-1.932E+00	0.000E+00	0.000E+00	-1.976E+00	4.810E+00	3.855E-03	-7.711E-03
3.710E+00	-2.479E-01	-9.682E-01	6.091E+00	-1.553E+00	0.000E+00	0.000E+00	-2.001E+00	4.799E+00	3.855E-03	-7.711E-03
3.720E+00	-1.866E-01	-9.818E-01	6.177E+00	-1.167E+00	0.000E+00	0.000E+00	-2.027E+00	4.789E+00	3.855E-03	-7.711E-03
3.730E+00	-1.245E-01	-9.916E-01	6.239E+00	-7.768E-01	0.000E+00	0.000E+00	-2.052E+00	4.778E+00	3.855E-03	-7.711E-03
3.740E+00	-6.188E-02	-9.974E-01	6.275E+00	-3.832E-01	0.000E+00	0.000E+00	-2.077E+00	4.767E+00	3.855E-03	-7.711E-03
3.750E+00	9.536E-04	-9.992E-01	6.288E+00	1.191E-02	0.000E+00	0.000E+00	-2.103E+00	4.756E+00	3.855E-03	-7.711E-03
3.760E+00	6.379E-02	-9.971E-01	6.275E+00	4.071E-01	0.000E+00	0.000E+00	-2.128E+00	4.745E+00	3.855E-03	-7.711E-03
3.770E+00	1.264E-01	-9.911E-01	6.237E+00	8.007E-01	0.000E+00	0.000E+00	-2.153E+00	4.733E+00	3.855E-03	-7.711E-03
3.780E+00	1.884E-01	-9.811E-01	6.175E+00	1.191E+00	0.000E+00	0.000E+00	-2.178E+00	4.722E+00	3.855E-03	-7.711E-03
3.790E+00	2.498E-01	-9.673E-01	6.088E+00	1.577E+00	0.000E+00	0.000E+00	-2.203E+00	4.710E+00	3.855E-03	-7.711E-03
3.800E+00	3.101E-01	-9.496E-01	5.977E+00	1.957E+00	0.000E+00	0.000E+00	-2.228E+00	4.699E+00	3.855E-03	-7.711E-03
3.810E+00	3.692E-01	-9.282E-01	5.842E+00	2.329E+00	0.000E+00	0.000E+00	-2.253E+00	4.687E+00	3.855E-03	-7.711E-03
3.820E+00	4.269E-01	-9.031E-01	5.685E+00	2.691E+00	0.000E+00	0.000E+00	-2.277E+00	4.675E+00	3.855E-03	-7.711E-03
3.830E+00	4.829E-01	-8.744E-01	5.504E+00	3.044E+00	0.000E+00	0.000E+00	-2.302E+00	4.663E+00	3.855E-03	-7.711E-03
3.840E+00	5.369E-01	-8.422E-01	5.302E+00	3.384E+00	0.000E+00	0.000E+00	-2.327E+00	4.650E+00	3.855E-03	-7.711E-03
3.850E+00	5.888E-01	-8.067E-01	5.079E+00	3.711E+00	0.000E+00	0.000E+00	-2.351E+00	4.638E+00	3.855E-03	-7.711E-03
3.860E+00	6.384E-01	-7.681E-01	4.836E+00	4.023E+00	0.000E+00	0.000E+00	-2.376E+00	4.625E+00	3.855E-03	-7.711E-03
3.870E+00	6.855E-01	-7.263E-01	4.574E+00	4.319E+00	0.000E+00	0.000E+00	-2.400E+00	4.613E+00	3.855E-03	-7.711E-03
3.880E+00	7.298E-01	-6.817E-01	4.293E+00	4.598E+00	0.000E+00	0.000E+00	-2.425E+00	4.600E+00	3.855E-03	-7.711E-03
3.890E+00	7.713E-01	-6.344E-01	3.996E+00	4.859E+00	0.000E+00	0.000E+00	-2.449E+00	4.587E+00	3.855E-03	-7.711E-03
3.900E+00	8.097E-01	-5.846E-01	3.682E+00	5.101E+00	0.000E+00	0.000E+00	-2.473E+00	4.574E+00	3.855E-03	-7.711E-03
3.910E+00	8.449E-01	-5.325E-01	3.354E+00	5.322E+00	0.000E+00	0.000E+00	-2.498E+00	4.561E+00	3.855E-03	-7.711E-03
3.920E+00	8.767E-01	-4.783E-01	3.013E+00	5.522E+00	0.000E+00	0.000E+00	-2.522E+00	4.548E+00	3.855E-03	-7.711E-03
3.930E+00	9.051E-01	-4.221E-01	2.660E+00	5.701E+00	0.000E+00	0.000E+00	-2.546E+00	4.534E+00	3.855E-03	-7.711E-03
3.940E+00	9.299E-01	-3.643E-01	2.296E+00	5.857E+00	0.000E+00	0.000E+00	-2.570E+00	4.521E+00	3.855E-03	-7.711E-03
3.950E+00	9.510E-01	-3.051E-01	1.923E+00	5.989E+00	0.000E+00	0.000E+00	-2.594E+00	4.507E+00	3.855E-03	-7.711E-03
3.960E+00	9.683E-01	-2.446E-01	1.543E+00	6.098E+00	0.000E+00	0.000E+00	-2.618E+00	4.493E+00	3.855E-03	-7.711E-03
3.970E+00	9.818E-01	-1.832E-01	1.156E+00	6.183E+00	0.000E+00	0.000E+00	-2.641E+00	4.479E+00	3.855E-03	-7.711E-03
3.980E+00	9.915E-01	-1.210E-01	7.652E-01	6.243E+00	0.000E+00	0.000E+00	-2.665E+00	4.465E+00	3.855E-03	-7.711E-03
3.990E+00	9.971E-01	-5.839E-02	3.711E-01	6.279E+00	0.000E+00	0.000E+00	-2.689E+00	4.451E+00	3.855E-03	-7.711E-03
4.000E+00	9.989E-01	4.470E-03	-2.436E-02	6.290E+00	0.000E+00	0.000E+00	-2.712E+00	4.437E+00	3.855E-03	-7.711E-03
4.010E+00	9.967E-01	6.732E-02	-4.197E-01	6.276E+00	0.000E+00	0.000E+00	-2.736E+00	4.422E+00	3.855E-03	-7.711E-03
4.020E+00	9.905E-01	1.299E-01	-8.133E-01	6.236E+00	0.000E+00	0.000E+00	-2.759E+00	4.408E+00	3.855E-03	-7.711E-03
4.030E+00	9.804E-01	1.920E-01	-1.204E+00	6.173E+00	0.000E+00	0.000E+00	-2.782E+00	4.393E+00	3.855E-03	-7.711E-03
4.040E+00	9.664E-01	2.533E-01	-1.589E+00	6.085E+00	0.000E+00	0.000E+00	-2.806E+00	4.378E+00	3.855E-03	-7.711E-03
4.050E+00	9.486E-01	3.136E-01	-1.968E+00	5.972E+00	0.000E+00	0.000E+00	-2.829E+00	4.363E+00	3.855E-03	-7.711E-03
4.060E+00	9.271E-01	3.726E-01	-2.340E+00	5.836E+00	0.000E+00	0.000E+00	-2.852E+00	4.348E+00	3.855E-03	-7.711E-03
4.070E+00	9.019E-01	4.302E-01	-2.702E+00	5.678E+00	0.000E+00	0.000E+00	-2.875E+00	4.333E+00	3.855E-03	-7.711E-03
4.080E+00	8.731E-01	4.861E-01	-3.053E+00	5.496E+00	0.000E+00	0.000E+00	-2.898E+00	4.318E+00	3.855E-03	-7.711E-03
4.090E+00	8.408E-01	5.401E-01	-3.392E+00	5.293E+00	0.000E+00	0.000E+00	-2.921E+00	4.302E+00	3.855E-03	-7.711E-03
4.100E+00	8.053E-01	5.919E-01	-3.718E+00	5.069E+00	0.000E+00	0.000E+00	-2.943E+00	4.287E+00	3.855E-03	-7.711E-03
4.110E+00	7.665E-01	6.414E-01	-4.029E+00	4.825E+00	0.000E+00	0.000E+00	-2.966E+00	4.271E+00	3.855E-03	-7.711E-03
4.120E+00	7.248E-01	6.884E-01	-4.324E+00	4.562E+00	0.000E+00	0.000E+00	-2.989E+00	4.255E+00	3.855E-03	-7.711E-03
4.130E+00	6.801E-01	7.326E-01	-4.601E+00	4.282E+00	0.000E+00	0.000E+00	-3.011E+00	4.239E+00	3.855E-03	-7.711E-03
4.140E+00	6.328E-01	7.739E-01	-4.861E+00	3.984E+00	0.000E+00	0.000E+00	-3.034E+00	4.223E+00	3.855E-03	-7.711E-03
4.150E+00	5.830E-01	8.122E-01	-5.101E+00	3.670E+00	0.000E+00	0.000E+00	-3.056E+00	4.207E+00	3.855E-03	-7.711E-03
4.160E+00	5.308E-01	8.473E-01	-5.321E+00	3.343E+00	0.000E+00	0.000E+00	-3.078E+00	4.191E+00	3.855E-03	-7.711E-03
4.170E+00	4.766E-01	8.790E-01	-5.520E+00	3.002E+00	0.000E+00	0.000E+00	-3.100E+00	4.175E+00	3.855E-03	-7.711E-03
4.180E+00	4.205E-01	9.073E-01	-5.697E+00	2.649E+00	0.000E+00	0.000E+00	-3.122E+00	4.158E+00	3.855E-03	-7.710E-03
4.190E+00	3.627E-01	9.320E-01	-5.852E+00	2.286E+00	0.000E+00	0.000E+00	-3.144E+00	4.142E+00	3.855E-03	-7.710E-03
4.200E+00	3.036E-01	9.530E-01	-5.984E+00	1.914E+00	0.000E+00	0.000E+00	-3.166E+00	4.125E+00	3.855E-03	-7.710E-03
4.210E+00	2.432E-01	9.702E-01	-6.091E+00	1.534E+00	0.000E+00	0.000E+00	-3.188E+00	4.108E+00	3.855E-03	-7.710E-03
4.220E+00	1.818E-01	9.836E-01	-6.175E+00	1.149E+00	0.000E+00	0.000E+00	-3.210E+00	4.091E+00	3.855E-03	-7.710E-03
4.230E+00	1.197E-01	9.932E-01	-6.235E+00	7.587E-01	0.000E+00	0.000E+00	-3.232E+00	4.074E+00	3.855E-03	-7.710E-03
4.240E+00	5.719E-02	9.988E-01	-6.270E+00	3.658E-01	0.000E+00	0.000E+00	-3.253E+00	4.057E+00	3.855E-03	-7.710E-03
4.250E+00	-5.582E-03	1.000E+00	-6.280E+00	-2.837E-02	0.000E+00	0.000E+00	-3.275E+00	4.039E+00	3.855E-03	-7.710E-03
4.260E+00	-6.833E-02	9.982E-01	-6.265E+00	-4.224E-01	0.000E+00	0.000E+00	-3.296E+00	4.022E+00	3.855E-03	-7.710E-03
4.270E+00	-1.308E-01	9.920E-01	-6.226E+00	-8.147E-01	0.000E+00	0.000E+00	-3.317E+00	4.005E+00	3.855E-03	-7.710E-03
4.280E+00	-1.928E-01	9.819E-01	-6.162E+00	-1.204E+00	0.000E+00	0.000E+00	-3.338E+00	3.987E+00	3.855E-03	-7.710E-03
4.290E+00	-2.540E-01	9.680E-01	-6.074E+00	-1.588E+00	0.000E+00	0.000E+00	-3.359E+00	3.969E+00	3.855E-03	-7.710E-03
4.300E+00	-3.142E-01	9.502E-01	-5.962E+00	-1.966E+00	0.000E+00	0.000E+00	-3.380E+00	3.951E+00	3.855E-03	-7.710E-03
4.310E+00	-3.731E-01	9.287E-01	-5.827E+00	-2.336E+00	0.000E+00	0.000E+00	-3.401E+00	3.933E+00	3.855E-03	-7.710E-03
4.320E+00	-4.306E-01	9.035E-01	-5.669E+00	-2.697E+00	0.000E+00	0.000E+00	-3.422E+00	3.915E+00	3.855E-03	-7.710E-03
4.330E+00	-4.864E-01	8.748E-01	-5.488E+00	-3.047E+00	0.000E+00	0.000E+00	-3.443E+00	3.897E+00	3.855E-03	-7.710E-03
4.340E+00	-5.403E-01	8.426E-01	-5.286E+00	-3.385E+00	0.000E+00	0.000E+00	-3.463E+00	3.879E+00	3.855E-03	-7.710E-03
4.350E+00	-5.921E-01	8.071E-01	-5.063E+00	-3.710E+00	0.000E+00	0.000E+00	-3.484E+00	3.860E+00	3.855E-03	-7.710E-03
4.360E+00	-6.415E-01	7.685E-01	-4.820E+00	-4.020E+00	0.000E+00	0.000E+00	-3.504E+00	3.842E+00	3.855E-03	-7.710E-03
4.370E+00	-6.884E-01	7.268E-01	-4.559E+00	-4.314E+00	0.000E+00	0.000E+00	-3.525E+00	3.823E+00	3.855E-03	-7.710E-03
4.380E+00	-7.326E-01	6.823E-01	-4.279E+00	-4.591E+00	0.000E+00	0.000E+00	-3.545E+00	3.805E+00	3.855E-03	-7.710E-03
4.390E+00	-7.740E-01	6.350E-01	-3.983E+00	-4.850E+00	0.000E+00	0.000E+00	-3.565E+00	3.786E+00	3.855E-03	-7.710E-03
4.400E+00	-8.122E-01	5.853E-01	-3.670E+00	-5.091E+00	0.000E+00	0.000E+00	-3.585E+00	3.767E+00	3.855E-03	-7.710E-03
4.410E+00	-8.473E-01	5.333E-01	-3.344E+00	-5.311E+00	0.000E+00	0.000E+00	-3.605E+00	3.748E+00	3.855E-03	-7.710E-03
4.420E+00	-8.791E-01	4.792E-01	-3.004E+00	-5.510E+00	0.000E+00	0.000E+00	-3.625E+00	3.729E+00	3.855E-03	-7.710E-03
4.430E+00	-9.074E-01	4.232E-01	-2.653E+00	-5.687E+00	0.000E+00	0.000E+00	-3.644E+00	3.709E+00	3.855E-03	-7.710E-03
4.440E+00	-9.321E-01	3.655E-01	-2.291E+00	-5.843E+00	0.000E+00	0.000E+00	-3.664E+00	3.690E+00	3.855E-03	-7.710E-03
4.450E+00	-9.532E-01	3.064E-01	-1.920E+00	-5.975E+00	0.000E+00	0.000E+00	-3.683E+00	3.670E+00	3.855E-03	-7.710E-03
4.460E+00	-9.705E-01	2.461E-01	-1.541E+00	-6.083E+00	0.000E+00	0.000E+00	-3.703E+00	3.651E+00	3.855E-03	-7.710E-03
4.470E+00	-9.840E-01	1.848E-01	-1.157E+00	-6.168E+00	0.000E+00	0.000E+00	-3.722E+00	3.631E+00	3.855E-03	-7.710E-03
4.480E+00	-9.936E-01	1.228E-01	-7.678E-01	-6.229E+00	0.000E+00	0.000E+00	-3.741E+00	3.611E+00	3.855E-03	-7.710E-03
4.490E+00	-9.993E-01	6.031E-02	-3.757E-01	-6.265E+00	0.000E+00	0.000E+00	-3.760E+00	3.592E+00	3.855E-03	-7.710E-03
4.500E+00	-1.001E+00	-2.411E-03	1.796E-02	-6.276E+00	0.000E+00	0.000E+00	-3.779E+00	3.572E+00	3.855E-03	-7.710E-03
4.510E+00	-9.990E-01	-6.513E-02	4.116E-01	-6.263E+00	0.000E+00	0.000E+00	-3.798E+00	3.551E+00	3.855E-03	-7.710E-03
4.520E+00	-9.929E-01	-1.276E-01	8.036E-01	-6.225E+00	0.000E+00	0.000E+00	-3.817E+00	3.531E+00	3.855E-03	-7.710E-03
4.530E+00	-9.829E-01	-1.895E-01	1.193E+00	-6.162E+00	0.000E+00	0.000E+00	-3.836E+00	3.511E+00	3.855E-03	-7.710E-03
4.540E+00	-9.690E-01	-2.508E-01	1.577E+00	-6.076E+00	0.000E+00	0.000E+00	-3.854E+00	3.491E+00	3.855E-03	-7.710E-03
4.550E+00	-9.514E-01	-3.110E-01	1.955E+00	-5.965E+00	0.000E+00	0.000E+00	-3.873E+00	3.470E+00	3.855E-03	-7.710E-03
4.560E+00	-9.300E-01	-3.700E-01	2.325E+00	-5.831E+00	0.000E+00	0.000E+00	-3.891E+00	3.450E+00	3.855E-03	-7.710E-03
4.570E+00	-9.049E-01	-4.275E-01	2.687E+00	-5.674E+00	0.000E+00	0.000E+00	-3.909E+00	3.429E+00	3.855E-03	-7.710E-03
4.580E+00	-8.763E-01	-4.834E-01	3.038E+00	-5.494E+00	0.000E+00	0.000E+00	-3.927E+00	3.408E+00	3.855E-03	-7.710E-03
4.590E+00	-8.442E-01	-5.373E-01	3.377E+00	-5.293E+00	0.000E+00	0.000E+00	-3.945E+00	3.387E+00	3.855E-03	-7.710E-03
4.600E+00	-8.088E-01	-5.892E-01	3.702E+00	-5.071E+00	0.000E+00	0.000E+00	-3.963E+00	3.366E+00	3.855E-03	-7.710E-03
4.610E+00	-7.702E-01	-6.387E-01	4.014E+00	-4.829E+00	0.000E+00	0.000E+00	-3.981E+00	3.345E+00	3.855E-03	-7.710E-03
4.620E+00	-7.286E-01	-6.857E-01	4.309E+00	-4.568E+00	0.000E+00	0.000E+00	-3.999E+00	3.324E+00	3.855E-03	-7.710E-03
4.630E+00	-6.841E-01	-7.300E-01	4.588E+00	-4.289E+00	0.000E+00	0.000E+00	-4.016E+00	3.303E+00	3.855E-03	-7.710E-03
4.640E+00	-6.369E-01	-7.714E-01	4.848E+00	-3.993E+00	0.000E+00	0.000E+00	-4.034E+00	3.282E+00	3.855E-03	-7.710E-03
4.650E+00	-5.872E-01	-8.098E-01	5.090E+00	-3.681E+00	0.000E+00	0.000E+00	-4.051E+00	3.260E+00	3.855E-03	-7.710E-03
4.660E+00	-5.351E-01	-8.450E-01	5.311E+00	-3.354E+00	0.000E+00	0.000E+00	-4.068E+00	3.239E+00	3.855E-03	-7.710E-03
4.670E+00	-4.810E-01	-8.768E-01	5.512E+00	-3.015E+00	0.000E+00	0.000E+00	-4.085E+00	3.217E+00	3.855E-03	-7.710E-03
4.680E+00	-4.250E-01	-9.052E-01	5.690E+00	-2.663E+00	0.000E+00	0.000E+00	-4.102E+00	3.195E+00	3.855E-03	-7.710E-03
4.690E+00	-3.673E-01	-9.301E-01	5.847E+00	-2.300E+00	0.000E+00	0.000E+00	-4.119E+00	3.174E+00	3.855E-03	-7.711E-03
4.700E+00	-3.081E-01	-9.512E-01	5.980E+00	-1.929E+00	0.000E+00	0.000E+00	-4.136E+00	3.152E+00	3.855E-03	-7.711E-03
4.710E+00	-2.478E-01	-9.686E-01	6.090E+00	-1.549E+00	0.000E+00	0.000E+00	-4.153E+00	3.130E+00	3.855E-03	-7.711E-03
4.720E+00	-1.864E-01	-9.822E-01	6.176E+00	-1.164E+00	0.000E+00	0.000E+00	-4.169E+00	3.108E+00	3.855E-03	-7.711E-03
4.730E+00	-1.243E-01	-9.919E-01	6.237E+00	-7.738E-01	0.000E+00	0.000E+00	-4.186E+00	3.086E+00	3.855E-03	-7.711E-03
4.740E+00	-6.174E-02	-9.976E-01	6.274E+00	-3.804E-01	0.000E+00	0.000E+00	-4.202E+00	3.063E+00	3.855E-03	-7.711E-03
4.750E+00	1.080E-03	-9.995E-01	6.286E+00	1.448E-02	0.000E+00	0.000E+00	-4.218E+00	3.041E+00	3.855E-03	-7.711E-03
4.760E+00	6.390E-02	-9.974E-01	6.273E+00	4.094E-01	0.000E+00	0.000E+00	-4.234E+00	3.019E+00	3.855E-03	-7.711E-03
4.770E+00	1.265E-01	-9.913E-01	6.235E+00	8.029E-01	0.000E+00	0.000E+00	-4.250E+00	2.996E+00	3.855E-03	-7.711E-03
4.780E+00	1.885E-01	-9.813E-01	6.173E+00	1.193E+00	0.000E+00	0.000E+00	-4.266E+00	2.974E+00	3.855E-03	-7.711E-03
4.790E+00	2.498E-01	-9.674E-01	6.086E+00	1.579E+00	0.000E+00	0.000E+00	-4.282E+00	2.951E+00	3.855E-03	-7.711E-03
4.800E+00	3.102E-01	-9.498E-01	5.975E+00	1.958E+00	0.000E+00	0.000E+00	-4.297E+00	2.928E+00	3.855E-03	-7.711E-03
4.810E+00	3.693E-01	-9.283E-01	5.841E+00	2.330E+00	0.000E+00	0.000E+00	-4.313E+00	2.905E+00	3.855E-03	-7.711E-03
4.820E+00	4.269E-01	-9.032E-01	5.683E+00	2.693E+00	0.000E+00	0.000E+00	-4.328E+00	2.883E+00	3.855E-03	-7.711E-03
4.830E+00	4.829E-01	-8.745E-01	5.503E+00	3.045E+00	0.000E+00	0.000E+00	-4.343E+00	2.860E+00	3.855E-03	-7.711E-03
4.840E+00	5.369E-01	-8.423E-01	5.301E+00	3.385E+00	0.000E+00	0.000E+00	-4.358E+00	2.837E+00	3.855E-03	-7.711E-03
4.850E+00	5.888E-01	-8.068E-01	5.078E+00	3.712E+00	0.000E+00	0.000E+00	-4.373E+00	2.813E+00	3.855E-03	-7.711E-03
4.860E+00	6.384E-01	-7.681E-01	4.835E+00	4.024E+00	0.000E+00	0.000E+00	-4.388E+00	2.790E+00	3.855E-03	-7.711E-03
4.870E+00	6.854E-01	-7.264E-01	4.572E+00	4.320E+00	0.000E+00	0.000E+00	-4.403E+00	2.767E+00	3.855E-03	-7.711E-03
4.880E+00	7.298E-01	-6.818E-01	4.292E+00	4.599E+00	0.000E+00	0.000E+00	-4.417E+00	2.744E+00	3.855E-03	-7.711E-03
4.890E+00	7.712E-01	-6.345E-01	3.994E+00	4.860E+00	0.000E+00	0.000E+00	-4.432E+00	2.720E+00	3.855E-03	-7.711E-03
4.900E+00	8.096E-01	-5.846E-01	3.681E+00	5.102E+00	0.000E+00	0.000E+00	-4.446E+00	2.697E+00	3.855E-03	-7.711E-03
4.910E+00	8.448E-01	-5.325E-01	3.353E+00	5.324E+00	0.000E+00	0.000E+00	-4.460E+00	2.673E+00	3.855E-03	-7.711E-03
4.920E+00	8.766E-01	-4.782E-01	3.011E+00	5.524E+00	0.000E+00	0.000E+00	-4.474E+00	2.649E+00	3.855E-03	-7.711E-03
4.930E+00	9.050E-01	-4.221E-01	2.658E+00	5.703E+00	0.000E+00	0.000E+00	-4.488E+00	2.626E+00	3.855E-03	-7.711E-03
4.940E+00	9.298E-01	-3.643E-01	2.294E+00	5.858E+00	0.000E+00	0.000E+00	-4.502E+00	2.602E+00	3.855E-03	-7.711E-03
4.950E+00	9.508E-01	-3.050E-01	1.921E+00	5.991E+00	0.000E+00	0.000E+00	-4.516E+00	2.578E+00	3.855E-03	-7.711E-03
4.960E+00	9.682E-01	-2.445E-01	1.541E+00	6.100E+00	0.000E+00	0.000E+00	-4.530E+00	2.554E+00	3.855E-03	-7.711E-03
4.970E+00	9.816E-01	-1.831E-01	1.154E+00	6.185E+00	0.000E+00	0.000E+00	-4.543E+00	2.530E+00	3.855E-03	-7.711E-03
4.980E+00	9.912E-01	-1.209E-01	7.629E-01	6.245E+00	0.000E+00	0.000E+00	-4.556E+00	2.506E+00	3.855E-03	-7.711E-03
4.990E+00	9.969E-01	-5.824E-02	3.686E-01	6.281E+00	0.000E+00	0.000E+00	-4.570E+00	2.482E+00	3.855E-03	-7.711E-03
