t	x	y	angle
0.0000E+00	3.0750E-01	0.0000E+00	0.0000E+00
7.2219E-01	3.0750E-01	-1.1489E-06	-2.1407E-04
9.6293E-01	3.0750E-01	2.6148E-06	4.8721E-04
1.4444E+00	3.0750E-01	-2.2978E-06	-4.2814E-04
1.6851E+00	3.0750E-01	1.4659E-06	2.7314E-04
2.4073E+00	3.0750E-01	3.1704E-07	5.9073E-05
2.6480E+00	3.0750E-01	4.0807E-06	7.6035E-04
3.1295E+00	3.0750E-01	-8.3186E-07	-1.5500E-04
3.3702E+00	3.0750E-01	2.9318E-06	5.4628E-04
4.0924E+00	3.0750E-01	1.7830E-06	3.3221E-04
4.3332E+00	3.0750E-01	5.5467E-06	1.0335E-03
4.8146E+00	3.0750E-01	6.3407E-07	1.1814E-04
5.0554E+00	3.0750E-01	4.3978E-06	8.1943E-04
5.7776E+00	3.0750E-01	3.2489E-06	6.0535E-04
6.0183E+00	3.0750E-01	7.0126E-06	1.3066E-03
6.4998E+00	3.0750E-01	2.1000E-06	3.9128E-04
6.7405E+00	3.0750E-01	5.8637E-06	1.0926E-03
7.4627E+00	3.0750E-01	4.7148E-06	8.7849E-04
8.1849E+00	3.0750E-01	3.5659E-06	6.6442E-04
8.4256E+00	3.0750E-01	7.3296E-06	1.3657E-03
9.1478E+00	3.0750E-01	6.1807E-06	1.1516E-03
9.8700E+00	3.0750E-01	5.0318E-06	9.3756E-04
1.0111E+01	3.0750E-01	8.7955E-06	1.6388E-03
1.0592E+01	3.0750E-01	3.8829E-06	7.2349E-04
1.0833E+01	3.0750E-01	7.6466E-06	1.4248E-03
1.1555E+01	3.0750E-01	6.4977E-06	1.2107E-03
1.1796E+01	3.0750E-01	1.0261E-05	1.9120E-03
1.2277E+01	3.0750E-01	5.3488E-06	9.9663E-04
1.2518E+01	3.0750E-01	9.1125E-06	1.6979E-03
1.3240E+01	3.0750E-01	7.9636E-06	1.4838E-03
1.3481E+01	3.0750E-01	1.1727E-05	2.1851E-03
1.3962E+01	3.0750E-01	6.8147E-06	1.2698E-03
1.4203E+01	3.0750E-01	1.0578E-05	1.9710E-03
1.4925E+01	3.0750E-01	9.4295E-06	1.7570E-03
1.5648E+01	3.0750E-01	8.2806E-06	1.5429E-03
1.5888E+01	3.0750E-01	1.2044E-05	2.2442E-03
1.6610E+01	3.0750E-01	1.0895E-05	2.0301E-03
1.7333E+01	3.0750E-01	9.7465E-06	1.8160E-03
1.7573E+01	3.0750E-01	1.3510E-05	2.5173E-03
1.8055E+01	3.0750E-01	8.5976E-06	1.6020E-03
1.8296E+01	3.0750E-01	1.2361E-05	2.3033E-03
1.9018E+01	3.0750E-01	1.1212E-05	2.0892E-03
1.9259E+01	3.0750E-01	1.4976E-05	2.7905E-03
1.9740E+01	3.0750E-01	1.0064E-05	1.8751E-03
1.9981E+01	3.0750E-01	1.3827E-05	2.5764E-03
2.0703E+01	3.0750E-01	1.2678E-05	2.3623E-03
2.0944E+01	3.0750E-01	1.6442E-05	3.0636E-03
2.1425E+01	3.0750E-01	1.1529E-05	2.1483E-03
2.1666E+01	3.0750E-01	1.5293E-05	2.8495E-03
2.2388E+01	3.0750E-01	1.4144E-05	2.6355E-03
2.3110E+01	3.0750E-01	1.2995E-05	2.4214E-03
2.3351E+01	3.0750E-01	1.6759E-05	3.1227E-03
2.4073E+01	3.0750E-01	1.5610E-05	2.9086E-03
2.4795E+01	3.0750E-01	1.4461E-05	2.6945E-03
2.5036E+01	3.0750E-01	1.8225E-05	3.3958E-03
2.5518E+01	3.0750E-01	1.3312E-05	2.4805E-03
2.5758E+01	3.0750E-01	1.7076E-05	3.1817E-03
2.6480E+01	3.0750E-01	1.5927E-05	2.9677E-03
2.6721E+01	3.0750E-01	1.9691E-05	3.6690E-03
2.7203E+01	3.0750E-01	1.4778E-05	2.7536E-03
2.7443E+01	3.0750E-01	1.8542E-05	3.4549E-03
2.8166E+01	3.0750E-01	1.7393E-05	3.2408E-03
2.8406E+01	3.0750E-01	2.1157E-05	3.9421E-03
2.8888E+01	3.0750E-01	1.6244E-05	3.0267E-03
2.9129E+01	3.0750E-01	2.0008E-05	3.7280E-03
2.9851E+01	3.0750E-01	1.8859E-05	3.5140E-03
3.0573E+01	3.0750E-01	1.7710E-05	3.2999E-03
3.0814E+01	3.0750E-01	2.1474E-05	4.0012E-03
3.1536E+01	3.0750E-01	2.0325E-05	3.7871E-03
3.2258E+01	3.0750E-01	1.9176E-05	3.5730E-03
3.2499E+01	3.0750E-01	2.2940E-05	4.2743E-03
3.2980E+01	3.0750E-01	1.8027E-05	3.3589E-03
3.3221E+01	3.0750E-01	2.1791E-05	4.0602E-03
3.3943E+01	3.0750E-01	2.0642E-05	3.8462E-03
3.4184E+01	3.0750E-01	2.4406E-05	4.5474E-03
3.4665E+01	3.0750E-01	1.9493E-05	3.6321E-03
3.4906E+01	3.0750E-01	2.3257E-05	4.3334E-03
3.5628E+01	3.0750E-01	2.2108E-05	4.1193E-03
3.5869E+01	3.0750E-01	2.5872E-05	4.8206E-03
3.6350E+01	3.0750E-01	2.0959E-05	3.9052E-03
3.6591E+01	3.0750E-01	2.4723E-05	4.6065E-03
3.7313E+01	3.0750E-01	2.3574E-05	4.3924E-03
3.7554E+01	3.0750E-01	2.7337E-05	5.0937E-03
3.8036E+01	3.0750E-01	2.2425E-05	4.1784E-03
3.8276E+01	3.0750E-01	2.6189E-05	4.8797E-03
3.8999E+01	3.0750E-01	2.5040E-05	4.6656E-03
3.9721E+01	3.0750E-01	2.3891E-05	4.4515E-03
3.9961E+01	3.0750E-01	2.7654E-05	5.1528E-03
4.0443E+01	3.0750E-01	2.2742E-05	4.2374E-03
4.0684E+01	3.0750E-01	2.6506E-05	4.9387E-03
4.1406E+01	3.0750E-01	2.5357E-05	4.7247E-03
4.1647E+01	3.0750E-01	2.9120E-05	5.4259E-03
4.2128E+01	3.0750E-01	2.4208E-05	4.5106E-03
4.2369E+01	3.0750E-01	2.7972E-05	5.2119E-03
4.3091E+01	3.0750E-01	2.6823E-05	4.9978E-03
4.3332E+01	3.0750E-01	3.0586E-05	5.6991E-03
4.3813E+01	3.0750E-01	2.5674E-05	4.7837E-03
4.4054E+01	3.0750E-01	2.9437E-05	5.4850E-03
4.4776E+01	3.0750E-01	2.8289E-05	5.2709E-03
4.5017E+01	3.0750E-01	3.2052E-05	5.9722E-03
4.5498E+01	3.0750E-01	2.7140E-05	5.0569E-03
4.5739E+01	3.0750E-01	3.0903E-05	5.7582E-03
4.6461E+01	3.0750E-01	2.9755E-05	5.5441E-03
4.7183E+01	3.0750E-01	2.8606E-05	5.3300E-03
4.7424E+01	3.0750E-01	3.2369E-05	6.0313E-03
4.7906E+01	3.0750E-01	2.7457E-05	5.1160E-03
4.8146E+01	3.0750E-01	3.1221E-05	5.8172E-03
4.8869E+01	3.0750E-01	3.0072E-05	5.6032E-03
4.9109E+01	3.0750E-01	3.3835E-05	6.3045E-03
4.9591E+01	3.0750E-01	2.8923E-05	5.3891E-03
4.9831E+01	3.0750E-01	3.2686E-05	6.0904E-03
5.0554E+01	3.0750E-01	3.1538E-05	5.8763E-03
5.0794E+01	3.0750E-01	3.5301E-05	6.5776E-03
5.1276E+01	3.0750E-01	3.0389E-05	5.6623E-03
5.1517E+01	3.0750E-01	3.4152E-05	6.3635E-03
5.2239E+01	3.0750E-01	3.3004E-05	6.1495E-03
5.2480E+01	3.0750E-01	3.6767E-05	6.8508E-03
5.2961E+01	3.0750E-01	3.1855E-05	5.9354E-03
5.3202E+01	3.0750E-01	3.5618E-05	6.6367E-03
5.3924E+01	3.0750E-01	3.4469E-05	6.4226E-03
5.4646E+01	3.0750E-01	3.3321E-05	6.2085E-03
5.4887E+01	3.0750E-01	3.7084E-05	6.9098E-03
5.5368E+01	3.0750E-01	3.2172E-05	5.9945E-03
5.5609E+01	3.0750E-01	3.5935E-05	6.6958E-03
5.6331E+01	3.0750E-01	3.4787E-05	6.4817E-03
5.6572E+01	3.0750E-01	3.8550E-05	7.1830E-03
5.7053E+01	3.0750E-01	3.3638E-05	6.2676E-03
5.7294E+01	3.0750E-01	3.7401E-05	6.9689E-03
5.8016E+01	3.0750E-01	3.6252E-05	6.7548E-03
5.8257E+01	3.0750E-01	4.0016E-05	7.4561E-03
5.8739E+01	3.0750E-01	3.5104E-05	6.5408E-03
5.8979E+01	3.0750E-01	3.8867E-05	7.2421E-03
5.9701E+01	3.0750E-01	3.7718E-05	7.0280E-03
5.9942E+01	3.0750E-01	4.1482E-05	7.7293E-03
6.0424E+01	3.0750E-01	3.6570E-05	6.8139E-03
6.0664E+01	3.0750E-01	4.0333E-05	7.5152E-03
6.1387E+01	3.0750E-01	3.9184E-05	7.3011E-03
6.2109E+01	3.0750E-01	3.8036E-05	7.0871E-03
6.2350E+01	3.0750E-01	4.1799E-05	7.7884E-03
6.2831E+01	3.0750E-01	3.6887E-05	6.8730E-03
6.3072E+01	3.0750E-01	4.0650E-05	7.5743E-03
6.3794E+01	3.0750E-01	3.9502E-05	7.3602E-03
6.4035E+01	3.0750E-01	4.3265E-05	8.0615E-03
6.4516E+01	3.0750E-01	3.8353E-05	7.1462E-03
6.4757E+01	3.0750E-01	4.2116E-05	7.8474E-03
6.5479E+01	3.0750E-01	4.0967E-05	7.6334E-03
6.5720E+01	3.0750E-01	4.4731E-05	8.3347E-03
6.6201E+01	3.0750E-01	3.9819E-05	7.4193E-03
6.6442E+01	3.0750E-01	4.3582E-05	8.1206E-03
6.7164E+01	3.0750E-01	4.2433E-05	7.9065E-03
6.7405E+01	3.0750E-01	4.6197E-05	8.6078E-03
6.7886E+01	3.0750E-01	4.1285E-05	7.6925E-03
6.8127E+01	3.0750E-01	4.5048E-05	8.3937E-03
6.8849E+01	3.0750E-01	4.3899E-05	8.1797E-03
6.9571E+01	3.0750E-01	4.2751E-05	7.9656E-03
6.9812E+01	3.0750E-01	4.6514E-05	8.6669E-03
7.0534E+01	3.0750E-01	4.5365E-05	8.4528E-03
7.1257E+01	3.0750E-01	4.4217E-05	8.2388E-03
7.1497E+01	3.0750E-01	4.7980E-05	8.9400E-03
7.1979E+01	3.0750E-01	4.3068E-05	8.0247E-03
7.2220E+01	3.0750E-01	4.6831E-05	8.7260E-03
7.2942E+01	3.0750E-01	4.5683E-05	8.5119E-03
7.3182E+01	3.0750E-01	4.9446E-05	9.2132E-03
7.3664E+01	3.0750E-01	4.4534E-05	8.2979E-03
7.3905E+01	3.0750E-01	4.8297E-05	8.9991E-03
7.4627E+01	3.0750E-01	4.7148E-05	8.7851E-03
7.4868E+01	3.0750E-01	5.0912E-05	9.4864E-03
7.5349E+01	3.0750E-01	4.6000E-05	8.5710E-03
7.5590E+01	3.0750E-01	4.9763E-05	9.2723E-03
7.6312E+01	3.0750E-01	4.8614E-05	9.0582E-03
7.6553E+01	3.0750E-01	5.2378E-05	9.7595E-03
7.7034E+01	3.0750E-01	4.7466E-05	8.8442E-03
7.7275E+01	3.0750E-01	5.1229E-05	9.5454E-03
7.7997E+01	3.0750E-01	5.0080E-05	9.3314E-03
7.8719E+01	3.0750E-01	4.8932E-05	9.1173E-03
7.8960E+01	3.0750E-01	5.2695E-05	9.8186E-03
7.9441E+01	3.0750E-01	4.7783E-05	8.9032E-03
7.9682E+01	3.0750E-01	5.1546E-05	9.6045E-03
8.0404E+01	3.0750E-01	5.0398E-05	9.3905E-03
8.0645E+01	3.0750E-01	5.4161E-05	1.0092E-02
8.1127E+01	3.0750E-01	4.9249E-05	9.1764E-03
8.1367E+01	3.0750E-01	5.3012E-05	9.8777E-03
8.2090E+01	3.0750E-01	5.1864E-05	9.6636E-03
8.2330E+01	3.0750E-01	5.5627E-05	1.0365E-02
8.2812E+01	3.0750E-01	5.0715E-05	9.4495E-03
8.3052E+01	3.0750E-01	5.4478E-05	1.0151E-02
8.3775E+01	3.0750E-01	5.3330E-05	9.9368E-03
8.4015E+01	3.0750E-01	5.7093E-05	1.0638E-02
8.4497E+01	3.0750E-01	5.2181E-05	9.7227E-03
8.4738E+01	3.0750E-01	5.5944E-05	1.0424E-02
8.5460E+01	3.0750E-01	5.4795E-05	1.0210E-02
8.6182E+01	3.0750E-01	5.3647E-05	9.9959E-03
8.6423E+01	3.0750E-01	5.7410E-05	1.0697E-02
8.6904E+01	3.0750E-01	5.2498E-05	9.7818E-03
8.7145E+01	3.0750E-01	5.6261E-05	1.0483E-02
8.7867E+01	3.0750E-01	5.5113E-05	1.0269E-02
8.8108E+01	3.0750E-01	5.8876E-05	1.0970E-02
8.8589E+01	3.0750E-01	5.3964E-05	1.0055E-02
8.8830E+01	3.0750E-01	5.7727E-05	1.0756E-02
8.9552E+01	3.0750E-01	5.6579E-05	1.0542E-02
8.9793E+01	3.0750E-01	6.0342E-05	1.1243E-02
9.0274E+01	3.0750E-01	5.5430E-05	1.0328E-02
9.0515E+01	3.0750E-01	5.9193E-05	1.1029E-02
9.1237E+01	3.0750E-01	5.8045E-05	1.0815E-02
9.1478E+01	3.0750E-01	6.1808E-05	1.1517E-02
9.1960E+01	3.0750E-01	5.6896E-05	1.0601E-02
9.2200E+01	3.0750E-01	6.0659E-05	1.1303E-02
9.2922E+01	3.0750E-01	5.9510E-05	1.1088E-02
9.3645E+01	3.0750E-01	5.8362E-05	1.0874E-02
9.3885E+01	3.0750E-01	6.2125E-05	1.1576E-02
9.4367E+01	3.0750E-01	5.7213E-05	1.0660E-02
9.4608E+01	3.0750E-01	6.0976E-05	1.1362E-02
9.5330E+01	3.0750E-01	5.9828E-05	1.1148E-02
9.5570E+01	3.0750E-01	6.3591E-05	1.1849E-02
9.6052E+01	3.0750E-01	5.8679E-05	1.0933E-02
9.6293E+01	3.0750E-01	6.2442E-05	1.1635E-02
9.7015E+01	3.0750E-01	6.1294E-05	1.1421E-02
9.7256E+01	3.0750E-01	6.5057E-05	1.2122E-02
9.7737E+01	3.0750E-01	6.0145E-05	1.1207E-02
9.7978E+01	3.0750E-01	6.3908E-05	1.1908E-02
9.8700E+01	3.0750E-01	6.2760E-05	1.1694E-02
9.8941E+01	3.0750E-01	6.6523E-05	1.2395E-02
9.9422E+01	3.0750E-01	6.1611E-05	1.1480E-02
9.9663E+01	3.0750E-01	6.5374E-05	1.2181E-02
