n	E	absM	accepted
1	-8.00000E+00	2.80000E+01	1
2	-8.00000E+00	2.80000E+01	1
3	-8.00000E+00	2.73333E+01	2
4	-8.00000E+00	2.75000E+01	3
5	-8.00000E+00	2.72000E+01	4
6	-8.00000E+00	2.66667E+01	5
7	-8.57143E+00	2.65714E+01	6
8	-9.00000E+00	2.65000E+01	6
9	-9.33333E+00	2.66667E+01	7
10	-1.00000E+01	2.70000E+01	8
11	-1.09091E+01	2.70909E+01	9
12	-1.16667E+01	2.71667E+01	9
13	-1.26154E+01	2.73846E+01	10
14	-1.34286E+01	2.75714E+01	10
15	-1.44000E+01	2.78667E+01	11
16	-1.52500E+01	2.81250E+01	11
17	-1.64706E+01	2.84706E+01	12
18	-1.75556E+01	2.88889E+01	13
19	-1.85263E+01	2.92632E+01	13
20	-1.96000E+01	2.97000E+01	14
21	-2.05714E+01	3.00952E+01	14
22	-2.14545E+01	3.04545E+01	14
23	-2.24348E+01	3.08696E+01	15
24	-2.33333E+01	3.13333E+01	16
25	-2.41600E+01	3.17600E+01	16
26	-2.49231E+01	3.22308E+01	17
27	-2.56296E+01	3.26667E+01	17
28	-2.65714E+01	3.31429E+01	18
29	-2.77241E+01	3.36552E+01	19
30	-2.88000E+01	3.42000E+01	20
31	-2.98065E+01	3.47742E+01	21
32	-3.08750E+01	3.53750E+01	22
33	-3.18788E+01	3.59394E+01	22
34	-3.28235E+01	3.64706E+01	22
35	-3.37143E+01	3.69143E+01	23
36	-3.45556E+01	3.72778E+01	24
37	-3.53514E+01	3.75676E+01	25
38	-3.61053E+01	3.78421E+01	25
39	-3.68205E+01	3.80513E+01	26
40	-3.75000E+01	3.82500E+01	26
41	-3.81463E+01	3.83902E+01	27
42	-3.87619E+01	3.84762E+01	28
43	-3.93488E+01	3.85581E+01	28
44	-4.00000E+01	3.85909E+01	29
45	-4.06222E+01	3.85778E+01	30
46	-4.13043E+01	3.86087E+01	31
47	-4.19574E+01	3.86809E+01	32
48	-4.25833E+01	3.87500E+01	32
49	-4.32653E+01	3.87755E+01	33
50	-4.39200E+01	3.87600E+01	34
51	-4.45490E+01	3.87059E+01	35
52	-4.51538E+01	3.86538E+01	35
53	-4.57358E+01	3.86038E+01	35
54	-4.62963E+01	3.85185E+01	36
55	-4.68364E+01	3.84364E+01	36
56	-4.73571E+01	3.83571E+01	36
57	-4.79298E+01	3.82456E+01	37
58	-4.84828E+01	3.81379E+01	37
59	-4.90847E+01	3.80678E+01	38
60	-4.96667E+01	3.79667E+01	39
61	-5.02295E+01	3.78361E+01	40
62	-5.07742E+01	3.77097E+01	40
63	-5.13016E+01	3.75873E+01	40
64	-5.18125E+01	3.74375E+01	41
65	-5.23692E+01	3.73231E+01	42
66	-5.29697E+01	3.72424E+01	43
67	-5.35522E+01	3.71343E+01	44
68	-5.41765E+01	3.70588E+01	45
69	-5.47826E+01	3.69565E+01	46
70	-5.53714E+01	3.68571E+01	46
71	-5.60000E+01	3.67324E+01	47
72	-5.66111E+01	3.66111E+01	47
73	-5.72055E+01	3.64658E+01	48
74	-5.77838E+01	3.63243E+01	48
75	-5.84533E+01	3.62133E+01	49
76	-5.91053E+01	3.61053E+01	49
77	-5.97403E+01	3.60000E+01	49
78	-6.03590E+01	3.58974E+01	49
79	-6.09620E+01	3.57722E+01	50
80	-6.15500E+01	3.56750E+01	51
81	-6.21728E+01	3.55556E+01	52
82	-6.28780E+01	3.54146E+01	53
83	-6.35663E+01	3.52771E+01	53
84	-6.42381E+01	3.51667E+01	54
85	-6.49412E+01	3.50824E+01	55
86	-6.56279E+01	3.50000E+01	55
87	-6.63448E+01	3.48966E+01	56
88	-6.70909E+01	3.48182E+01	57
89	-6.78202E+01	3.47416E+01	57
90	-6.85333E+01	3.46889E+01	58
91	-6.92308E+01	3.46154E+01	59
92	-6.99565E+01	3.45217E+01	60
93	-7.06667E+01	3.44516E+01	61
94	-7.14043E+01	3.43617E+01	62
95	-7.21263E+01	3.42737E+01	62
96	-7.28333E+01	3.41667E+01	63
97	-7.34845E+01	3.40412E+01	64
98	-7.41224E+01	3.39184E+01	64
99	-7.47475E+01	3.37980E+01	64
100	-7.53600E+01	3.36800E+01	64
110	-8.14545E+01	3.31636E+01	69
120	-8.70000E+01	3.26833E+01	77
130	-9.35077E+01	3.22615E+01	83
140	-1.00800E+02	3.22571E+01	89
150	-1.08667E+02	3.25067E+01	94
160	-1.16125E+02	3.26625E+01	97
170	-1.22706E+02	3.28353E+01	99
180	-1.28556E+02	3.33000E+01	103
190	-1.33853E+02	3.38421E+01	106
200	-1.39080E+02	3.43700E+01	109
210	-1.43962E+02	3.48381E+01	114
220	-1.48509E+02	3.52545E+01	117
230	-1.52696E+02	3.55043E+01	120
240	-1.56667E+02	3.57833E+01	121
250	-1.60464E+02	3.62640E+01	127
260	-1.64138E+02	3.68231E+01	132
270	-1.67644E+02	3.73037E+01	134
280	-1.70943E+02	3.78000E+01	135
290	-1.74359E+02	3.84690E+01	141
300	-1.78133E+02	3.91733E+01	144
310	-1.81806E+02	3.98258E+01	148
320	-1.85262E+02	4.05063E+01	151
330	-1.88691E+02	4.10909E+01	153
340	-1.92035E+02	4.16706E+01	155
350	-1.95234E+02	4.22457E+01	157
360	-1.98389E+02	4.28444E+01	163
370	-2.01459E+02	4.34108E+01	164
380	-2.04453E+02	4.39579E+01	166
390	-2.07313E+02	4.45744E+01	171
400	-2.10080E+02	4.51650E+01	173
410	-2.12761E+02	4.56488E+01	179
420	-2.15314E+02	4.62095E+01	180
430	-2.17749E+02	4.68047E+01	183
440	-2.20091E+02	4.73591E+01	189
450	-2.22560E+02	4.80000E+01	193
460	-2.24939E+02	4.85652E+01	195
470	-2.27294E+02	4.91191E+01	201
480	-2.29700E+02	4.97125E+01	204
490	-2.32041E+02	5.03143E+01	207
500	-2.34456E+02	5.09200E+01	212
510	-2.37098E+02	5.15765E+01	215
520	-2.39692E+02	5.22423E+01	218
530	-2.42226E+02	5.29170E+01	221
540	-2.44630E+02	5.36037E+01	224
550	-2.47011E+02	5.42873E+01	228
560	-2.49386E+02	5.49464E+01	231
570	-2.51761E+02	5.56246E+01	234
580	-2.54117E+02	5.62897E+01	235
590	-2.56454E+02	5.69356E+01	237
600	-2.58713E+02	5.74700E+01	239
610	-2.60938E+02	5.80164E+01	241
620	-2.63181E+02	5.86129E+01	245
630	-2.65352E+02	5.91968E+01	246
640	-2.67425E+02	5.97750E+01	250
650	-2.69403E+02	6.03662E+01	252
660	-2.71321E+02	6.09667E+01	253
670	-2.73182E+02	6.15642E+01	259
680	-2.75029E+02	6.20765E+01	262
690	-2.76899E+02	6.25188E+01	265
700	-2.78714E+02	6.29514E+01	267
710	-2.80479E+02	6.33521E+01	272
720	-2.82194E+02	6.37778E+01	272
730	-2.83863E+02	6.41342E+01	275
740	-2.85486E+02	6.45135E+01	278
750	-2.87067E+02	6.49413E+01	280
760	-2.88653E+02	6.54000E+01	281
770	-2.90203E+02	6.58286E+01	284
780	-2.91723E+02	6.62205E+01	286
790	-2.93246E+02	6.66405E+01	287
800	-2.94730E+02	6.70225E+01	289
810	-2.96178E+02	6.73926E+01	290
820	-2.97595E+02	6.77683E+01	291
830	-2.99022E+02	6.81566E+01	294
840	-3.00414E+02	6.85667E+01	295
850	-3.01774E+02	6.89741E+01	297
860	-3.03102E+02	6.93860E+01	298
870	-3.04432E+02	6.98092E+01	300
880	-3.05873E+02	7.02227E+01	302
890	-3.07290E+02	7.05955E+01	304
900	-3.08676E+02	7.09378E+01	306
910	-3.10031E+02	7.12791E+01	306
920	-3.11391E+02	7.16391E+01	310
930	-3.12740E+02	7.20645E+01	314
940	-3.14094E+02	7.25340E+01	317
950	-3.15419E+02	7.29747E+01	319
960	-3.16717E+02	7.33896E+01	321
970	-3.18000E+02	7.37629E+01	325
980	-3.19314E+02	7.41980E+01	328
990	-3.20614E+02	7.46626E+01	330
1000	-3.21888E+02	7.51360E+01	333
1100	-3.33905E+02	7.96418E+01	351
1200	-3.45780E+02	8.28950E+01	369
1300	-3.57806E+02	8.60600E+01	393
1400	-3.69769E+02	8.87471E+01	407
1500	-3.81232E+02	9.15253E+01	425
1600	-3.91505E+02	9.41312E+01	443
1700	-4.00887E+02	9.67435E+01	462
1800	-4.10113E+02	9.94589E+01	485
1900	-4.19122E+02	1.02501E+02	498
2000	-4.27366E+02	1.05529E+02	511
2100	-4.34825E+02	1.08344E+02	523
2200	-4.41765E+02	1.11089E+02	535
2300	-4.48273E+02	1.13778E+02	550
2400	-4.54447E+02	1.16142E+02	563
2500	-4.60139E+02	1.18400E+02	576
2600	-4.65274E+02	1.20267E+02	587
2700	-4.70246E+02	1.22307E+02	602
2800	-4.75166E+02	1.24322E+02	616
2900	-4.79774E+02	1.26003E+02	627
3000	-4.84256E+02	1.27958E+02	638
3100	-4.88641E+02	1.30372E+02	650
3200	-4.93103E+02	1.33196E+02	661
3300	-4.97547E+02	1.36088E+02	670
3400	-5.01854E+02	1.38881E+02	675
3500	-5.05915E+02	1.41530E+02	682
3600	-5.09997E+02	1.44068E+02	693
3700	-5.14205E+02	1.46681E+02	703
3800	-5.18247E+02	1.49253E+02	713
3900	-5.21985E+02	1.51912E+02	723
4000	-5.25535E+02	1.54674E+02	727
4100	-5.29107E+02	1.57363E+02	737
4200	-5.32569E+02	1.60012E+02	741
4300	-5.35845E+02	1.62640E+02	749
4400	-5.39209E+02	1.65276E+02	756
4500	-5.42540E+02	1.67789E+02	763
4600	-5.45790E+02	1.70306E+02	767
4700	-5.48900E+02	1.72872E+02	776
4800	-5.51882E+02	1.75251E+02	782
4900	-5.54771E+02	1.77494E+02	789
5000	-5.57503E+02	1.79570E+02	796
5100	-5.60140E+02	1.81613E+02	806
5200	-5.62676E+02	1.83628E+02	811
5300	-5.65116E+02	1.85629E+02	817
5400	-5.67466E+02	1.87489E+02	825
5500	-5.69730E+02	1.89320E+02	836
5600	-5.71950E+02	1.91081E+02	844
5700	-5.74180E+02	1.92865E+02	850
5800	-5.76473E+02	1.94682E+02	855
5900	-5.78702E+02	1.96445E+02	858
6000	-5.80857E+02	1.98237E+02	866
6100	-5.82978E+02	1.99955E+02	871
6200	-5.85075E+02	2.01706E+02	882
6300	-5.87154E+02	2.03498E+02	888
6400	-5.89182E+02	2.05353E+02	895
6500	-5.91250E+02	2.07177E+02	899
6600	-5.93261E+02	2.08908E+02	904
6700	-5.95213E+02	2.10597E+02	907
6800	-5.97116E+02	2.12216E+02	914
6900	-5.99013E+02	2.13751E+02	916
7000	-6.00856E+02	2.15265E+02	917
7100	-6.02647E+02	2.16765E+02	921
7200	-6.04388E+02	2.18279E+02	925
7300	-6.06123E+02	2.19763E+02	930
7400	-6.07824E+02	2.21224E+02	936
7500	-6.09479E+02	2.22707E+02	939
7600	-6.11092E+02	2.24247E+02	943
7700	-6.12632E+02	2.25710E+02	949
7800	-6.14111E+02	2.27102E+02	956
7900	-6.15552E+02	2.28467E+02	963
8000	-6.16958E+02	2.29774E+02	971
8100	-6.18329E+02	2.31058E+02	973
8200	-6.19666E+02	2.32262E+02	978
8300	-6.20956E+02	2.33417E+02	984
8400	-6.22183E+02	2.34554E+02	991
8500	-6.23409E+02	2.35680E+02	995
8600	-6.24627E+02	2.36807E+02	1000
8700	-6.25936E+02	2.37979E+02	1003
8800	-6.27232E+02	2.39097E+02	1005
8900	-6.28499E+02	2.40165E+02	1006
9000	-6.29738E+02	2.41178E+02	1009
9100	-6.30925E+02	2.42187E+02	1014
9200	-6.32067E+02	2.43185E+02	1014
9300	-6.33185E+02	2.44178E+02	1018
9400	-6.34281E+02	2.45223E+02	1021
9500	-6.35370E+02	2.46308E+02	1025
9600	-6.36460E+02	2.47419E+02	1028
9700	-6.37527E+02	2.48564E+02	1032
9800	-6.38614E+02	2.49721E+02	1032
9900	-6.39651E+02	2.50878E+02	1036
10000	-6.40655E+02	2.52047E+02	1037
11000	-6.50950E+02	2.62965E+02	1075
12000	-6.61624E+02	2.73780E+02	1088
13000	-6.72245E+02	2.83484E+02	1089
14000	-6.81370E+02	2.91806E+02	1089
15000	-6.89279E+02	2.99019E+02	1089
16000	-6.96199E+02	3.05330E+02	1089
17000	-7.02305E+02	3.10899E+02	1089
18000	-7.07732E+02	3.15849E+02	1089
19000	-7.12328E+02	3.20213E+02	1091
20000	-7.16644E+02	3.24186E+02	1095
21000	-7.20614E+02	3.27796E+02	1095
22000	-7.23940E+02	3.31007E+02	1096
23000	-7.27245E+02	3.34006E+02	1097
24000	-7.30095E+02	3.36711E+02	1099
25000	-7.32892E+02	3.39243E+02	1099
26000	-7.35473E+02	3.41579E+02	1099
27000	-7.37863E+02	3.43743E+02	1099
28000	-7.40082E+02	3.45752E+02	1099
29000	-7.42148E+02	3.47623E+02	1099
30000	-7.44076E+02	3.49369E+02	1099
31000	-7.45790E+02	3.50979E+02	1101
32000	-7.47484E+02	3.52511E+02	1101
33000	-7.49014E+02	3.53935E+02	1104
34000	-7.50480E+02	3.55282E+02	1105
35000	-7.51895E+02	3.56559E+02	1105
36000	-7.53231E+02	3.57766E+02	1105
37000	-7.54495E+02	3.58907E+02	1105
38000	-7.55693E+02	3.59989E+02	1105
39000	-7.56741E+02	3.60993E+02	1106
40000	-7.57622E+02	3.61918E+02	1106
41000	-7.58542E+02	3.62818E+02	1110
42000	-7.59477E+02	3.63690E+02	1111
43000	-7.60419E+02	3.64535E+02	1111
44000	-7.61319E+02	3.65341E+02	1111
45000	-7.62178E+02	3.66111E+02	1111
46000	-7.63001E+02	3.66848E+02	1111
47000	-7.63788E+02	3.67553E+02	1111
48000	-7.64542E+02	3.68229E+02	1111
49000	-7.65266E+02	3.68878E+02	1111
50000	-7.65961E+02	3.69500E+02	1111
51000	-7.66548E+02	3.70078E+02	1112
52000	-7.67165E+02	3.70647E+02	1113
53000	-7.67776E+02	3.71199E+02	1115
54000	-7.68373E+02	3.71732E+02	1115
55000	-7.68903E+02	3.72235E+02	1116
56000	-7.69417E+02	3.72720E+02	1117
57000	-7.69954E+02	3.73199E+02	1117
58000	-7.70427E+02	3.73650E+02	1119
59000	-7.70928E+02	3.74096E+02	1119
60000	-7.71387E+02	3.74522E+02	1120
61000	-7.71775E+02	3.74919E+02	1122
62000	-7.72088E+02	3.75288E+02	1124
63000	-7.72508E+02	3.75675E+02	1125
64000	-7.72938E+02	3.76055E+02	1125
65000	-7.73316E+02	3.76413E+02	1127
66000	-7.73720E+02	3.76771E+02	1127
67000	-7.74112E+02	3.77117E+02	1127
68000	-7.74455E+02	3.77444E+02	1128
69000	-7.74750E+02	3.77753E+02	1129
70000	-7.75110E+02	3.78070E+02	1129
71000	-7.75404E+02	3.78365E+02	1131
72000	-7.75704E+02	3.78655E+02	1133
73000	-7.76036E+02	3.78947E+02	1133
74000	-7.76360E+02	3.79232E+02	1133
75000	-7.76676E+02	3.79509E+02	1133
76000	-7.76982E+02	3.79778E+02	1133
77000	-7.77281E+02	3.80041E+02	1133
78000	-7.77573E+02	3.80297E+02	1133
79000	-7.77852E+02	3.80545E+02	1134
80000	-7.78111E+02	3.80784E+02	1139
81000	-7.78381E+02	3.81021E+02	1139
82000	-7.78644E+02	3.81252E+02	1139
83000	-7.78902E+02	3.81478E+02	1139
84000	-7.79153E+02	3.81699E+02	1139
85000	-7.79398E+02	3.81914E+02	1139
86000	-7.79638E+02	3.82124E+02	1139
87000	-7.79872E+02	3.82330E+02	1139
88000	-7.80100E+02	3.82531E+02	1139
89000	-7.80324E+02	3.82727E+02	1139
90000	-7.80538E+02	3.82918E+02	1141
91000	-7.80733E+02	3.83101E+02	1142
92000	-7.80928E+02	3.83281E+02	1143
93000	-7.81133E+02	3.83460E+02	1143
94000	-7.81333E+02	3.83636E+02	1143
95000	-7.81530E+02	3.83809E+02	1143
96000	-7.81702E+02	3.83972E+02	1144
97000	-7.81888E+02	3.84137E+02	1145
98000	-7.82073E+02	3.84299E+02	1145
99000	-7.82253E+02	3.84457E+02	1147
100000	-7.82395E+02	3.84604E+02	1149
110000	-7.83863E+02	3.85970E+02	1158
120000	-7.85144E+02	3.87123E+02	1165
130000	-7.86023E+02	3.88048E+02	1181
140000	-7.86771E+02	3.88834E+02	1200
150000	-7.87471E+02	3.89533E+02	1211
160000	-7.88176E+02	3.90167E+02	1223
170000	-7.88815E+02	3.90732E+02	1227
180000	-7.89408E+02	3.91239E+02	1228
190000	-7.89902E+02	3.91685E+02	1237
200000	-7.90326E+02	3.92080E+02	1247
210000	-7.90740E+02	3.92446E+02	1255
220000	-7.91069E+02	3.92766E+02	1262
230000	-7.91410E+02	3.93069E+02	1271
240000	-7.91726E+02	3.93347E+02	1275
250000	-7.92023E+02	3.93605E+02	1279
260000	-7.92282E+02	3.93839E+02	1285
270000	-7.92464E+02	3.94041E+02	1299
280000	-7.92692E+02	3.94243E+02	1303
290000	-7.92921E+02	3.94436E+02	1309
300000	-7.93129E+02	3.94614E+02	1315
310000	-7.93348E+02	3.94787E+02	1319
320000	-7.93554E+02	3.94950E+02	1321
330000	-7.93705E+02	3.95092E+02	1327
340000	-7.93804E+02	3.95213E+02	1335
350000	-7.93908E+02	3.95329E+02	1355
360000	-7.94007E+02	3.95442E+02	1366
370000	-7.94118E+02	3.95552E+02	1377
380000	-7.94268E+02	3.95668E+02	1379
390000	-7.94372E+02	3.95768E+02	1388
400000	-7.94498E+02	3.95870E+02	1392
410000	-7.94600E+02	3.95962E+02	1405
420000	-7.94711E+02	3.96054E+02	1408
430000	-7.94764E+02	3.96128E+02	1420
440000	-7.94842E+02	3.96206E+02	1431
450000	-7.94915E+02	3.96280E+02	1443
460000	-7.94986E+02	3.96351E+02	1455
470000	-7.95058E+02	3.96420E+02	1467
480000	-7.95161E+02	3.96495E+02	1467
490000	-7.95234E+02	3.96560E+02	1479
500000	-7.95305E+02	3.96622E+02	1484
510000	-7.95350E+02	3.96676E+02	1491
520000	-7.95440E+02	3.96740E+02	1491
530000	-7.95503E+02	3.96796E+02	1498
540000	-7.95560E+02	3.96849E+02	1503
550000	-7.95632E+02	3.96904E+02	1507
560000	-7.95701E+02	3.96957E+02	1515
570000	-7.95747E+02	3.97000E+02	1527
580000	-7.95816E+02	3.97050E+02	1529
590000	-7.95855E+02	3.97092E+02	1537
600000	-7.95918E+02	3.97139E+02	1545
610000	-7.95965E+02	3.97181E+02	1553
620000	-7.96009E+02	3.97221E+02	1565
630000	-7.96026E+02	3.97253E+02	1573
640000	-7.96067E+02	3.97289E+02	1583
650000	-7.96108E+02	3.97326E+02	1590
660000	-7.96135E+02	3.97359E+02	1601
670000	-7.96178E+02	3.97394E+02	1605
680000	-7.96218E+02	3.97429E+02	1615
690000	-7.96258E+02	3.97462E+02	1625
700000	-7.96310E+02	3.97498E+02	1629
710000	-7.96321E+02	3.97523E+02	1645
720000	-7.96362E+02	3.97555E+02	1653
730000	-7.96410E+02	3.97587E+02	1657
740000	-7.96441E+02	3.97616E+02	1665
750000	-7.96475E+02	3.97644E+02	1671
760000	-7.96501E+02	3.97670E+02	1677
770000	-7.96532E+02	3.97697E+02	1687
780000	-7.96564E+02	3.97723E+02	1697
790000	-7.96592E+02	3.97747E+02	1706
800000	-7.96618E+02	3.97772E+02	1710
810000	-7.96657E+02	3.97798E+02	1711
820000	-7.96673E+02	3.97819E+02	1725
830000	-7.96709E+02	3.97844E+02	1727
840000	-7.96719E+02	3.97863E+02	1742
850000	-7.96751E+02	3.97886E+02	1744
860000	-7.96766E+02	3.97905E+02	1759
870000	-7.96798E+02	3.97928E+02	1765
880000	-7.96824E+02	3.97949E+02	1773
890000	-7.96840E+02	3.97967E+02	1779
900000	-7.96856E+02	3.97985E+02	1785
910000	-7.96878E+02	3.98004E+02	1795
920000	-7.96902E+02	3.98023E+02	1799
930000	-7.96936E+02	3.98044E+02	1799
940000	-7.96952E+02	3.98060E+02	1803
950000	-7.96975E+02	3.98078E+02	1810
960000	-7.96953E+02	3.98084E+02	1831
970000	-7.96982E+02	3.98103E+02	1837
980000	-7.96997E+02	3.98118E+02	1845
990000	-7.97025E+02	3.98137E+02	1847
1000000	-7.97052E+02	3.98155E+02	1851
1100000	-7.97214E+02	3.98295E+02	1921
1200000	-7.97289E+02	3.98397E+02	2019
1300000	-7.97440E+02	3.98506E+02	2065
1400000	-7.97525E+02	3.98588E+02	2159
1500000	-7.97604E+02	3.98661E+02	2235
1600000	-7.97679E+02	3.98725E+02	2307
1700000	-7.97748E+02	3.98783E+02	2379
1800000	-7.97809E+02	3.98835E+02	2459
1900000	-7.97852E+02	3.98878E+02	2557
2000000	-7.97904E+02	3.98920E+02	2623
2100000	-7.97968E+02	3.98962E+02	2685
2200000	-7.97998E+02	3.98993E+02	2771
2300000	-7.98027E+02	3.99022E+02	2843
2400000	-7.98039E+02	3.99045E+02	2931
2500000	-7.98071E+02	3.99071E+02	2999
2600000	-7.98107E+02	3.99097E+02	3065
2700000	-7.98136E+02	3.99120E+02	3119
2800000	-7.98169E+02	3.99143E+02	3186
2900000	-7.98171E+02	3.99157E+02	3281
3000000	-7.98190E+02	3.99175E+02	3347
3100000	-7.98214E+02	3.99193E+02	3405
3200000	-7.98242E+02	3.99211E+02	3475
3300000	-7.98259E+02	3.99225E+02	3557
3400000	-7.98277E+02	3.99240E+02	3633
3500000	-7.98302E+02	3.99255E+02	3695
3600000	-7.98318E+02	3.99268E+02	3785
3700000	-7.98323E+02	3.99278E+02	3863
3800000	-7.98344E+02	3.99291E+02	3915
3900000	-7.98347E+02	3.99299E+02	4005
4000000	-7.98362E+02	3.99310E+02	4064
4100000	-7.98361E+02	3.99316E+02	4157
4200000	-7.98363E+02	3.99323E+02	4247
4300000	-7.98371E+02	3.99331E+02	4337
4400000	-7.98385E+02	3.99340E+02	4401
4500000	-7.98406E+02	3.99351E+02	4464
4600000	-7.98418E+02	3.99360E+02	4531
4700000	-7.98428E+02	3.99367E+02	4590
4800000	-7.98439E+02	3.99375E+02	4667
4900000	-7.98452E+02	3.99383E+02	4732
5000000	-7.98455E+02	3.99388E+02	4805
5100000	-7.98458E+02	3.99393E+02	4893
5200000	-7.98465E+02	3.99399E+02	4979
5300000	-7.98476E+02	3.99406E+02	5047
5400000	-7.98482E+02	3.99411E+02	5127
5500000	-7.98489E+02	3.99417E+02	5183
5600000	-7.98494E+02	3.99421E+02	5247
5700000	-7.98501E+02	3.99427E+02	5311
5800000	-7.98506E+02	3.99431E+02	5385
5900000	-7.98509E+02	3.99435E+02	5457
6000000	-7.98505E+02	3.99437E+02	5552
6100000	-7.98507E+02	3.99441E+02	5629
6200000	-7.98506E+02	3.99443E+02	5717
6300000	-7.98504E+02	3.99446E+02	5817
6400000	-7.98511E+02	3.99450E+02	5901
6500000	-7.98518E+02	3.99455E+02	5967
6600000	-7.98517E+02	3.99457E+02	6065
6700000	-7.98519E+02	3.99460E+02	6127
6800000	-7.98515E+02	3.99461E+02	6228
6900000	-7.98522E+02	3.99465E+02	6295
7000000	-7.98527E+02	3.99468E+02	6365
7100000	-7.98532E+02	3.99472E+02	6429
7200000	-7.98537E+02	3.99475E+02	6503
7300000	-7.98546E+02	3.99480E+02	6559
7400000	-7.98553E+02	3.99484E+02	6611
7500000	-7.98559E+02	3.99487E+02	6697
7600000	-7.98562E+02	3.99490E+02	6759
7700000	-7.98563E+02	3.99492E+02	6849
7800000	-7.98569E+02	3.99495E+02	6911
7900000	-7.98564E+02	3.99496E+02	7023
8000000	-7.98568E+02	3.99498E+02	7087
8100000	-7.98574E+02	3.99502E+02	7150
8200000	-7.98579E+02	3.99504E+02	7219
8300000	-7.98586E+02	3.99508E+02	7284
8400000	-7.98583E+02	3.99509E+02	7367
8500000	-7.98583E+02	3.99510E+02	7459
8600000	-7.98587E+02	3.99513E+02	7527
8700000	-7.98585E+02	3.99513E+02	7602
8800000	-7.98587E+02	3.99515E+02	7671
8900000	-7.98588E+02	3.99517E+02	7755
9000000	-7.98593E+02	3.99520E+02	7831
9100000	-7.98601E+02	3.99523E+02	7883
9200000	-7.98602E+02	3.99525E+02	7961
9300000	-7.98609E+02	3.99528E+02	8010
9400000	-7.98610E+02	3.99529E+02	8088
9500000	-7.98608E+02	3.99530E+02	8175
9600000	-7.98613E+02	3.99532E+02	8235
9700000	-7.98614E+02	3.99534E+02	8339
9800000	-7.98618E+02	3.99536E+02	8405
9900000	-7.98626E+02	3.99539E+02	8462
10000000	-7.98623E+02	3.99539E+02	8543
11000000	-7.98656E+02	3.99558E+02	9226
12000000	-7.98689E+02	3.99574E+02	9953
13000000	-7.98690E+02	3.99581E+02	10731
14000000	-7.98701E+02	3.99590E+02	11455
15000000	-7.98715E+02	3.99599E+02	12159
16000000	-7.98731E+02	3.99608E+02	12889
17000000	-7.98736E+02	3.99613E+02	13629
18000000	-7.98747E+02	3.99620E+02	14301
19000000	-7.98756E+02	3.99625E+02	14963
20000000	-7.98756E+02	3.99628E+02	15825
21000000	-7.98767E+02	3.99633E+02	16493
22000000	-7.98776E+02	3.99638E+02	17181
23000000	-7.98781E+02	3.99642E+02	17889
24000000	-7.98786E+02	3.99645E+02	18591
25000000	-7.98782E+02	3.99646E+02	19355
26000000	-7.98784E+02	3.99648E+02	20045
27000000	-7.98789E+02	3.99651E+02	20757
28000000	-7.98789E+02	3.99652E+02	21489
29000000	-7.98796E+02	3.99655E+02	22201
30000000	-7.98802E+02	3.99658E+02	22929
31000000	-7.98810E+02	3.99661E+02	23585
32000000	-7.98810E+02	3.99662E+02	24311
33000000	-7.98814E+02	3.99664E+02	25027
34000000	-7.98814E+02	3.99666E+02	25764
35000000	-7.98815E+02	3.99667E+02	26471
36000000	-7.98819E+02	3.99668E+02	27139
37000000	-7.98820E+02	3.99670E+02	27885
38000000	-7.98819E+02	3.99670E+02	28637
39000000	-7.98818E+02	3.99670E+02	29455
40000000	-7.98818E+02	3.99671E+02	30158
41000000	-7.98822E+02	3.99673E+02	30829
42000000	-7.98826E+02	3.99675E+02	31553
43000000	-7.98828E+02	3.99676E+02	32263
44000000	-7.98829E+02	3.99677E+02	33003
45000000	-7.98829E+02	3.99677E+02	33720
46000000	-7.98830E+02	3.99678E+02	34461
47000000	-7.98827E+02	3.99678E+02	35223
48000000	-7.98829E+02	3.99679E+02	35923
49000000	-7.98826E+02	3.99678E+02	36721
50000000	-7.98825E+02	3.99679E+02	37481
51000000	-7.98822E+02	3.99678E+02	38279
52000000	-7.98821E+02	3.99678E+02	39048
53000000	-7.98818E+02	3.99678E+02	39825
54000000	-7.98820E+02	3.99679E+02	40499
55000000	-7.98820E+02	3.99679E+02	41236
56000000	-7.98821E+02	3.99680E+02	41947
57000000	-7.98821E+02	3.99680E+02	42699
58000000	-7.98821E+02	3.99680E+02	43451
59000000	-7.98821E+02	3.99681E+02	44103
60000000	-7.98824E+02	3.99682E+02	44769
61000000	-7.98822E+02	3.99682E+02	45559
62000000	-7.98823E+02	3.99682E+02	46237
63000000	-7.98824E+02	3.99683E+02	46947
64000000	-7.98824E+02	3.99683E+02	47697
65000000	-7.98826E+02	3.99684E+02	48405
66000000	-7.98826E+02	3.99684E+02	49225
67000000	-7.98825E+02	3.99684E+02	50003
68000000	-7.98826E+02	3.99685E+02	50732
69000000	-7.98825E+02	3.99684E+02	51501
70000000	-7.98826E+02	3.99685E+02	52211
71000000	-7.98828E+02	3.99686E+02	52911
72000000	-7.98829E+02	3.99686E+02	53597
73000000	-7.98832E+02	3.99687E+02	54283
74000000	-7.98832E+02	3.99687E+02	55051
75000000	-7.98834E+02	3.99688E+02	55783
76000000	-7.98835E+02	3.99688E+02	56491
77000000	-7.98834E+02	3.99688E+02	57225
78000000	-7.98834E+02	3.99688E+02	57987
79000000	-7.98834E+02	3.99689E+02	58689
80000000	-7.98835E+02	3.99689E+02	59395
81000000	-7.98836E+02	3.99690E+02	60109
82000000	-7.98835E+02	3.99689E+02	60863
83000000	-7.98835E+02	3.99690E+02	61593
84000000	-7.98835E+02	3.99690E+02	62369
85000000	-7.98837E+02	3.99690E+02	63047
86000000	-7.98837E+02	3.99691E+02	63773
87000000	-7.98836E+02	3.99691E+02	64531
88000000	-7.98837E+02	3.99691E+02	65251
89000000	-7.98837E+02	3.99691E+02	65971
90000000	-7.98838E+02	3.99692E+02	66673
91000000	-7.98837E+02	3.99691E+02	67479
92000000	-7.98839E+02	3.99692E+02	68191
93000000	-7.98838E+02	3.99692E+02	68937
94000000	-7.98836E+02	3.99692E+02	69751
95000000	-7.98838E+02	3.99692E+02	70413
96000000	-7.98839E+02	3.99692E+02	71101
97000000	-7.98840E+02	3.99693E+02	71803
98000000	-7.98841E+02	3.99693E+02	72507
99000000	-7.98841E+02	3.99693E+02	73261
100000000	-7.98841E+02	3.99693E+02	74015
110000000	-7.98846E+02	3.99696E+02	80993
120000000	-7.98844E+02	3.99696E+02	88501
130000000	-7.98845E+02	3.99697E+02	95708
140000000	-7.98845E+02	3.99698E+02	102947
150000000	-7.98844E+02	3.99698E+02	110451
160000000	-7.98844E+02	3.99698E+02	117751
170000000	-7.98846E+02	3.99699E+02	124957
180000000	-7.98847E+02	3.99700E+02	132307
190000000	-7.98849E+02	3.99701E+02	139487
200000000	-7.98850E+02	3.99701E+02	146777
210000000	-7.98851E+02	3.99702E+02	153930
220000000	-7.98852E+02	3.99702E+02	161179
230000000	-7.98853E+02	3.99702E+02	168315
240000000	-7.98854E+02	3.99703E+02	175553
250000000	-7.98855E+02	3.99703E+02	182813
260000000	-7.98854E+02	3.99703E+02	190017
270000000	-7.98852E+02	3.99703E+02	197481
280000000	-7.98853E+02	3.99703E+02	204749
290000000	-7.98854E+02	3.99704E+02	212035
300000000	-7.98854E+02	3.99704E+02	219257
310000000	-7.98854E+02	3.99704E+02	226592
320000000	-7.98854E+02	3.99704E+02	233795
330000000	-7.98855E+02	3.99704E+02	241047
340000000	-7.98855E+02	3.99705E+02	248347
350000000	-7.98855E+02	3.99705E+02	255435
360000000	-7.98855E+02	3.99705E+02	262719
370000000	-7.98856E+02	3.99705E+02	270027
380000000	-7.98856E+02	3.99705E+02	277291
390000000	-7.98856E+02	3.99705E+02	284543
400000000	-7.98856E+02	3.99705E+02	291863
410000000	-7.98856E+02	3.99705E+02	299231
420000000	-7.98857E+02	3.99706E+02	306317
430000000	-7.98856E+02	3.99706E+02	313765
440000000	-7.98857E+02	3.99706E+02	321021
450000000	-7.98858E+02	3.99706E+02	328251
460000000	-7.98858E+02	3.99706E+02	335445
470000000	-7.98859E+02	3.99707E+02	342553
480000000	-7.98859E+02	3.99707E+02	349803
490000000	-7.98860E+02	3.99707E+02	357082
500000000	-7.98860E+02	3.99707E+02	364157
510000000	-7.98860E+02	3.99707E+02	371485
520000000	-7.98860E+02	3.99707E+02	378735
530000000	-7.98859E+02	3.99707E+02	386041
540000000	-7.98858E+02	3.99707E+02	393535
550000000	-7.98858E+02	3.99707E+02	400927
560000000	-7.98859E+02	3.99707E+02	408087
570000000	-7.98859E+02	3.99707E+02	415224
580000000	-7.98860E+02	3.99707E+02	422465
590000000	-7.98858E+02	3.99707E+02	430014
600000000	-7.98858E+02	3.99707E+02	437147
610000000	-7.98858E+02	3.99707E+02	444489
620000000	-7.98858E+02	3.99707E+02	451798
630000000	-7.98859E+02	3.99707E+02	459138
640000000	-7.98859E+02	3.99707E+02	466267
650000000	-7.98859E+02	3.99707E+02	473460
660000000	-7.98859E+02	3.99707E+02	480905
670000000	-7.98859E+02	3.99707E+02	488053
680000000	-7.98858E+02	3.99707E+02	495509
690000000	-7.98858E+02	3.99707E+02	502868
700000000	-7.98858E+02	3.99707E+02	510060
710000000	-7.98859E+02	3.99707E+02	517347
720000000	-7.98859E+02	3.99707E+02	524635
730000000	-7.98859E+02	3.99707E+02	531843
740000000	-7.98859E+02	3.99707E+02	539139
750000000	-7.98859E+02	3.99707E+02	546277
760000000	-7.98859E+02	3.99707E+02	553567
770000000	-7.98859E+02	3.99708E+02	560671
780000000	-7.98860E+02	3.99708E+02	567910
790000000	-7.98859E+02	3.99708E+02	575171
800000000	-7.98860E+02	3.99708E+02	582267
810000000	-7.98859E+02	3.99707E+02	589943
820000000	-7.98859E+02	3.99707E+02	597257
830000000	-7.98859E+02	3.99708E+02	604317
840000000	-7.98859E+02	3.99708E+02	611671
850000000	-7.98859E+02	3.99708E+02	618967
860000000	-7.98859E+02	3.99708E+02	626137
870000000	-7.98859E+02	3.99708E+02	633517
880000000	-7.98859E+02	3.99708E+02	640745
890000000	-7.98859E+02	3.99708E+02	647863
900000000	-7.98859E+02	3.99708E+02	655105
910000000	-7.98860E+02	3.99708E+02	662415
920000000	-7.98860E+02	3.99708E+02	669614
930000000	-7.98859E+02	3.99708E+02	676909
940000000	-7.98859E+02	3.99708E+02	684398
950000000	-7.98859E+02	3.99708E+02	691553
960000000	-7.98860E+02	3.99708E+02	698729
970000000	-7.98859E+02	3.99708E+02	706285
980000000	-7.98860E+02	3.99708E+02	713471
990000000	-7.98860E+02	3.99708E+02	720631
1000000000	-7.98860E+02	3.99708E+02	727797
