n	E	absM	accepted
1	-8.00000E+02	4.00000E+02	0
2	-8.00000E+02	4.00000E+02	0
3	-8.00000E+02	4.00000E+02	0
4	-8.00000E+02	4.00000E+02	0
5	-8.00000E+02	4.00000E+02	0
6	-8.00000E+02	4.00000E+02	0
7	-8.00000E+02	4.00000E+02	0
8	-8.00000E+02	4.00000E+02	0
9	-8.00000E+02	4.00000E+02	0
10	-8.00000E+02	4.00000E+02	0
11	-8.00000E+02	4.00000E+02	0
12	-8.00000E+02	4.00000E+02	0
13	-8.00000E+02	4.00000E+02	0
14	-8.00000E+02	4.00000E+02	0
15	-8.00000E+02	4.00000E+02	0
16	-8.00000E+02	4.00000E+02	0
17	-8.00000E+02	4.00000E+02	0
18	-8.00000E+02	4.00000E+02	0
19	-8.00000E+02	4.00000E+02	0
20	-8.00000E+02	4.00000E+02	0
21	-8.00000E+02	4.00000E+02	0
22	-8.00000E+02	4.00000E+02	0
23	-8.00000E+02	4.00000E+02	0
24	-8.00000E+02	4.00000E+02	0
25	-8.00000E+02	4.00000E+02	0
26	-8.00000E+02	4.00000E+02	0
27	-8.00000E+02	4.00000E+02	0
28	-8.00000E+02	4.00000E+02	0
29	-8.00000E+02	4.00000E+02	0
30	-8.00000E+02	4.00000E+02	0
31	-8.00000E+02	4.00000E+02	0
32	-8.00000E+02	4.00000E+02	0
33	-8.00000E+02	4.00000E+02	0
34	-7.99765E+02	3.99941E+02	1
35	-7.99543E+02	3.99886E+02	1
36	-7.99333E+02	3.99833E+02	1
37	-7.99135E+02	3.99784E+02	1
38	-7.98947E+02	3.99737E+02	1
39	-7.98769E+02	3.99692E+02	1
40	-7.98600E+02	3.99650E+02	1
41	-7.98439E+02	3.99610E+02	1
42	-7.98286E+02	3.99571E+02	1
43	-7.98140E+02	3.99535E+02	1
44	-7.98000E+02	3.99500E+02	1
45	-7.97867E+02	3.99467E+02	1
46	-7.97739E+02	3.99435E+02	1
47	-7.97617E+02	3.99404E+02	1
48	-7.97500E+02	3.99375E+02	1
49	-7.97388E+02	3.99347E+02	1
50	-7.97280E+02	3.99320E+02	1
51	-7.97176E+02	3.99294E+02	1
52	-7.97077E+02	3.99269E+02	1
53	-7.96981E+02	3.99245E+02	1
54	-7.96889E+02	3.99222E+02	1
55	-7.96800E+02	3.99200E+02	1
56	-7.96571E+02	3.99143E+02	2
57	-7.96351E+02	3.99088E+02	2
58	-7.96138E+02	3.99034E+02	2
59	-7.95932E+02	3.98983E+02	2
60	-7.95733E+02	3.98933E+02	2
61	-7.95541E+02	3.98885E+02	2
62	-7.95355E+02	3.98839E+02	2
63	-7.95175E+02	3.98794E+02	2
64	-7.95000E+02	3.98750E+02	2
65	-7.94831E+02	3.98708E+02	2
66	-7.94667E+02	3.98667E+02	2
67	-7.94507E+02	3.98627E+02	2
68	-7.94353E+02	3.98588E+02	2
69	-7.94203E+02	3.98551E+02	2
70	-7.94057E+02	3.98514E+02	2
71	-7.93915E+02	3.98479E+02	2
72	-7.93778E+02	3.98444E+02	2
73	-7.93644E+02	3.98411E+02	2
74	-7.93514E+02	3.98378E+02	2
75	-7.93387E+02	3.98347E+02	2
76	-7.93263E+02	3.98316E+02	2
77	-7.93143E+02	3.98286E+02	2
78	-7.93026E+02	3.98256E+02	2
79	-7.92911E+02	3.98228E+02	2
80	-7.92800E+02	3.98200E+02	2
81	-7.92691E+02	3.98173E+02	2
82	-7.92585E+02	3.98146E+02	2
83	-7.92482E+02	3.98120E+02	2
84	-7.92381E+02	3.98095E+02	2
85	-7.92282E+02	3.98071E+02	2
86	-7.92186E+02	3.98047E+02	2
87	-7.92092E+02	3.98023E+02	2
88	-7.92000E+02	3.98000E+02	2
89	-7.91820E+02	3.97955E+02	3
90	-7.91644E+02	3.97911E+02	3
91	-7.91473E+02	3.97868E+02	3
92	-7.91304E+02	3.97826E+02	3
93	-7.91140E+02	3.97785E+02	3
94	-7.90979E+02	3.97745E+02	3
95	-7.90821E+02	3.97705E+02	3
96	-7.90667E+02	3.97667E+02	3
97	-7.90515E+02	3.97629E+02	3
98	-7.90367E+02	3.97592E+02	3
99	-7.90222E+02	3.97556E+02	3
100	-7.90080E+02	3.97520E+02	3
110	-7.88800E+02	3.97200E+02	3
120	-7.87733E+02	3.96933E+02	3
130	-7.86831E+02	3.96708E+02	3
140	-7.85657E+02	3.96414E+02	4
150	-7.84480E+02	3.96120E+02	4
160	-7.83450E+02	3.95863E+02	4
170	-7.82400E+02	3.95600E+02	5
180	-7.80956E+02	3.95189E+02	7
190	-7.79853E+02	3.94916E+02	7
200	-7.78860E+02	3.94670E+02	7
210	-7.77962E+02	3.94448E+02	7
220	-7.76636E+02	3.94118E+02	9
230	-7.75217E+02	3.93765E+02	9
240	-7.73917E+02	3.93442E+02	9
250	-7.72720E+02	3.93144E+02	9
260	-7.71692E+02	3.92877E+02	12
270	-7.70519E+02	3.92548E+02	12
280	-7.69229E+02	3.92193E+02	13
290	-7.67945E+02	3.91841E+02	13
300	-7.66747E+02	3.91513E+02	13
310	-7.65884E+02	3.91271E+02	14
320	-7.65075E+02	3.91044E+02	14
330	-7.64315E+02	3.90830E+02	14
340	-7.63600E+02	3.90629E+02	14
350	-7.62857E+02	3.90423E+02	15
360	-7.62000E+02	3.90189E+02	15
370	-7.60995E+02	3.89919E+02	18
380	-7.59600E+02	3.89537E+02	19
390	-7.58092E+02	3.89092E+02	20
400	-7.56640E+02	3.88665E+02	20
410	-7.55151E+02	3.88205E+02	23
420	-7.53743E+02	3.87771E+02	23
430	-7.52158E+02	3.87274E+02	26
440	-7.50400E+02	3.86755E+02	29
450	-7.48391E+02	3.86160E+02	31
460	-7.46270E+02	3.85543E+02	34
470	-7.44315E+02	3.84983E+02	35
480	-7.42358E+02	3.84413E+02	38
490	-7.40384E+02	3.83841E+02	39
500	-7.38552E+02	3.83292E+02	40
510	-7.36643E+02	3.82682E+02	43
520	-7.34708E+02	3.82015E+02	44
530	-7.32921E+02	3.81362E+02	47
540	-7.31274E+02	3.80707E+02	47
550	-7.29644E+02	3.80069E+02	50
560	-7.27971E+02	3.79425E+02	50
570	-7.26372E+02	3.78828E+02	54
580	-7.24731E+02	3.78197E+02	56
590	-7.22902E+02	3.77488E+02	58
600	-7.21120E+02	3.76780E+02	59
610	-7.19489E+02	3.76102E+02	60
620	-7.17865E+02	3.75426E+02	62
630	-7.16000E+02	3.74689E+02	66
640	-7.14156E+02	3.73972E+02	70
650	-7.12369E+02	3.73268E+02	72
660	-7.10612E+02	3.72585E+02	73
670	-7.08961E+02	3.71949E+02	73
680	-7.07394E+02	3.71315E+02	74
690	-7.05942E+02	3.70704E+02	76
700	-7.04640E+02	3.70143E+02	78
710	-7.03358E+02	3.69617E+02	81
720	-7.02122E+02	3.69111E+02	82
730	-7.00871E+02	3.68595E+02	83
740	-6.99670E+02	3.68086E+02	84
750	-6.98533E+02	3.67616E+02	85
760	-6.97395E+02	3.67155E+02	87
770	-6.96296E+02	3.66722E+02	89
780	-6.95200E+02	3.66269E+02	91
790	-6.94137E+02	3.65820E+02	92
800	-6.93160E+02	3.65410E+02	95
810	-6.92148E+02	3.64993E+02	97
820	-6.91122E+02	3.64549E+02	99
830	-6.90135E+02	3.64140E+02	100
840	-6.89243E+02	3.63767E+02	102
850	-6.88400E+02	3.63402E+02	103
860	-6.87605E+02	3.63070E+02	105
870	-6.86782E+02	3.62736E+02	105
880	-6.85959E+02	3.62400E+02	106
890	-6.85119E+02	3.62054E+02	107
900	-6.84262E+02	3.61698E+02	107
910	-6.83380E+02	3.61327E+02	108
920	-6.82517E+02	3.60974E+02	109
930	-6.81673E+02	3.60624E+02	110
940	-6.80847E+02	3.60272E+02	111
950	-6.80038E+02	3.59897E+02	112
960	-6.79246E+02	3.59525E+02	113
970	-6.78462E+02	3.59190E+02	115
980	-6.77653E+02	3.58847E+02	117
990	-6.76897E+02	3.58529E+02	119
1000	-6.76136E+02	3.58236E+02	122
1100	-6.70876E+02	3.56444E+02	142
1200	-6.66253E+02	3.54867E+02	159
1300	-6.62163E+02	3.52911E+02	180
1400	-6.57549E+02	3.50566E+02	200
1500	-6.51496E+02	3.47740E+02	224
1600	-6.47217E+02	3.45729E+02	240
1700	-6.42231E+02	3.43205E+02	265
1800	-6.36342E+02	3.40086E+02	288
1900	-6.31615E+02	3.37336E+02	308
2000	-6.27670E+02	3.35088E+02	328
2100	-6.24514E+02	3.33070E+02	349
2200	-6.22478E+02	3.31496E+02	369
2300	-6.21553E+02	3.30664E+02	388
2400	-6.21030E+02	3.29958E+02	405
2500	-6.21490E+02	3.29658E+02	411
2600	-6.21895E+02	3.29448E+02	425
2700	-6.22387E+02	3.29382E+02	441
2800	-6.22393E+02	3.29162E+02	465
2900	-6.22407E+02	3.28926E+02	483
3000	-6.22448E+02	3.28851E+02	496
3100	-6.21800E+02	3.28324E+02	505
3200	-6.20894E+02	3.27627E+02	529
3300	-6.19721E+02	3.26670E+02	544
3400	-6.18944E+02	3.25968E+02	558
3500	-6.17912E+02	3.25270E+02	585
3600	-6.16636E+02	3.24562E+02	602
3700	-6.15272E+02	3.23705E+02	619
3800	-6.13778E+02	3.22723E+02	639
3900	-6.12095E+02	3.21367E+02	664
4000	-6.10157E+02	3.19848E+02	690
4100	-6.08100E+02	3.18106E+02	718
4200	-6.05601E+02	3.15912E+02	748
4300	-6.02913E+02	3.13722E+02	778
4400	-6.00311E+02	3.11806E+02	806
4500	-5.98550E+02	3.10212E+02	826
4600	-5.96608E+02	3.08495E+02	845
4700	-5.94311E+02	3.06696E+02	865
4800	-5.92183E+02	3.05098E+02	897
4900	-5.90363E+02	3.03817E+02	923
5000	-5.88288E+02	3.02345E+02	950
5100	-5.86115E+02	3.01002E+02	972
5200	-5.83971E+02	2.99614E+02	995
5300	-5.82026E+02	2.98203E+02	1032
5400	-5.80188E+02	2.96737E+02	1058
5500	-5.78463E+02	2.95340E+02	1095
5600	-5.76970E+02	2.94012E+02	1123
5700	-5.75370E+02	2.92786E+02	1152
5800	-5.73782E+02	2.91766E+02	1180
5900	-5.71963E+02	2.90706E+02	1202
6000	-5.70017E+02	2.89610E+02	1232
6100	-5.67911E+02	2.88423E+02	1267
6200	-5.65642E+02	2.87159E+02	1296
6300	-5.63246E+02	2.86144E+02	1326
6400	-5.61221E+02	2.85196E+02	1364
6500	-5.59313E+02	2.84234E+02	1394
6600	-5.57564E+02	2.83385E+02	1429
6700	-5.55973E+02	2.82800E+02	1468
6800	-5.54993E+02	2.82549E+02	1501
6900	-5.54144E+02	2.82374E+02	1532
7000	-5.52997E+02	2.82057E+02	1557
7100	-5.51881E+02	2.81639E+02	1585
7200	-5.50497E+02	2.81158E+02	1614
7300	-5.48914E+02	2.80503E+02	1646
7400	-5.47363E+02	2.79716E+02	1676
7500	-5.45876E+02	2.78966E+02	1710
7600	-5.44679E+02	2.78428E+02	1739
7700	-5.43643E+02	2.77907E+02	1770
7800	-5.42795E+02	2.77480E+02	1796
7900	-5.41788E+02	2.76892E+02	1832
8000	-5.40878E+02	2.76253E+02	1864
8100	-5.40360E+02	2.75706E+02	1891
8200	-5.39766E+02	2.75201E+02	1917
8300	-5.39050E+02	2.74736E+02	1941
8400	-5.38221E+02	2.74266E+02	1970
8500	-5.37104E+02	2.73655E+02	2006
8600	-5.36079E+02	2.73052E+02	2032
8700	-5.35113E+02	2.72380E+02	2060
8800	-5.34393E+02	2.71777E+02	2086
8900	-5.33925E+02	2.71254E+02	2106
9000	-5.33476E+02	2.70717E+02	2131
9100	-5.33121E+02	2.70382E+02	2161
9200	-5.33003E+02	2.70235E+02	2185
9300	-5.32887E+02	2.70037E+02	2209
9400	-5.32586E+02	2.69719E+02	2238
9500	-5.32088E+02	2.69469E+02	2264
9600	-5.31549E+02	2.69162E+02	2298
9700	-5.30919E+02	2.68863E+02	2320
9800	-5.30323E+02	2.68705E+02	2346
9900	-5.29499E+02	2.68457E+02	2374
10000	-5.28666E+02	2.68114E+02	2406
11000	-5.20087E+02	2.63702E+02	2721
12000	-5.18498E+02	2.61699E+02	2947
13000	-5.19138E+02	2.60554E+02	3201
14000	-5.19632E+02	2.59899E+02	3441
15000	-5.21995E+02	2.59280E+02	3670
16000	-5.19845E+02	2.56490E+02	3924
17000	-5.14691E+02	2.51565E+02	4259
18000	-5.12789E+02	2.49896E+02	4551
19000	-5.12967E+02	2.48951E+02	4800
20000	-5.14675E+02	2.48395E+02	5010
21000	-5.15904E+02	2.47903E+02	5229
22000	-5.14504E+02	2.47029E+02	5510
23000	-5.15210E+02	2.47962E+02	5724
24000	-5.17745E+02	2.50384E+02	5906
25000	-5.19411E+02	2.51638E+02	6115
26000	-5.20892E+02	2.52524E+02	6325
27000	-5.23014E+02	2.54610E+02	6515
28000	-5.24453E+02	2.56342E+02	6731
29000	-5.25789E+02	2.57751E+02	6937
30000	-5.26647E+02	2.58584E+02	7160
31000	-5.28826E+02	2.59806E+02	7356
32000	-5.30834E+02	2.61202E+02	7543
33000	-5.32399E+02	2.62712E+02	7733
34000	-5.32996E+02	2.63838E+02	7938
35000	-5.34961E+02	2.65364E+02	8121
36000	-5.37198E+02	2.66908E+02	8268
37000	-5.39105E+02	2.68125E+02	8437
38000	-5.39711E+02	2.69002E+02	8630
39000	-5.41801E+02	2.70387E+02	8790
40000	-5.44076E+02	2.71894E+02	8929
41000	-5.45057E+02	2.72888E+02	9132
42000	-5.46745E+02	2.74487E+02	9291
43000	-5.48534E+02	2.76117E+02	9425
44000	-5.50859E+02	2.77822E+02	9561
45000	-5.51557E+02	2.78643E+02	9748
46000	-5.52083E+02	2.79332E+02	9908
47000	-5.52403E+02	2.79873E+02	10111
48000	-5.52518E+02	2.80478E+02	10332
49000	-5.52167E+02	2.80561E+02	10559
50000	-5.51663E+02	2.80320E+02	10813
51000	-5.50899E+02	2.79739E+02	11043
52000	-5.51609E+02	2.79874E+02	11219
53000	-5.51501E+02	2.79919E+02	11435
54000	-5.51133E+02	2.80025E+02	11674
55000	-5.51936E+02	2.80827E+02	11844
56000	-5.53356E+02	2.81676E+02	11974
57000	-5.54391E+02	2.82376E+02	12134
58000	-5.54824E+02	2.82882E+02	12313
59000	-5.54861E+02	2.83159E+02	12532
60000	-5.54669E+02	2.83339E+02	12768
61000	-5.54462E+02	2.83595E+02	12989
62000	-5.55293E+02	2.84143E+02	13178
63000	-5.55280E+02	2.84467E+02	13387
64000	-5.55941E+02	2.85053E+02	13555
65000	-5.56020E+02	2.85396E+02	13783
66000	-5.56642E+02	2.85995E+02	13935
67000	-5.56965E+02	2.86489E+02	14133
68000	-5.57169E+02	2.86849E+02	14325
69000	-5.58000E+02	2.87339E+02	14477
70000	-5.58017E+02	2.87513E+02	14691
71000	-5.57906E+02	2.87398E+02	14901
72000	-5.57890E+02	2.87557E+02	15098
73000	-5.57620E+02	2.87316E+02	15344
74000	-5.56424E+02	2.86635E+02	15623
75000	-5.55233E+02	2.85904E+02	15942
76000	-5.53762E+02	2.83967E+02	16284
77000	-5.52296E+02	2.81601E+02	16601
78000	-5.50688E+02	2.78727E+02	16947
79000	-5.49104E+02	2.75876E+02	17295
80000	-5.47457E+02	2.73874E+02	17650
81000	-5.45930E+02	2.72061E+02	17994
82000	-5.44808E+02	2.70009E+02	18290
83000	-5.43610E+02	2.68310E+02	18632
84000	-5.42318E+02	2.66851E+02	18940
85000	-5.41020E+02	2.65346E+02	19255
86000	-5.39419E+02	2.63682E+02	19607
87000	-5.37566E+02	2.62114E+02	19963
88000	-5.36282E+02	2.60839E+02	20308
89000	-5.34951E+02	2.59599E+02	20643
90000	-5.33900E+02	2.59045E+02	20967
91000	-5.33364E+02	2.58968E+02	21224
92000	-5.33029E+02	2.58719E+02	21508
93000	-5.32587E+02	2.58426E+02	21780
94000	-5.32359E+02	2.58281E+02	22031
95000	-5.32683E+02	2.58491E+02	22218
96000	-5.32889E+02	2.58656E+02	22424
97000	-5.32694E+02	2.58757E+02	22653
98000	-5.33027E+02	2.59086E+02	22881
99000	-5.32824E+02	2.59260E+02	23111
100000	-5.32427E+02	2.59135E+02	23377
110000	-5.34377E+02	2.61938E+02	25506
120000	-5.39711E+02	2.67404E+02	27336
130000	-5.41107E+02	2.69591E+02	29356
140000	-5.37529E+02	2.66155E+02	32109
150000	-5.32653E+02	2.60613E+02	35115
160000	-5.29434E+02	2.57281E+02	37988
170000	-5.28065E+02	2.56395E+02	40594
180000	-5.24724E+02	2.53583E+02	43440
190000	-5.22254E+02	2.50527E+02	46341
200000	-5.20937E+02	2.49285E+02	48961
210000	-5.21443E+02	2.49684E+02	51288
220000	-5.22521E+02	2.50426E+02	53486
230000	-5.19831E+02	2.46589E+02	56416
240000	-5.19412E+02	2.45427E+02	58950
250000	-5.16320E+02	2.41571E+02	62112
260000	-5.13351E+02	2.34750E+02	65350
270000	-5.11370E+02	2.27492E+02	68412
280000	-5.09249E+02	2.22790E+02	71483
290000	-5.07950E+02	2.19147E+02	74416
300000	-5.07818E+02	2.17392E+02	77015
310000	-5.08463E+02	2.17642E+02	79435
320000	-5.09382E+02	2.19113E+02	81729
330000	-5.09206E+02	2.19798E+02	84306
340000	-5.08983E+02	2.19678E+02	86957
350000	-5.07874E+02	2.19386E+02	89870
360000	-5.07783E+02	2.18457E+02	92450
370000	-5.07075E+02	2.15229E+02	95212
380000	-5.05407E+02	2.11150E+02	98362
390000	-5.03867E+02	2.08612E+02	101528
400000	-5.05700E+02	2.11028E+02	103349
410000	-5.07609E+02	2.13324E+02	105261
420000	-5.08690E+02	2.14882E+02	107415
430000	-5.08822E+02	2.15643E+02	109941
440000	-5.09054E+02	2.16953E+02	112408
450000	-5.09860E+02	2.18151E+02	114703
460000	-5.09905E+02	2.18643E+02	117265
470000	-5.09759E+02	2.17872E+02	119802
480000	-5.10590E+02	2.19089E+02	122021
490000	-5.11321E+02	2.19510E+02	124197
500000	-5.11158E+02	2.18486E+02	126795
510000	-5.10767E+02	2.16956E+02	129510
520000	-5.10286E+02	2.15740E+02	132303
530000	-5.09241E+02	2.12830E+02	135315
540000	-5.08242E+02	2.11395E+02	138372
550000	-5.07567E+02	2.10270E+02	141251
560000	-5.07828E+02	2.09704E+02	143711
570000	-5.06429E+02	2.06941E+02	147032
580000	-5.05816E+02	2.04412E+02	150018
590000	-5.05675E+02	2.02792E+02	152675
600000	-5.05008E+02	2.00277E+02	155633
610000	-5.03818E+02	1.97574E+02	158899
620000	-5.03206E+02	1.96650E+02	161906
630000	-5.02626E+02	1.94980E+02	164859
640000	-5.02028E+02	1.93648E+02	167822
650000	-5.00956E+02	1.91355E+02	171075
660000	-5.00090E+02	1.89045E+02	174181
670000	-4.99656E+02	1.87891E+02	177115
680000	-4.99523E+02	1.87620E+02	179891
690000	-4.99602E+02	1.88380E+02	182452
700000	-4.99402E+02	1.87969E+02	185228
710000	-4.98911E+02	1.87911E+02	188217
720000	-4.99055E+02	1.88838E+02	190807
730000	-5.00223E+02	1.90529E+02	192724
740000	-5.00887E+02	1.91959E+02	194895
750000	-5.01733E+02	1.93430E+02	196968
760000	-5.01873E+02	1.94160E+02	199491
770000	-5.02707E+02	1.95561E+02	201572
780000	-5.03242E+02	1.96662E+02	203837
790000	-5.03977E+02	1.97933E+02	205869
800000	-5.04243E+02	1.98780E+02	208289
810000	-5.05167E+02	2.00204E+02	210222
820000	-5.05389E+02	2.00934E+02	212605
830000	-5.05192E+02	2.00941E+02	215429
840000	-5.05351E+02	2.01108E+02	217879
850000	-5.05038E+02	1.99729E+02	220695
860000	-5.04322E+02	1.98854E+02	223891
870000	-5.04140E+02	1.99101E+02	226664
880000	-5.04331E+02	1.99713E+02	229142
890000	-5.03868E+02	1.99449E+02	232209
900000	-5.04059E+02	1.99800E+02	234569
910000	-5.04339E+02	2.00587E+02	236877
920000	-5.04349E+02	2.00524E+02	239497
930000	-5.03924E+02	1.98910E+02	242389
940000	-5.03154E+02	1.97341E+02	245618
950000	-5.02674E+02	1.97212E+02	248744
960000	-5.02072E+02	1.96508E+02	251889
970000	-5.01376E+02	1.94962E+02	255126
980000	-5.01158E+02	1.94334E+02	258010
990000	-5.00438E+02	1.92861E+02	261337
1000000	-4.99614E+02	1.91386E+02	264773
1100000	-4.96245E+02	1.79765E+02	294761
1200000	-4.93887E+02	1.73014E+02	324421
1300000	-4.92349E+02	1.71154E+02	353135
1400000	-4.94270E+02	1.75924E+02	377873
1500000	-4.94377E+02	1.77800E+02	404815
1600000	-4.93838E+02	1.78845E+02	432467
1700000	-4.93071E+02	1.77542E+02	460862
1800000	-4.90967E+02	1.72185E+02	491444
1900000	-4.91142E+02	1.74691E+02	518456
2000000	-4.91392E+02	1.76107E+02	545312
2100000	-4.90265E+02	1.74009E+02	574739
2200000	-4.90660E+02	1.75574E+02	601173
2300000	-4.91763E+02	1.78432E+02	626219
2400000	-4.90524E+02	1.75153E+02	656133
2500000	-4.90608E+02	1.74779E+02	683164
2600000	-4.91871E+02	1.77281E+02	707436
2700000	-4.91362E+02	1.75962E+02	735826
2800000	-4.92989E+02	1.79054E+02	758877
2900000	-4.92543E+02	1.77298E+02	787262
3000000	-4.92522E+02	1.77379E+02	814487
3100000	-4.92383E+02	1.76585E+02	842103
3200000	-4.91778E+02	1.76361E+02	871064
3300000	-4.90917E+02	1.75322E+02	900841
3400000	-4.90774E+02	1.75049E+02	928406
3500000	-4.89922E+02	1.72771E+02	958310
3600000	-4.89046E+02	1.71670E+02	988708
3700000	-4.89397E+02	1.72238E+02	1015165
3800000	-4.89812E+02	1.72490E+02	1041255
3900000	-4.91219E+02	1.75135E+02	1063571
4000000	-4.91865E+02	1.76841E+02	1088222
4100000	-4.91942E+02	1.76611E+02	1115375
4200000	-4.91198E+02	1.76171E+02	1145450
4300000	-4.91062E+02	1.75762E+02	1173133
4400000	-4.91961E+02	1.77632E+02	1196628
4500000	-4.91699E+02	1.77269E+02	1225074
4600000	-4.91992E+02	1.77801E+02	1250984
4700000	-4.92434E+02	1.78923E+02	1276199
4800000	-4.92601E+02	1.79252E+02	1302589
4900000	-4.92327E+02	1.78669E+02	1330898
5000000	-4.92295E+02	1.78582E+02	1358369
5100000	-4.91766E+02	1.77475E+02	1387758
5200000	-4.92355E+02	1.78689E+02	1412241
5300000	-4.92490E+02	1.78415E+02	1438795
5400000	-4.92425E+02	1.78587E+02	1466309
5500000	-4.92598E+02	1.78797E+02	1492521
5600000	-4.92416E+02	1.78114E+02	1520930
5700000	-4.91834E+02	1.77267E+02	1550990
5800000	-4.91554E+02	1.76859E+02	1579398
5900000	-4.91581E+02	1.77141E+02	1606089
6000000	-4.91295E+02	1.76646E+02	1634900
6100000	-4.91681E+02	1.77437E+02	1659988
6200000	-4.91708E+02	1.77880E+02	1687007
6300000	-4.91497E+02	1.77059E+02	1715430
6400000	-4.91370E+02	1.76887E+02	1743333
6500000	-4.91652E+02	1.77495E+02	1769050
6600000	-4.92784E+02	1.79282E+02	1789448
6700000	-4.92283E+02	1.78228E+02	1819707
6800000	-4.92590E+02	1.78962E+02	1844847
6900000	-4.92589E+02	1.79225E+02	1872055
7000000	-4.92688E+02	1.79359E+02	1898292
7100000	-4.92676E+02	1.79804E+02	1925351
7200000	-4.92723E+02	1.80327E+02	1952212
7300000	-4.92862E+02	1.80809E+02	1978400
7400000	-4.92613E+02	1.80281E+02	2007338
7500000	-4.93150E+02	1.81349E+02	2030726
7600000	-4.93394E+02	1.81621E+02	2056141
7700000	-4.92887E+02	1.80943E+02	2086756
7800000	-4.92765E+02	1.80597E+02	2114643
7900000	-4.92319E+02	1.79435E+02	2144961
8000000	-4.92631E+02	1.80167E+02	2169613
8100000	-4.92572E+02	1.79639E+02	2197190
8200000	-4.92418E+02	1.79421E+02	2225441
8300000	-4.92385E+02	1.79699E+02	2252638
8400000	-4.92103E+02	1.78815E+02	2281939
8500000	-4.91961E+02	1.78193E+02	2310173
8600000	-4.91748E+02	1.77765E+02	2339056
8700000	-4.92176E+02	1.78647E+02	2362754
8800000	-4.92008E+02	1.78587E+02	2391204
8900000	-4.91757E+02	1.78037E+02	2420372
9000000	-4.91859E+02	1.78370E+02	2446585
9100000	-4.92245E+02	1.79167E+02	2470314
9200000	-4.92292E+02	1.79377E+02	2496973
9300000	-4.92158E+02	1.79173E+02	2525496
9400000	-4.92423E+02	1.79911E+02	2550180
9500000	-4.92394E+02	1.80001E+02	2577867
9600000	-4.92038E+02	1.79057E+02	2608332
9700000	-4.92022E+02	1.79105E+02	2635554
9800000	-4.92392E+02	1.79745E+02	2659646
9900000	-4.92295E+02	1.79857E+02	2687673
10000000	-4.92506E+02	1.80185E+02	2712664
11000000	-4.91202E+02	1.77518E+02	2995828
12000000	-4.92155E+02	1.79559E+02	3257825
13000000	-4.92428E+02	1.80203E+02	3526245
14000000	-4.93000E+02	1.80554E+02	3790148
15000000	-4.93323E+02	1.81251E+02	4056092
16000000	-4.94187E+02	1.82992E+02	4313813
17000000	-4.94123E+02	1.82850E+02	4584210
18000000	-4.94356E+02	1.83382E+02	4850452
19000000	-4.93652E+02	1.81455E+02	5133191
20000000	-4.93473E+02	1.81303E+02	5407558
21000000	-4.92975E+02	1.80536E+02	5687665
22000000	-4.93312E+02	1.81295E+02	5951276
23000000	-4.93770E+02	1.82157E+02	6212145
24000000	-4.94040E+02	1.82985E+02	6475878
25000000	-4.93845E+02	1.82800E+02	6750915
26000000	-4.93904E+02	1.82314E+02	7019777
27000000	-4.94403E+02	1.83306E+02	7276734
28000000	-4.94228E+02	1.82972E+02	7551404
29000000	-4.94183E+02	1.82713E+02	7822552
30000000	-4.94196E+02	1.82753E+02	8091864
31000000	-4.94080E+02	1.82078E+02	8364815
32000000	-4.94164E+02	1.82387E+02	8632598
33000000	-4.93796E+02	1.81558E+02	8914077
34000000	-4.94035E+02	1.82298E+02	9176516
35000000	-4.94021E+02	1.82681E+02	9446134
36000000	-4.94339E+02	1.83390E+02	9705940
37000000	-4.94405E+02	1.83663E+02	9973329
38000000	-4.94313E+02	1.83237E+02	10246039
39000000	-4.94401E+02	1.83019E+02	10512632
40000000	-4.94599E+02	1.83399E+02	10774856
41000000	-4.94608E+02	1.83389E+02	11044543
42000000	-4.94418E+02	1.82823E+02	11321407
43000000	-4.94494E+02	1.83102E+02	11587401
44000000	-4.94409E+02	1.82576E+02	11860058
45000000	-4.94606E+02	1.83128E+02	12121670
46000000	-4.94784E+02	1.83481E+02	12383157
47000000	-4.94502E+02	1.82872E+02	12664583
48000000	-4.94531E+02	1.82970E+02	12932490
49000000	-4.94670E+02	1.83136E+02	13196011
50000000	-4.94817E+02	1.83505E+02	13458347
51000000	-4.94773E+02	1.83375E+02	13729937
52000000	-4.94525E+02	1.82964E+02	14011496
53000000	-4.94562E+02	1.82962E+02	14278826
54000000	-4.94671E+02	1.83209E+02	14543201
55000000	-4.94645E+02	1.83135E+02	14814407
56000000	-4.94531E+02	1.82988E+02	15089168
57000000	-4.94482E+02	1.82666E+02	15360948
58000000	-4.94431E+02	1.82468E+02	15632838
59000000	-4.94371E+02	1.82284E+02	15905670
60000000	-4.94265E+02	1.82006E+02	16181855
61000000	-4.94414E+02	1.82368E+02	16443314
62000000	-4.94408E+02	1.82328E+02	16713955
63000000	-4.94390E+02	1.82407E+02	16985370
64000000	-4.94616E+02	1.82911E+02	17241618
65000000	-4.94447E+02	1.82583E+02	17521226
66000000	-4.94264E+02	1.82189E+02	17801446
67000000	-4.94287E+02	1.82198E+02	18068816
68000000	-4.94382E+02	1.82516E+02	18332241
69000000	-4.94368E+02	1.82333E+02	18602808
70000000	-4.94272E+02	1.82019E+02	18878223
71000000	-4.94225E+02	1.82048E+02	19151665
72000000	-4.94179E+02	1.81897E+02	19424446
73000000	-4.94001E+02	1.81417E+02	19706450
74000000	-4.93925E+02	1.81117E+02	19981714
75000000	-4.94005E+02	1.81229E+02	20245963
76000000	-4.93807E+02	1.80876E+02	20529005
77000000	-4.93871E+02	1.80971E+02	20795177
78000000	-4.93925E+02	1.81047E+02	21061435
79000000	-4.93955E+02	1.80981E+02	21330097
80000000	-4.93909E+02	1.80870E+02	21604320
81000000	-4.93978E+02	1.81014E+02	21869586
82000000	-4.93951E+02	1.80983E+02	22141740
83000000	-4.94201E+02	1.81426E+02	22393012
84000000	-4.94188E+02	1.81429E+02	22663828
85000000	-4.94024E+02	1.81101E+02	22946198
86000000	-4.94037E+02	1.81138E+02	23215383
87000000	-4.94008E+02	1.80978E+02	23488487
88000000	-4.93986E+02	1.80867E+02	23760037
89000000	-4.94089E+02	1.81202E+02	24020694
90000000	-4.94201E+02	1.81347E+02	24280773
91000000	-4.94226E+02	1.81437E+02	24549066
92000000	-4.94110E+02	1.81280E+02	24828628
93000000	-4.94158E+02	1.81434E+02	25093989
94000000	-4.94250E+02	1.81566E+02	25357271
95000000	-4.94406E+02	1.81895E+02	25613244
96000000	-4.94389E+02	1.81827E+02	25884290
97000000	-4.94488E+02	1.81949E+02	26144982
98000000	-4.94469E+02	1.81845E+02	26416077
99000000	-4.94358E+02	1.81536E+02	26696396
100000000	-4.94208E+02	1.81193E+02	26980300
110000000	-4.94539E+02	1.81703E+02	29644498
120000000	-4.94537E+02	1.81513E+02	32337460
130000000	-4.94562E+02	1.81604E+02	35028631
140000000	-4.94853E+02	1.82265E+02	37682431
150000000	-4.94821E+02	1.82255E+02	40381232
160000000	-4.94915E+02	1.82486E+02	43060563
170000000	-4.94635E+02	1.81764E+02	45797459
180000000	-4.94728E+02	1.81861E+02	48479393
190000000	-4.94558E+02	1.81492E+02	51203527
200000000	-4.94685E+02	1.81727E+02	53876959
210000000	-4.94871E+02	1.82091E+02	56534338
220000000	-4.94815E+02	1.81943E+02	59236016
230000000	-4.94836E+02	1.81980E+02	61924174
240000000	-4.94832E+02	1.81943E+02	64613999
250000000	-4.94748E+02	1.81798E+02	67325015
260000000	-4.94835E+02	1.82031E+02	69997000
270000000	-4.94762E+02	1.81756E+02	72711542
280000000	-4.94721E+02	1.81735E+02	75416195
290000000	-4.94634E+02	1.81542E+02	78135308
300000000	-4.94735E+02	1.81749E+02	80799598
310000000	-4.94768E+02	1.81766E+02	83486778
320000000	-4.94833E+02	1.81874E+02	86160424
330000000	-4.94786E+02	1.81736E+02	88869670
340000000	-4.94780E+02	1.81721E+02	91564166
350000000	-4.94794E+02	1.81688E+02	94254374
360000000	-4.94802E+02	1.81666E+02	96945107
370000000	-4.94848E+02	1.81731E+02	99621426
380000000	-4.94843E+02	1.81731E+02	102316314
390000000	-4.94814E+02	1.81612E+02	105018594
400000000	-4.94806E+02	1.81565E+02	107715081
410000000	-4.94800E+02	1.81541E+02	110409783
420000000	-4.94775E+02	1.81455E+02	113114535
430000000	-4.94799E+02	1.81451E+02	115797879
440000000	-4.94763E+02	1.81273E+02	118510082
450000000	-4.94802E+02	1.81380E+02	121186497
460000000	-4.94770E+02	1.81361E+02	123893169
470000000	-4.94843E+02	1.81517E+02	126555058
480000000	-4.94739E+02	1.81343E+02	129293991
490000000	-4.94683E+02	1.81218E+02	132012851
500000000	-4.94655E+02	1.81176E+02	134717057
510000000	-4.94694E+02	1.81267E+02	137393418
520000000	-4.94671E+02	1.81181E+02	140100721
530000000	-4.94603E+02	1.81063E+02	142826673
540000000	-4.94688E+02	1.81262E+02	145481292
550000000	-4.94609E+02	1.81033E+02	148216306
560000000	-4.94586E+02	1.80938E+02	150924430
570000000	-4.94664E+02	1.81119E+02	153578520
580000000	-4.94689E+02	1.81153E+02	156259614
590000000	-4.94662E+02	1.81085E+02	158967343
600000000	-4.94688E+02	1.81177E+02	161648681
610000000	-4.94733E+02	1.81277E+02	164317367
620000000	-4.94732E+02	1.81314E+02	167014118
630000000	-4.94764E+02	1.81388E+02	169689459
640000000	-4.94767E+02	1.81381E+02	172382120
650000000	-4.94720E+02	1.81293E+02	175105404
660000000	-4.94718E+02	1.81270E+02	177800785
670000000	-4.94737E+02	1.81316E+02	180483081
680000000	-4.94731E+02	1.81302E+02	183177224
690000000	-4.94682E+02	1.81189E+02	185901376
700000000	-4.94659E+02	1.81164E+02	188608132
710000000	-4.94695E+02	1.81221E+02	191283389
720000000	-4.94670E+02	1.81150E+02	193997379
730000000	-4.94687E+02	1.81208E+02	196682439
740000000	-4.94668E+02	1.81189E+02	199388787
750000000	-4.94659E+02	1.81171E+02	202086368
760000000	-4.94632E+02	1.81156E+02	204801416
770000000	-4.94609E+02	1.81115E+02	207510795
780000000	-4.94607E+02	1.81074E+02	210206735
790000000	-4.94622E+02	1.81154E+02	212888059
800000000	-4.94599E+02	1.81099E+02	215601030
810000000	-4.94573E+02	1.81049E+02	218313750
820000000	-4.94592E+02	1.81079E+02	220996724
830000000	-4.94629E+02	1.81151E+02	223663439
840000000	-4.94656E+02	1.81186E+02	226335271
850000000	-4.94650E+02	1.81163E+02	229033527
860000000	-4.94607E+02	1.81052E+02	231761459
870000000	-4.94633E+02	1.81101E+02	234433099
880000000	-4.94615E+02	1.81039E+02	237146300
890000000	-4.94606E+02	1.81006E+02	239847529
900000000	-4.94623E+02	1.81039E+02	242526498
910000000	-4.94633E+02	1.81066E+02	245210819
920000000	-4.94650E+02	1.81072E+02	247891537
930000000	-4.94637E+02	1.81042E+02	250599623
940000000	-4.94666E+02	1.81126E+02	253269145
950000000	-4.94668E+02	1.81127E+02	255959929
960000000	-4.94658E+02	1.81109E+02	258665078
970000000	-4.94666E+02	1.81131E+02	261351798
980000000	-4.94685E+02	1.81196E+02	264028711
990000000	-4.94709E+02	1.81249E+02	266703112
1000000000	-4.94706E+02	1.81274E+02	269400648
