n	E	absM
1	-8.00000E+00	1.00000E+01
2	-8.00000E+00	1.10000E+01
3	-8.00000E+00	1.20000E+01
4	-8.00000E+00	1.25000E+01
5	-8.00000E+00	1.28000E+01
6	-8.00000E+00	1.26667E+01
7	-8.00000E+00	1.25714E+01
8	-8.50000E+00	1.22500E+01
9	-8.88889E+00	1.17778E+01
10	-9.20000E+00	1.14000E+01
11	-9.45455E+00	1.10909E+01
12	-1.00000E+01	1.06667E+01
13	-1.04615E+01	1.01538E+01
14	-1.08571E+01	9.71429E+00
15	-1.12000E+01	9.20000E+00
16	-1.15000E+01	8.75000E+00
17	-1.17647E+01	8.35294E+00
18	-1.20000E+01	8.00000E+00
19	-1.22105E+01	7.68421E+00
20	-1.26000E+01	7.50000E+00
21	-1.31429E+01	7.42857E+00
22	-1.36364E+01	7.36364E+00
23	-1.40870E+01	7.39130E+00
24	-1.46667E+01	7.50000E+00
25	-1.52000E+01	7.52000E+00
26	-1.56923E+01	7.53846E+00
27	-1.61481E+01	7.55556E+00
28	-1.67143E+01	7.64286E+00
29	-1.73793E+01	7.79310E+00
30	-1.80000E+01	7.93333E+00
31	-1.87097E+01	8.00000E+00
32	-1.93750E+01	8.12500E+00
33	-2.00000E+01	8.18182E+00
34	-2.07059E+01	8.29412E+00
35	-2.13714E+01	8.45714E+00
36	-2.20000E+01	8.61111E+00
37	-2.25946E+01	8.70270E+00
38	-2.32632E+01	8.73684E+00
39	-2.38974E+01	8.76923E+00
40	-2.45000E+01	8.80000E+00
41	-2.50732E+01	8.82927E+00
42	-2.56190E+01	8.85714E+00
43	-2.62326E+01	8.93023E+00
44	-2.68182E+01	9.04545E+00
45	-2.73778E+01	9.15556E+00
46	-2.80000E+01	9.30435E+00
47	-2.85957E+01	9.48936E+00
48	-2.91667E+01	9.66667E+00
49	-2.97143E+01	9.83673E+00
50	-3.03200E+01	1.00400E+01
51	-3.09804E+01	1.02745E+01
52	-3.16154E+01	1.04615E+01
53	-3.22264E+01	1.06415E+01
54	-3.28148E+01	1.08519E+01
55	-3.33818E+01	1.10545E+01
56	-3.39286E+01	1.12143E+01
57	-3.44561E+01	1.13684E+01
58	-3.49655E+01	1.15517E+01
59	-3.54576E+01	1.17288E+01
60	-3.59333E+01	1.19333E+01
61	-3.64590E+01	1.21639E+01
62	-3.69677E+01	1.23871E+01
63	-3.74603E+01	1.26349E+01
64	-3.79375E+01	1.28750E+01
65	-3.84000E+01	1.30769E+01
66	-3.88485E+01	1.33030E+01
67	-3.92836E+01	1.35522E+01
68	-3.97059E+01	1.37941E+01
69	-4.02319E+01	1.40580E+01
70	-4.07429E+01	1.42857E+01
71	-4.12394E+01	1.44789E+01
72	-4.17222E+01	1.46667E+01
73	-4.21918E+01	1.48493E+01
74	-4.26486E+01	1.50270E+01
75	-4.30933E+01	1.52000E+01
76	-4.35263E+01	1.53684E+01
77	-4.39481E+01	1.55065E+01
78	-4.43590E+01	1.56410E+01
79	-4.47595E+01	1.57722E+01
80	-4.51500E+01	1.59000E+01
81	-4.55802E+01	1.60000E+01
82	-4.60000E+01	1.60976E+01
83	-4.64578E+01	1.62169E+01
84	-4.69048E+01	1.63571E+01
85	-4.73412E+01	1.64941E+01
86	-4.77674E+01	1.66279E+01
87	-4.81839E+01	1.67816E+01
88	-4.85909E+01	1.69545E+01
89	-4.89888E+01	1.71461E+01
90	-4.93778E+01	1.73333E+01
91	-4.97582E+01	1.74945E+01
92	-5.01304E+01	1.76522E+01
93	-5.04946E+01	1.78280E+01
94	-5.08511E+01	1.79787E+01
95	-5.12000E+01	1.81474E+01
96	-5.15417E+01	1.83125E+01
97	-5.18763E+01	1.84742E+01
98	-5.22041E+01	1.86531E+01
99	-5.25253E+01	1.88283E+01
100	-5.28400E+01	1.90200E+01
110	-5.60727E+01	2.08727E+01
120	-5.94000E+01	2.23167E+01
130	-6.25846E+01	2.35231E+01
140	-6.60857E+01	2.49857E+01
150	-6.97600E+01	2.64533E+01
160	-7.39250E+01	2.81000E+01
170	-7.82824E+01	2.94941E+01
180	-8.21556E+01	3.06000E+01
190	-8.59368E+01	3.17789E+01
200	-8.98400E+01	3.33300E+01
210	-9.37524E+01	3.47238E+01
220	-9.76909E+01	3.60000E+01
230	-1.02313E+02	3.72435E+01
240	-1.07050E+02	3.85833E+01
250	-1.11552E+02	3.95520E+01
260	-1.15877E+02	4.05385E+01
270	-1.19881E+02	4.14148E+01
280	-1.23771E+02	4.23500E+01
290	-1.27503E+02	4.33586E+01
300	-1.31027E+02	4.43533E+01
310	-1.34374E+02	4.53677E+01
320	-1.37713E+02	4.64688E+01
330	-1.41188E+02	4.75152E+01
340	-1.45000E+02	4.85118E+01
350	-1.48674E+02	4.94857E+01
360	-1.52333E+02	5.04611E+01
370	-1.56000E+02	5.14649E+01
380	-1.59589E+02	5.24579E+01
390	-1.63138E+02	5.34615E+01
400	-1.66700E+02	5.46200E+01
410	-1.70185E+02	5.57366E+01
420	-1.73657E+02	5.66857E+01
430	-1.77098E+02	5.75209E+01
440	-1.80427E+02	5.83955E+01
450	-1.83689E+02	5.92933E+01
460	-1.86852E+02	6.01870E+01
470	-1.90043E+02	6.09702E+01
480	-1.93217E+02	6.16458E+01
490	-1.96310E+02	6.24327E+01
500	-1.99424E+02	6.33240E+01
510	-2.02416E+02	6.42627E+01
520	-2.05300E+02	6.51038E+01
530	-2.08143E+02	6.58604E+01
540	-2.10881E+02	6.65741E+01
550	-2.13665E+02	6.72873E+01
560	-2.16407E+02	6.80964E+01
570	-2.19137E+02	6.89579E+01
580	-2.21841E+02	6.97552E+01
590	-2.24488E+02	7.06102E+01
600	-2.27093E+02	7.14700E+01
610	-2.29646E+02	7.23148E+01
620	-2.32135E+02	7.30839E+01
630	-2.34546E+02	7.38413E+01
640	-2.36981E+02	7.45844E+01
650	-2.39428E+02	7.53662E+01
660	-2.41782E+02	7.62152E+01
670	-2.44054E+02	7.70567E+01
680	-2.46300E+02	7.79000E+01
690	-2.48632E+02	7.87681E+01
700	-2.50880E+02	7.95800E+01
710	-2.53037E+02	8.02873E+01
720	-2.55133E+02	8.10111E+01
730	-2.57184E+02	8.17068E+01
740	-2.59222E+02	8.24108E+01
750	-2.61248E+02	8.30747E+01
760	-2.63211E+02	8.38000E+01
770	-2.65242E+02	8.45247E+01
780	-2.67297E+02	8.52872E+01
790	-2.69332E+02	8.60481E+01
800	-2.71340E+02	8.68350E+01
810	-2.73353E+02	8.76395E+01
820	-2.75356E+02	8.84098E+01
830	-2.77340E+02	8.92361E+01
840	-2.79290E+02	9.00857E+01
850	-2.81275E+02	9.09294E+01
860	-2.83214E+02	9.17512E+01
870	-2.85108E+02	9.25816E+01
880	-2.86973E+02	9.33977E+01
890	-2.88827E+02	9.42135E+01
900	-2.90680E+02	9.50333E+01
910	-2.92541E+02	9.58747E+01
920	-2.94361E+02	9.67022E+01
930	-2.96219E+02	9.75097E+01
940	-2.98098E+02	9.83404E+01
950	-2.99979E+02	9.91916E+01
960	-3.01896E+02	1.00104E+02
970	-3.03856E+02	1.01029E+02
980	-3.05776E+02	1.01943E+02
990	-3.07749E+02	1.02848E+02
1000	-3.09752E+02	1.03742E+02
1100	-3.28822E+02	1.12356E+02
1200	-3.45500E+02	1.19523E+02
1300	-3.60929E+02	1.25558E+02
1400	-3.76146E+02	1.30926E+02
1500	-3.91077E+02	1.36095E+02
1600	-4.05442E+02	1.41023E+02
1700	-4.19402E+02	1.46286E+02
1800	-4.33433E+02	1.51284E+02
1900	-4.46269E+02	1.55649E+02
2000	-4.58156E+02	1.60004E+02
2100	-4.69261E+02	1.64290E+02
2200	-4.79620E+02	1.68140E+02
2300	-4.89421E+02	1.71551E+02
2400	-4.99082E+02	1.74928E+02
2500	-5.08331E+02	1.78271E+02
2600	-5.16928E+02	1.81662E+02
2700	-5.24999E+02	1.84879E+02
2800	-5.32363E+02	1.88024E+02
2900	-5.39247E+02	1.90883E+02
3000	-5.45729E+02	1.93375E+02
3100	-5.52034E+02	1.95569E+02
3200	-5.58158E+02	1.97482E+02
3300	-5.63982E+02	1.99421E+02
3400	-5.69541E+02	2.01408E+02
3500	-5.74890E+02	2.03412E+02
3600	-5.80032E+02	2.05351E+02
3700	-5.85017E+02	2.07302E+02
3800	-5.89687E+02	2.09056E+02
3900	-5.94370E+02	2.10845E+02
4000	-5.99000E+02	2.12733E+02
4100	-6.03512E+02	2.14618E+02
4200	-6.07830E+02	2.16484E+02
4300	-6.12113E+02	2.18406E+02
4400	-6.16160E+02	2.20304E+02
4500	-6.19979E+02	2.22092E+02
4600	-6.23715E+02	2.23860E+02
4700	-6.27380E+02	2.25694E+02
4800	-6.30893E+02	2.27374E+02
4900	-6.34263E+02	2.29029E+02
5000	-6.37481E+02	2.30678E+02
5100	-6.40451E+02	2.32178E+02
5200	-6.43322E+02	2.33644E+02
5300	-6.46128E+02	2.34983E+02
5400	-6.48829E+02	2.36308E+02
5500	-6.51464E+02	2.37613E+02
5600	-6.54045E+02	2.39022E+02
5700	-6.56535E+02	2.40407E+02
5800	-6.59009E+02	2.41766E+02
5900	-6.61412E+02	2.43079E+02
6000	-6.63850E+02	2.44378E+02
6100	-6.66395E+02	2.45736E+02
6200	-6.68873E+02	2.47006E+02
6300	-6.71273E+02	2.48227E+02
6400	-6.73659E+02	2.49445E+02
6500	-6.75972E+02	2.50613E+02
6600	-6.78215E+02	2.51727E+02
6700	-6.80405E+02	2.52855E+02
6800	-6.82665E+02	2.54071E+02
6900	-6.84966E+02	2.55309E+02
7000	-6.87238E+02	2.56552E+02
7100	-6.89501E+02	2.57834E+02
7200	-6.91702E+02	2.59081E+02
7300	-6.93843E+02	2.60348E+02
7400	-6.95926E+02	2.61640E+02
7500	-6.97967E+02	2.62950E+02
7600	-6.99985E+02	2.64232E+02
7700	-7.01856E+02	2.65458E+02
7800	-7.03738E+02	2.66650E+02
7900	-7.05666E+02	2.67882E+02
8000	-7.07607E+02	2.69072E+02
8100	-7.09538E+02	2.70220E+02
8200	-7.11421E+02	2.71339E+02
8300	-7.13260E+02	2.72413E+02
8400	-7.15054E+02	2.73481E+02
8500	-7.16807E+02	2.74563E+02
8600	-7.18518E+02	2.75620E+02
8700	-7.20190E+02	2.76622E+02
8800	-7.21808E+02	2.77592E+02
8900	-7.23405E+02	2.78496E+02
9000	-7.24968E+02	2.79393E+02
9100	-7.26532E+02	2.80296E+02
9200	-7.28070E+02	2.81183E+02
9300	-7.29521E+02	2.82022E+02
9400	-7.30909E+02	2.82854E+02
9500	-7.32253E+02	2.83699E+02
9600	-7.33583E+02	2.84521E+02
9700	-7.34887E+02	2.85342E+02
9800	-7.36245E+02	2.86163E+02
9900	-7.37576E+02	2.86982E+02
10000	-7.38880E+02	2.87794E+02
11000	-7.50901E+02	2.95891E+02
12000	-7.61244E+02	3.03197E+02
13000	-7.71176E+02	3.10139E+02
14000	-7.80562E+02	3.16532E+02
15000	-7.88607E+02	3.22051E+02
16000	-7.95471E+02	3.26835E+02
17000	-8.01620E+02	3.31080E+02
18000	-8.07179E+02	3.34877E+02
19000	-8.12258E+02	3.38300E+02
20000	-8.16845E+02	3.41385E+02
21000	-8.20875E+02	3.44146E+02
22000	-8.24653E+02	3.46685E+02
23000	-8.28103E+02	3.49003E+02
24000	-8.31266E+02	3.51128E+02
25000	-8.34175E+02	3.53083E+02
26000	-8.36861E+02	3.54888E+02
27000	-8.38893E+02	3.56445E+02
28000	-8.41046E+02	3.57957E+02
29000	-8.43142E+02	3.59388E+02
30000	-8.45170E+02	3.60742E+02
31000	-8.47068E+02	3.62008E+02
32000	-8.48847E+02	3.63196E+02
33000	-8.50453E+02	3.64295E+02
34000	-8.52028E+02	3.65345E+02
35000	-8.53513E+02	3.66335E+02
36000	-8.54915E+02	3.67270E+02
37000	-8.56242E+02	3.68155E+02
38000	-8.57499E+02	3.68993E+02
39000	-8.58691E+02	3.69788E+02
40000	-8.59824E+02	3.70543E+02
41000	-8.60797E+02	3.71235E+02
42000	-8.61826E+02	3.71920E+02
43000	-8.62807E+02	3.72573E+02
44000	-8.63743E+02	3.73197E+02
45000	-8.64638E+02	3.73792E+02
46000	-8.65492E+02	3.74362E+02
47000	-8.66312E+02	3.74907E+02
48000	-8.67097E+02	3.75430E+02
49000	-8.67764E+02	3.75910E+02
50000	-8.68450E+02	3.76382E+02
51000	-8.69107E+02	3.76835E+02
52000	-8.69762E+02	3.77276E+02
53000	-8.70408E+02	3.77705E+02
54000	-8.71031E+02	3.78118E+02
55000	-8.71630E+02	3.78516E+02
56000	-8.72165E+02	3.78889E+02
57000	-8.72688E+02	3.79250E+02
58000	-8.73227E+02	3.79608E+02
59000	-8.73749E+02	3.79953E+02
60000	-8.74237E+02	3.80283E+02
61000	-8.74724E+02	3.80606E+02
62000	-8.75196E+02	3.80919E+02
63000	-8.75601E+02	3.81209E+02
64000	-8.76045E+02	3.81503E+02
65000	-8.76471E+02	3.81786E+02
66000	-8.76888E+02	3.82062E+02
67000	-8.77264E+02	3.82323E+02
68000	-8.77565E+02	3.82560E+02
69000	-8.77879E+02	3.82795E+02
70000	-8.78253E+02	3.83041E+02
71000	-8.78615E+02	3.83279E+02
72000	-8.78968E+02	3.83512E+02
73000	-8.79311E+02	3.83738E+02
74000	-8.79644E+02	3.83957E+02
75000	-8.79969E+02	3.84171E+02
76000	-8.80285E+02	3.84380E+02
77000	-8.80593E+02	3.84582E+02
78000	-8.80843E+02	3.84767E+02
79000	-8.81136E+02	3.84960E+02
80000	-8.81422E+02	3.85148E+02
81000	-8.81701E+02	3.85332E+02
82000	-8.81973E+02	3.85511E+02
83000	-8.82238E+02	3.85685E+02
84000	-8.82497E+02	3.85856E+02
85000	-8.82747E+02	3.86021E+02
86000	-8.82994E+02	3.86184E+02
87000	-8.83236E+02	3.86342E+02
88000	-8.83445E+02	3.86491E+02
89000	-8.83611E+02	3.86625E+02
90000	-8.83770E+02	3.86756E+02
91000	-8.83921E+02	3.86883E+02
92000	-8.84139E+02	3.87026E+02
93000	-8.84352E+02	3.87166E+02
94000	-8.84561E+02	3.87302E+02
95000	-8.84664E+02	3.87410E+02
96000	-8.84866E+02	3.87541E+02
97000	-8.85053E+02	3.87667E+02
98000	-8.85242E+02	3.87792E+02
99000	-8.85431E+02	3.87915E+02
100000	-8.85570E+02	3.88024E+02
110000	-8.87234E+02	3.89110E+02
120000	-8.88614E+02	3.90014E+02
130000	-8.89637E+02	3.90741E+02
140000	-8.90534E+02	3.91371E+02
150000	-8.91419E+02	3.91943E+02
160000	-8.92107E+02	3.92422E+02
170000	-8.92698E+02	3.92840E+02
180000	-8.93323E+02	3.93237E+02
190000	-8.93867E+02	3.93589E+02
200000	-8.94308E+02	3.93893E+02
210000	-8.94692E+02	3.94162E+02
220000	-8.94950E+02	3.94386E+02
230000	-8.95314E+02	3.94623E+02
240000	-8.95656E+02	3.94842E+02
250000	-8.95916E+02	3.95029E+02
260000	-8.96168E+02	3.95204E+02
270000	-8.96373E+02	3.95359E+02
280000	-8.96610E+02	3.95516E+02
290000	-8.96837E+02	3.95663E+02
300000	-8.97076E+02	3.95808E+02
310000	-8.97297E+02	3.95942E+02
320000	-8.97487E+02	3.96064E+02
330000	-8.97682E+02	3.96183E+02
340000	-8.97861E+02	3.96294E+02
350000	-8.98006E+02	3.96392E+02
360000	-8.98105E+02	3.96475E+02
370000	-8.98208E+02	3.96556E+02
380000	-8.98313E+02	3.96635E+02
390000	-8.98458E+02	3.96721E+02
400000	-8.98513E+02	3.96782E+02
410000	-8.98579E+02	3.96841E+02
420000	-8.98705E+02	3.96915E+02
430000	-8.98813E+02	3.96983E+02
440000	-8.98921E+02	3.97050E+02
450000	-8.99018E+02	3.97111E+02
460000	-8.99098E+02	3.97167E+02
470000	-8.99178E+02	3.97221E+02
480000	-8.99276E+02	3.97278E+02
490000	-8.99304E+02	3.97316E+02
500000	-8.99356E+02	3.97359E+02
510000	-8.99417E+02	3.97403E+02
520000	-8.99472E+02	3.97445E+02
530000	-8.99537E+02	3.97488E+02
540000	-8.99613E+02	3.97532E+02
550000	-8.99667E+02	3.97571E+02
560000	-8.99728E+02	3.97610E+02
570000	-8.99797E+02	3.97651E+02
580000	-8.99860E+02	3.97689E+02
590000	-8.99926E+02	3.97727E+02
600000	-8.99980E+02	3.97761E+02
610000	-9.00016E+02	3.97790E+02
620000	-9.00056E+02	3.97820E+02
630000	-9.00083E+02	3.97846E+02
640000	-9.00132E+02	3.97876E+02
650000	-9.00185E+02	3.97907E+02
660000	-9.00232E+02	3.97936E+02
670000	-9.00276E+02	3.97964E+02
680000	-9.00324E+02	3.97992E+02
690000	-9.00374E+02	3.98021E+02
700000	-9.00409E+02	3.98045E+02
710000	-9.00435E+02	3.98066E+02
720000	-9.00478E+02	3.98091E+02
730000	-9.00516E+02	3.98115E+02
740000	-9.00546E+02	3.98136E+02
750000	-9.00586E+02	3.98159E+02
760000	-9.00631E+02	3.98184E+02
770000	-9.00675E+02	3.98207E+02
780000	-9.00698E+02	3.98225E+02
790000	-9.00727E+02	3.98245E+02
800000	-9.00755E+02	3.98263E+02
810000	-9.00790E+02	3.98283E+02
820000	-9.00821E+02	3.98302E+02
830000	-9.00839E+02	3.98318E+02
840000	-9.00842E+02	3.98329E+02
850000	-9.00857E+02	3.98343E+02
860000	-9.00886E+02	3.98360E+02
870000	-9.00912E+02	3.98376E+02
880000	-9.00933E+02	3.98391E+02
890000	-9.00957E+02	3.98407E+02
900000	-9.00969E+02	3.98419E+02
910000	-9.00984E+02	3.98432E+02
920000	-9.00993E+02	3.98443E+02
930000	-9.01013E+02	3.98456E+02
940000	-9.01029E+02	3.98469E+02
950000	-9.01043E+02	3.98481E+02
960000	-9.01095E+02	3.98493E+02
970000	-9.01157E+02	3.98507E+02
980000	-9.01217E+02	3.98520E+02
990000	-9.01272E+02	3.98531E+02
1000000	-9.01325E+02	3.98542E+02
