k	V
0	7.522E-03
1	9.693E-03
2	1.122E-02
3	1.749E-02
4	1.958E-02
5	2.326E-02
6	3.503E-02
7	3.968E-02
8	3.937E-02
9	3.950E-02
10	4.457E-02
11	3.972E-02
12	3.975E-02
13	6.149E-02
14	6.185E-02
15	6.595E-02
16	6.600E-02
17	6.949E-02
18	8.351E-02
19	7.148E-02
20	7.962E-02
21	9.120E-02
22	9.039E-02
23	1.001E-01
24	1.154E-01
25	1.137E-01
26	1.157E-01
27	1.004E-01
28	9.999E-02
29	1.075E-01
30	1.040E-01
31	1.124E-01
32	1.121E-01
33	1.162E-01
34	1.157E-01
35	1.167E-01
36	1.277E-01
37	1.345E-01
38	1.473E-01
39	1.471E-01
40	1.573E-01
41	1.828E-01
42	1.923E-01
43	1.998E-01
44	1.987E-01
45	2.039E-01
46	2.045E-01
47	2.100E-01
48	2.124E-01
49	2.104E-01
50	2.123E-01
51	2.096E-01
52	2.212E-01
53	2.222E-01
54	2.752E-01
55	2.750E-01
56	2.777E-01
57	2.741E-01
58	3.390E-01
59	3.397E-01
60	3.407E-01
61	3.395E-01
62	3.364E-01
63	3.366E-01
64	3.620E-01
65	3.768E-01
66	3.761E-01
67	3.958E-01
68	4.172E-01
69	4.184E-01
70	4.184E-01
71	4.156E-01
72	4.155E-01
73	4.324E-01
74	4.320E-01
75	4.297E-01
76	4.248E-01
77	4.245E-01
78	4.349E-01
79	4.356E-01
80	4.303E-01
81	4.289E-01
82	4.267E-01
83	4.253E-01
84	4.260E-01
85	4.302E-01
86	4.294E-01
87	4.179E-01
88	4.188E-01
89	4.162E-01
90	4.161E-01
91	4.162E-01
92	4.206E-01
93	4.275E-01
94	4.336E-01
95	4.372E-01
96	4.377E-01
97	4.406E-01
98	4.413E-01
99	4.442E-01
100	4.682E-01
110	5.043E-01
120	6.393E-01
130	5.758E-01
140	6.104E-01
150	6.034E-01
160	5.888E-01
170	6.171E-01
180	6.627E-01
190	7.501E-01
200	7.322E-01
210	7.455E-01
220	7.720E-01
230	8.389E-01
240	8.026E-01
250	7.926E-01
260	7.382E-01
270	7.795E-01
280	9.736E-01
290	1.055E+00
300	1.047E+00
310	9.388E-01
320	9.916E-01
330	9.601E-01
340	9.852E-01
350	9.750E-01
360	1.009E+00
370	9.793E-01
380	9.926E-01
390	9.588E-01
400	1.000E+00
410	1.062E+00
420	1.101E+00
430	1.034E+00
440	1.014E+00
450	9.153E-01
460	9.191E-01
470	9.648E-01
480	9.385E-01
490	8.674E-01
500	9.171E-01
510	1.001E+00
520	9.896E-01
530	1.020E+00
540	1.023E+00
550	1.024E+00
560	1.065E+00
570	9.722E-01
580	1.092E+00
590	9.642E-01
600	8.553E-01
610	8.274E-01
620	8.137E-01
630	7.753E-01
640	7.860E-01
650	7.603E-01
660	7.684E-01
670	7.643E-01
680	7.643E-01
690	7.390E-01
700	6.998E-01
710	7.090E-01
720	7.616E-01
730	7.540E-01
740	8.110E-01
750	8.186E-01
760	8.316E-01
770	8.013E-01
780	7.883E-01
790	8.262E-01
800	7.782E-01
810	8.773E-01
820	8.663E-01
830	9.545E-01
840	9.603E-01
850	1.077E+00
860	1.037E+00
870	9.950E-01
880	9.818E-01
890	1.006E+00
900	1.009E+00
910	9.206E-01
920	8.912E-01
930	9.545E-01
940	9.872E-01
950	1.105E+00
960	1.132E+00
970	1.087E+00
980	1.156E+00
990	1.187E+00
1000	1.104E+00
1100	9.024E-01
1200	7.604E-01
1300	7.476E-01
1400	7.918E-01
1500	9.675E-01
1600	8.384E-01
1700	9.038E-01
1800	8.978E-01
1900	7.603E-01
2000	7.878E-01
2100	9.187E-01
2200	1.167E+00
2300	1.483E+00
2400	1.434E+00
2500	1.110E+00
2600	9.884E-01
2700	1.100E+00
2800	1.044E+00
2900	1.348E+00
3000	1.116E+00
3100	6.932E-01
3200	9.261E-01
3300	1.107E+00
3400	8.792E-01
3500	8.586E-01
3600	7.548E-01
3700	8.169E-01
3800	7.822E-01
3900	7.742E-01
4000	6.070E-01
4100	5.958E-01
4200	8.687E-01
4300	8.660E-01
4400	8.837E-01
4500	1.198E+00
4600	1.128E+00
4700	1.101E+00
4800	8.156E-01
4900	1.074E+00
5000	1.087E+00
5100	1.290E+00
5200	1.189E+00
5300	9.753E-01
5400	9.092E-01
5500	6.880E-01
5600	8.410E-01
5700	7.977E-01
5800	9.400E-01
5900	1.188E+00
6000	1.029E+00
6100	9.322E-01
6200	9.825E-01
6300	1.055E+00
6400	1.290E+00
6500	1.374E+00
6600	1.498E+00
6700	9.074E-01
6800	9.232E-01
6900	1.121E+00
7000	7.593E-01
7100	6.884E-01
7200	7.399E-01
7300	1.073E+00
7400	9.359E-01
7500	1.114E+00
7600	7.743E-01
7700	8.167E-01
7800	8.084E-01
7900	8.926E-01
8000	1.059E+00
8100	1.033E+00
8200	8.101E-01
8300	1.182E+00
8400	7.752E-01
8500	7.849E-01
8600	6.966E-01
8700	7.183E-01
8800	7.988E-01
8900	7.790E-01
9000	8.083E-01
9100	8.862E-01
9200	9.255E-01
9300	1.047E+00
9400	1.278E+00
9500	9.124E-01
9600	1.051E+00
9700	1.019E+00
9800	1.287E+00
9900	1.198E+00
10000	1.096E+00
11000	8.834E-01
12000	9.563E-01
13000	7.763E-01
14000	8.243E-01
15000	9.772E-01
16000	8.982E-01
17000	1.057E+00
18000	9.006E-01
19000	9.021E-01
20000	7.762E-01
21000	6.851E-01
22000	1.065E+00
23000	1.779E+00
24000	8.160E-01
25000	8.585E-01
26000	1.294E+00
27000	8.071E-01
28000	9.426E-01
29000	8.445E-01
30000	1.128E+00
31000	1.086E+00
32000	1.076E+00
33000	9.528E-01
34000	7.782E-01
35000	9.979E-01
36000	7.387E-01
37000	1.206E+00
38000	1.029E+00
39000	1.082E+00
40000	1.201E+00
41000	1.011E+00
42000	9.478E-01
43000	1.312E+00
44000	1.142E+00
45000	9.916E-01
46000	9.348E-01
47000	1.201E+00
48000	8.264E-01
49000	1.211E+00
50000	8.654E-01
51000	8.841E-01
52000	7.544E-01
53000	8.893E-01
54000	7.542E-01
55000	9.370E-01
56000	9.129E-01
57000	1.095E+00
58000	8.470E-01
59000	9.406E-01
60000	1.061E+00
61000	9.178E-01
62000	1.275E+00
63000	7.935E-01
64000	8.751E-01
65000	6.644E-01
66000	1.034E+00
67000	1.132E+00
68000	7.345E-01
69000	9.261E-01
70000	7.473E-01
71000	1.002E+00
72000	1.108E+00
73000	1.013E+00
74000	8.441E-01
75000	9.704E-01
76000	1.245E+00
77000	1.164E+00
78000	9.213E-01
79000	9.743E-01
80000	6.370E-01
81000	9.504E-01
82000	7.712E-01
83000	9.214E-01
84000	9.645E-01
85000	1.014E+00
86000	8.438E-01
87000	8.583E-01
88000	1.002E+00
89000	8.863E-01
90000	8.665E-01
91000	7.841E-01
92000	1.072E+00
93000	1.027E+00
94000	6.996E-01
95000	8.016E-01
96000	1.155E+00
97000	7.497E-01
98000	7.740E-01
99000	8.914E-01
100000	7.668E-01
110000	9.881E-01
120000	8.579E-01
130000	9.218E-01
140000	7.564E-01
150000	7.989E-01
160000	8.928E-01
170000	9.407E-01
180000	1.009E+00
190000	8.143E-01
200000	6.311E-01
210000	7.400E-01
220000	1.102E+00
230000	7.334E-01
240000	8.866E-01
250000	1.065E+00
260000	8.998E-01
270000	7.864E-01
280000	8.190E-01
290000	7.868E-01
300000	6.241E-01
310000	1.132E+00
320000	8.753E-01
330000	9.468E-01
340000	1.228E+00
350000	7.540E-01
360000	6.753E-01
370000	6.742E-01
380000	9.391E-01
390000	1.026E+00
400000	9.413E-01
410000	6.080E-01
420000	1.032E+00
430000	1.254E+00
440000	1.007E+00
450000	8.412E-01
460000	9.763E-01
470000	9.033E-01
480000	9.573E-01
490000	9.739E-01
500000	9.131E-01
510000	1.345E+00
520000	8.865E-01
530000	8.570E-01
540000	9.638E-01
550000	1.081E+00
560000	1.156E+00
570000	1.102E+00
580000	1.058E+00
590000	8.493E-01
600000	7.403E-01
610000	9.961E-01
620000	6.621E-01
630000	5.636E-01
640000	8.506E-01
650000	1.036E+00
660000	7.451E-01
670000	9.522E-01
680000	1.204E+00
690000	1.005E+00
700000	1.295E+00
710000	1.056E+00
720000	9.099E-01
730000	1.023E+00
740000	1.071E+00
750000	9.135E-01
760000	1.068E+00
770000	7.307E-01
780000	8.758E-01
790000	7.023E-01
800000	7.702E-01
810000	1.122E+00
820000	7.424E-01
830000	7.912E-01
840000	8.425E-01
850000	1.070E+00
860000	1.117E+00
870000	1.090E+00
880000	9.909E-01
890000	1.372E+00
900000	8.397E-01
910000	9.470E-01
920000	9.447E-01
930000	1.019E+00
940000	1.360E+00
950000	9.947E-01
960000	8.821E-01
970000	8.483E-01
980000	7.770E-01
990000	1.223E+00
1000000	1.043E+00
1100000	9.607E-01
1200000	8.956E-01
1300000	9.443E-01
1400000	8.188E-01
1500000	7.036E-01
1600000	1.244E+00
1700000	8.922E-01
1800000	8.943E-01
1900000	1.275E+00
2000000	9.334E-01
2100000	1.002E+00
2200000	9.123E-01
2300000	1.018E+00
2400000	1.076E+00
2500000	6.820E-01
2600000	9.791E-01
2700000	9.158E-01
2800000	1.131E+00
2900000	8.874E-01
3000000	1.035E+00
3100000	7.094E-01
3200000	1.714E+00
3300000	1.182E+00
3400000	7.470E-01
3500000	1.538E+00
3600000	8.423E-01
3700000	9.203E-01
3800000	1.013E+00
3900000	1.140E+00
4000000	9.006E-01
4100000	1.010E+00
4200000	8.215E-01
4300000	8.768E-01
4400000	7.513E-01
4500000	1.027E+00
4600000	8.036E-01
4700000	1.068E+00
4800000	1.323E+00
4900000	1.029E+00
5000000	1.551E+00
5100000	7.209E-01
5200000	1.118E+00
5300000	6.768E-01
5400000	7.126E-01
5500000	9.608E-01
5600000	8.338E-01
5700000	9.835E-01
5800000	6.746E-01
5900000	7.457E-01
6000000	1.225E+00
6100000	9.293E-01
6200000	1.094E+00
6300000	9.411E-01
6400000	9.018E-01
6500000	9.901E-01
6600000	1.231E+00
6700000	1.099E+00
6800000	1.004E+00
6900000	1.043E+00
7000000	1.102E+00
7100000	1.150E+00
7200000	9.904E-01
7300000	7.701E-01
7400000	1.110E+00
7500000	8.547E-01
7600000	8.803E-01
7700000	8.925E-01
7800000	1.406E+00
7900000	9.674E-01
8000000	1.038E+00
8100000	9.081E-01
8200000	9.573E-01
8300000	1.209E+00
8400000	1.176E+00
8500000	9.151E-01
8600000	1.096E+00
8700000	1.164E+00
8800000	9.037E-01
8900000	8.381E-01
9000000	7.881E-01
9100000	7.550E-01
9200000	9.001E-01
9300000	8.338E-01
9400000	8.082E-01
9500000	9.260E-01
9600000	7.783E-01
9700000	6.872E-01
9800000	1.232E+00
9900000	1.037E+00
