m_start	m_end	count	relcount
0.000E+00	1.000E-02	4978	9.956E-03
1.000E-02	2.000E-02	4929	9.858E-03
2.000E-02	3.000E-02	4905	9.810E-03
3.000E-02	4.000E-02	4805	9.610E-03
4.000E-02	5.000E-02	4797	9.594E-03
5.000E-02	6.000E-02	4795	9.590E-03
6.000E-02	7.000E-02	4659	9.318E-03
7.000E-02	8.000E-02	4634	9.268E-03
8.000E-02	9.000E-02	4574	9.148E-03
9.000E-02	1.000E-01	4640	9.280E-03
1.000E-01	1.100E-01	4451	8.902E-03
1.100E-01	1.200E-01	4462	8.924E-03
1.200E-01	1.300E-01	4411	8.822E-03
1.300E-01	1.400E-01	4465	8.930E-03
1.400E-01	1.500E-01	4228	8.456E-03
1.500E-01	1.600E-01	4349	8.698E-03
1.600E-01	1.700E-01	4189	8.378E-03
1.700E-01	1.800E-01	4121	8.242E-03
1.800E-01	1.900E-01	4103	8.206E-03
1.900E-01	2.000E-01	4066	8.132E-03
2.000E-01	2.100E-01	4002	8.004E-03
2.100E-01	2.200E-01	4075	8.150E-03
2.200E-01	2.300E-01	3920	7.840E-03
2.300E-01	2.400E-01	3841	7.682E-03
2.400E-01	2.500E-01	3829	7.658E-03
2.500E-01	2.600E-01	3933	7.866E-03
2.600E-01	2.700E-01	3909	7.818E-03
2.700E-01	2.800E-01	3785	7.570E-03
2.800E-01	2.900E-01	3806	7.612E-03
2.900E-01	3.000E-01	3832	7.664E-03
3.000E-01	3.100E-01	3700	7.400E-03
3.100E-01	3.200E-01	3644	7.288E-03
3.200E-01	3.300E-01	3654	7.308E-03
3.300E-01	3.400E-01	3538	7.076E-03
3.400E-01	3.500E-01	3606	7.212E-03
3.500E-01	3.600E-01	3401	6.802E-03
3.600E-01	3.700E-01	3451	6.902E-03
3.700E-01	3.800E-01	3361	6.722E-03
3.800E-01	3.900E-01	3424	6.848E-03
3.900E-01	4.000E-01	3380	6.760E-03
4.000E-01	4.100E-01	3258	6.516E-03
4.100E-01	4.200E-01	3276	6.552E-03
4.200E-01	4.300E-01	3267	6.534E-03
4.300E-01	4.400E-01	3196	6.392E-03
4.400E-01	4.500E-01	3308	6.616E-03
4.500E-01	4.600E-01	3161	6.322E-03
4.600E-01	4.700E-01	3173	6.346E-03
4.700E-01	4.800E-01	3086	6.172E-03
4.800E-01	4.900E-01	3163	6.326E-03
4.900E-01	5.000E-01	2976	5.952E-03
5.000E-01	5.100E-01	2969	5.938E-03
5.100E-01	5.200E-01	3046	6.092E-03
5.200E-01	5.300E-01	2818	5.636E-03
5.300E-01	5.400E-01	2987	5.974E-03
5.400E-01	5.500E-01	2813	5.626E-03
5.500E-01	5.600E-01	2916	5.832E-03
5.600E-01	5.700E-01	2921	5.842E-03
5.700E-01	5.800E-01	2854	5.708E-03
5.800E-01	5.900E-01	2843	5.686E-03
5.900E-01	6.000E-01	2677	5.354E-03
6.000E-01	6.100E-01	2759	5.518E-03
6.100E-01	6.200E-01	2665	5.330E-03
6.200E-01	6.300E-01	2620	5.240E-03
6.300E-01	6.400E-01	2615	5.230E-03
6.400E-01	6.500E-01	2617	5.234E-03
6.500E-01	6.600E-01	2641	5.282E-03
6.600E-01	6.700E-01	2568	5.136E-03
6.700E-01	6.800E-01	2533	5.066E-03
6.800E-01	6.900E-01	2548	5.096E-03
6.900E-01	7.000E-01	2609	5.218E-03
7.000E-01	7.100E-01	2409	4.818E-03
7.100E-01	7.200E-01	2426	4.852E-03
7.200E-01	7.300E-01	2445	4.890E-03
7.300E-01	7.400E-01	2430	4.860E-03
7.400E-01	7.500E-01	2425	4.850E-03
7.500E-01	7.600E-01	2344	4.688E-03
7.600E-01	7.700E-01	2290	4.580E-03
7.700E-01	7.800E-01	2334	4.668E-03
7.800E-01	7.900E-01	2343	4.686E-03
7.900E-01	8.000E-01	2311	4.622E-03
8.000E-01	8.100E-01	2169	4.338E-03
8.100E-01	8.200E-01	2129	4.258E-03
8.200E-01	8.300E-01	2177	4.354E-03
8.300E-01	8.400E-01	2231	4.462E-03
8.400E-01	8.500E-01	2094	4.188E-03
8.500E-01	8.600E-01	2130	4.260E-03
8.600E-01	8.700E-01	2156	4.312E-03
8.700E-01	8.800E-01	2122	4.244E-03
8.800E-01	8.900E-01	2070	4.140E-03
8.900E-01	9.000E-01	2038	4.076E-03
9.000E-01	9.100E-01	1996	3.992E-03
9.100E-01	9.200E-01	1945	3.890E-03
9.200E-01	9.300E-01	1965	3.930E-03
9.300E-01	9.400E-01	1953	3.906E-03
9.400E-01	9.500E-01	1893	3.786E-03
9.500E-01	9.600E-01	1910	3.820E-03
9.600E-01	9.700E-01	1853	3.706E-03
9.700E-01	9.800E-01	1832	3.664E-03
9.800E-01	9.900E-01	1954	3.908E-03
9.900E-01	1.000E+00	1916	3.832E-03
1.000E+00	1.010E+00	1856	3.712E-03
1.010E+00	1.020E+00	1818	3.636E-03
1.020E+00	1.030E+00	1784	3.568E-03
1.030E+00	1.040E+00	1768	3.536E-03
1.040E+00	1.050E+00	1786	3.572E-03
1.050E+00	1.060E+00	1741	3.482E-03
1.060E+00	1.070E+00	1700	3.400E-03
1.070E+00	1.080E+00	1760	3.520E-03
1.080E+00	1.090E+00	1685	3.370E-03
1.090E+00	1.100E+00	1616	3.232E-03
1.100E+00	1.110E+00	1602	3.204E-03
1.110E+00	1.120E+00	1572	3.144E-03
1.120E+00	1.130E+00	1648	3.296E-03
1.130E+00	1.140E+00	1597	3.194E-03
1.140E+00	1.150E+00	1632	3.264E-03
1.150E+00	1.160E+00	1555	3.110E-03
1.160E+00	1.170E+00	1543	3.086E-03
1.170E+00	1.180E+00	1563	3.126E-03
1.180E+00	1.190E+00	1504	3.008E-03
1.190E+00	1.200E+00	1504	3.008E-03
1.200E+00	1.210E+00	1583	3.166E-03
1.210E+00	1.220E+00	1459	2.918E-03
1.220E+00	1.230E+00	1442	2.884E-03
1.230E+00	1.240E+00	1478	2.956E-03
1.240E+00	1.250E+00	1500	3.000E-03
1.250E+00	1.260E+00	1479	2.958E-03
1.260E+00	1.270E+00	1383	2.766E-03
1.270E+00	1.280E+00	1379	2.758E-03
1.280E+00	1.290E+00	1362	2.724E-03
1.290E+00	1.300E+00	1454	2.908E-03
1.300E+00	1.310E+00	1439	2.878E-03
1.310E+00	1.320E+00	1417	2.834E-03
1.320E+00	1.330E+00	1296	2.592E-03
1.330E+00	1.340E+00	1347	2.694E-03
1.340E+00	1.350E+00	1313	2.626E-03
1.350E+00	1.360E+00	1270	2.540E-03
1.360E+00	1.370E+00	1265	2.530E-03
1.370E+00	1.380E+00	1265	2.530E-03
1.380E+00	1.390E+00	1267	2.534E-03
1.390E+00	1.400E+00	1229	2.458E-03
1.400E+00	1.410E+00	1190	2.380E-03
1.410E+00	1.420E+00	1249	2.498E-03
1.420E+00	1.430E+00	1261	2.522E-03
1.430E+00	1.440E+00	1231	2.462E-03
1.440E+00	1.450E+00	1170	2.340E-03
1.450E+00	1.460E+00	1219	2.438E-03
1.460E+00	1.470E+00	1164	2.328E-03
1.470E+00	1.480E+00	1107	2.214E-03
1.480E+00	1.490E+00	1128	2.256E-03
1.490E+00	1.500E+00	1094	2.188E-03
1.500E+00	1.510E+00	1168	2.336E-03
1.510E+00	1.520E+00	1072	2.144E-03
1.520E+00	1.530E+00	1086	2.172E-03
1.530E+00	1.540E+00	1022	2.044E-03
1.540E+00	1.550E+00	1065	2.130E-03
1.550E+00	1.560E+00	1057	2.114E-03
1.560E+00	1.570E+00	1017	2.034E-03
1.570E+00	1.580E+00	1008	2.016E-03
1.580E+00	1.590E+00	1005	2.010E-03
1.590E+00	1.600E+00	1048	2.096E-03
1.600E+00	1.610E+00	1004	2.008E-03
1.610E+00	1.620E+00	1009	2.018E-03
1.620E+00	1.630E+00	945	1.890E-03
1.630E+00	1.640E+00	963	1.926E-03
1.640E+00	1.650E+00	989	1.978E-03
1.650E+00	1.660E+00	1028	2.056E-03
1.660E+00	1.670E+00	890	1.780E-03
1.670E+00	1.680E+00	899	1.798E-03
1.680E+00	1.690E+00	948	1.896E-03
1.690E+00	1.700E+00	932	1.864E-03
1.700E+00	1.710E+00	933	1.866E-03
1.710E+00	1.720E+00	867	1.734E-03
1.720E+00	1.730E+00	876	1.752E-03
1.730E+00	1.740E+00	843	1.686E-03
1.740E+00	1.750E+00	856	1.712E-03
1.750E+00	1.760E+00	828	1.656E-03
1.760E+00	1.770E+00	855	1.710E-03
1.770E+00	1.780E+00	833	1.666E-03
1.780E+00	1.790E+00	872	1.744E-03
1.790E+00	1.800E+00	850	1.700E-03
1.800E+00	1.810E+00	828	1.656E-03
1.810E+00	1.820E+00	816	1.632E-03
1.820E+00	1.830E+00	781	1.562E-03
1.830E+00	1.840E+00	819	1.638E-03
1.840E+00	1.850E+00	780	1.560E-03
1.850E+00	1.860E+00	765	1.530E-03
1.860E+00	1.870E+00	793	1.586E-03
1.870E+00	1.880E+00	744	1.488E-03
1.880E+00	1.890E+00	749	1.498E-03
1.890E+00	1.900E+00	740	1.480E-03
1.900E+00	1.910E+00	745	1.490E-03
1.910E+00	1.920E+00	753	1.506E-03
1.920E+00	1.930E+00	741	1.482E-03
1.930E+00	1.940E+00	717	1.434E-03
1.940E+00	1.950E+00	689	1.378E-03
1.950E+00	1.960E+00	699	1.398E-03
1.960E+00	1.970E+00	636	1.272E-03
1.970E+00	1.980E+00	653	1.306E-03
1.980E+00	1.990E+00	691	1.382E-03
1.990E+00	2.000E+00	661	1.322E-03
2.000E+00	2.010E+00	677	1.354E-03
2.010E+00	2.020E+00	662	1.324E-03
2.020E+00	2.030E+00	711	1.422E-03
2.030E+00	2.040E+00	663	1.326E-03
2.040E+00	2.050E+00	633	1.266E-03
2.050E+00	2.060E+00	659	1.318E-03
2.060E+00	2.070E+00	629	1.258E-03
2.070E+00	2.080E+00	634	1.268E-03
2.080E+00	2.090E+00	673	1.346E-03
2.090E+00	2.100E+00	611	1.222E-03
2.100E+00	2.110E+00	606	1.212E-03
2.110E+00	2.120E+00	599	1.198E-03
2.120E+00	2.130E+00	582	1.164E-03
2.130E+00	2.140E+00	587	1.174E-03
2.140E+00	2.150E+00	580	1.160E-03
2.150E+00	2.160E+00	555	1.110E-03
2.160E+00	2.170E+00	572	1.144E-03
2.170E+00	2.180E+00	577	1.154E-03
2.180E+00	2.190E+00	573	1.146E-03
2.190E+00	2.200E+00	541	1.082E-03
2.200E+00	2.210E+00	539	1.078E-03
2.210E+00	2.220E+00	528	1.056E-03
2.220E+00	2.230E+00	521	1.042E-03
2.230E+00	2.240E+00	543	1.086E-03
2.240E+00	2.250E+00	512	1.024E-03
2.250E+00	2.260E+00	561	1.122E-03
2.260E+00	2.270E+00	548	1.096E-03
2.270E+00	2.280E+00	530	1.060E-03
2.280E+00	2.290E+00	500	1.000E-03
2.290E+00	2.300E+00	541	1.082E-03
2.300E+00	2.310E+00	519	1.038E-03
2.310E+00	2.320E+00	501	1.002E-03
2.320E+00	2.330E+00	520	1.040E-03
2.330E+00	2.340E+00	502	1.004E-03
2.340E+00	2.350E+00	506	1.012E-03
2.350E+00	2.360E+00	505	1.010E-03
2.360E+00	2.370E+00	468	9.360E-04
2.370E+00	2.380E+00	435	8.700E-04
2.380E+00	2.390E+00	434	8.680E-04
2.390E+00	2.400E+00	456	9.120E-04
2.400E+00	2.410E+00	443	8.860E-04
2.410E+00	2.420E+00	450	9.000E-04
2.420E+00	2.430E+00	460	9.200E-04
2.430E+00	2.440E+00	413	8.260E-04
2.440E+00	2.450E+00	455	9.100E-04
2.450E+00	2.460E+00	410	8.200E-04
2.460E+00	2.470E+00	437	8.740E-04
2.470E+00	2.480E+00	420	8.400E-04
2.480E+00	2.490E+00	411	8.220E-04
2.490E+00	2.500E+00	423	8.460E-04
2.500E+00	2.510E+00	415	8.300E-04
2.510E+00	2.520E+00	405	8.100E-04
2.520E+00	2.530E+00	387	7.740E-04
2.530E+00	2.540E+00	383	7.660E-04
2.540E+00	2.550E+00	411	8.220E-04
2.550E+00	2.560E+00	409	8.180E-04
2.560E+00	2.570E+00	373	7.460E-04
2.570E+00	2.580E+00	372	7.440E-04
2.580E+00	2.590E+00	379	7.580E-04
2.590E+00	2.600E+00	362	7.240E-04
2.600E+00	2.610E+00	356	7.120E-04
2.610E+00	2.620E+00	411	8.220E-04
2.620E+00	2.630E+00	383	7.660E-04
2.630E+00	2.640E+00	338	6.760E-04
2.640E+00	2.650E+00	398	7.960E-04
2.650E+00	2.660E+00	350	7.000E-04
2.660E+00	2.670E+00	341	6.820E-04
2.670E+00	2.680E+00	352	7.040E-04
2.680E+00	2.690E+00	334	6.680E-04
2.690E+00	2.700E+00	340	6.800E-04
2.700E+00	2.710E+00	350	7.000E-04
2.710E+00	2.720E+00	343	6.860E-04
2.720E+00	2.730E+00	351	7.020E-04
2.730E+00	2.740E+00	329	6.580E-04
2.740E+00	2.750E+00	345	6.900E-04
2.750E+00	2.760E+00	290	5.800E-04
2.760E+00	2.770E+00	333	6.660E-04
2.770E+00	2.780E+00	291	5.820E-04
2.780E+00	2.790E+00	306	6.120E-04
2.790E+00	2.800E+00	312	6.240E-04
2.800E+00	2.810E+00	318	6.360E-04
2.810E+00	2.820E+00	313	6.260E-04
2.820E+00	2.830E+00	336	6.720E-04
2.830E+00	2.840E+00	283	5.660E-04
2.840E+00	2.850E+00	291	5.820E-04
2.850E+00	2.860E+00	286	5.720E-04
2.860E+00	2.870E+00	302	6.040E-04
2.870E+00	2.880E+00	268	5.360E-04
2.880E+00	2.890E+00	291	5.820E-04
2.890E+00	2.900E+00	296	5.920E-04
2.900E+00	2.910E+00	268	5.360E-04
2.910E+00	2.920E+00	260	5.200E-04
2.920E+00	2.930E+00	278	5.560E-04
2.930E+00	2.940E+00	264	5.280E-04
2.940E+00	2.950E+00	283	5.660E-04
2.950E+00	2.960E+00	267	5.340E-04
2.960E+00	2.970E+00	250	5.000E-04
2.970E+00	2.980E+00	226	4.520E-04
2.980E+00	2.990E+00	249	4.980E-04
2.990E+00	3.000E+00	243	4.860E-04
3.000E+00	3.010E+00	267	5.340E-04
3.010E+00	3.020E+00	231	4.620E-04
3.020E+00	3.030E+00	216	4.320E-04
3.030E+00	3.040E+00	266	5.320E-04
3.040E+00	3.050E+00	238	4.760E-04
3.050E+00	3.060E+00	234	4.680E-04
3.060E+00	3.070E+00	233	4.660E-04
3.070E+00	3.080E+00	220	4.400E-04
3.080E+00	3.090E+00	252	5.040E-04
3.090E+00	3.100E+00	228	4.560E-04
3.100E+00	3.110E+00	232	4.640E-04
3.110E+00	3.120E+00	244	4.880E-04
3.120E+00	3.130E+00	221	4.420E-04
3.130E+00	3.140E+00	194	3.880E-04
3.140E+00	3.150E+00	228	4.560E-04
3.150E+00	3.160E+00	192	3.840E-04
3.160E+00	3.170E+00	211	4.220E-04
3.170E+00	3.180E+00	192	3.840E-04
3.180E+00	3.190E+00	214	4.280E-04
3.190E+00	3.200E+00	189	3.780E-04
3.200E+00	3.210E+00	209	4.180E-04
3.210E+00	3.220E+00	214	4.280E-04
3.220E+00	3.230E+00	220	4.400E-04
3.230E+00	3.240E+00	189	3.780E-04
3.240E+00	3.250E+00	206	4.120E-04
3.250E+00	3.260E+00	186	3.720E-04
3.260E+00	3.270E+00	183	3.660E-04
3.270E+00	3.280E+00	194	3.880E-04
3.280E+00	3.290E+00	215	4.300E-04
3.290E+00	3.300E+00	178	3.560E-04
3.300E+00	3.310E+00	180	3.600E-04
3.310E+00	3.320E+00	152	3.040E-04
3.320E+00	3.330E+00	169	3.380E-04
3.330E+00	3.340E+00	172	3.440E-04
3.340E+00	3.350E+00	164	3.280E-04
3.350E+00	3.360E+00	174	3.480E-04
3.360E+00	3.370E+00	192	3.840E-04
3.370E+00	3.380E+00	189	3.780E-04
3.380E+00	3.390E+00	172	3.440E-04
3.390E+00	3.400E+00	151	3.020E-04
3.400E+00	3.410E+00	160	3.200E-04
3.410E+00	3.420E+00	185	3.700E-04
3.420E+00	3.430E+00	148	2.960E-04
3.430E+00	3.440E+00	158	3.160E-04
3.440E+00	3.450E+00	170	3.400E-04
3.450E+00	3.460E+00	133	2.660E-04
3.460E+00	3.470E+00	166	3.320E-04
3.470E+00	3.480E+00	154	3.080E-04
3.480E+00	3.490E+00	183	3.660E-04
3.490E+00	3.500E+00	138	2.760E-04
3.500E+00	3.510E+00	157	3.140E-04
3.510E+00	3.520E+00	154	3.080E-04
3.520E+00	3.530E+00	123	2.460E-04
3.530E+00	3.540E+00	148	2.960E-04
3.540E+00	3.550E+00	154	3.080E-04
3.550E+00	3.560E+00	138	2.760E-04
3.560E+00	3.570E+00	172	3.440E-04
3.570E+00	3.580E+00	116	2.320E-04
3.580E+00	3.590E+00	136	2.720E-04
3.590E+00	3.600E+00	139	2.780E-04
3.600E+00	3.610E+00	119	2.380E-04
3.610E+00	3.620E+00	131	2.620E-04
3.620E+00	3.630E+00	121	2.420E-04
3.630E+00	3.640E+00	138	2.760E-04
3.640E+00	3.650E+00	141	2.820E-04
3.650E+00	3.660E+00	148	2.960E-04
3.660E+00	3.670E+00	123	2.460E-04
3.670E+00	3.680E+00	129	2.580E-04
3.680E+00	3.690E+00	125	2.500E-04
3.690E+00	3.700E+00	130	2.600E-04
3.700E+00	3.710E+00	114	2.280E-04
3.710E+00	3.720E+00	137	2.740E-04
3.720E+00	3.730E+00	118	2.360E-04
3.730E+00	3.740E+00	130	2.600E-04
3.740E+00	3.750E+00	113	2.260E-04
3.750E+00	3.760E+00	127	2.540E-04
3.760E+00	3.770E+00	119	2.380E-04
3.770E+00	3.780E+00	122	2.440E-04
3.780E+00	3.790E+00	123	2.460E-04
3.790E+00	3.800E+00	126	2.520E-04
3.800E+00	3.810E+00	109	2.180E-04
3.810E+00	3.820E+00	113	2.260E-04
3.820E+00	3.830E+00	101	2.020E-04
3.830E+00	3.840E+00	119	2.380E-04
3.840E+00	3.850E+00	105	2.100E-04
3.850E+00	3.860E+00	111	2.220E-04
3.860E+00	3.870E+00	87	1.740E-04
3.870E+00	3.880E+00	106	2.120E-04
3.880E+00	3.890E+00	113	2.260E-04
3.890E+00	3.900E+00	82	1.640E-04
3.900E+00	3.910E+00	96	1.920E-04
3.910E+00	3.920E+00	96	1.920E-04
3.920E+00	3.930E+00	76	1.520E-04
3.930E+00	3.940E+00	89	1.780E-04
3.940E+00	3.950E+00	106	2.120E-04
3.950E+00	3.960E+00	78	1.560E-04
3.960E+00	3.970E+00	91	1.820E-04
3.970E+00	3.980E+00	83	1.660E-04
3.980E+00	3.990E+00	96	1.920E-04
3.990E+00	4.000E+00	93	1.860E-04
4.000E+00	4.010E+00	83	1.660E-04
4.010E+00	4.020E+00	90	1.800E-04
4.020E+00	4.030E+00	90	1.800E-04
4.030E+00	4.040E+00	88	1.760E-04
4.040E+00	4.050E+00	85	1.700E-04
4.050E+00	4.060E+00	89	1.780E-04
4.060E+00	4.070E+00	80	1.600E-04
4.070E+00	4.080E+00	87	1.740E-04
4.080E+00	4.090E+00	84	1.680E-04
4.090E+00	4.100E+00	87	1.740E-04
4.100E+00	4.110E+00	78	1.560E-04
4.110E+00	4.120E+00	90	1.800E-04
4.120E+00	4.130E+00	60	1.200E-04
4.130E+00	4.140E+00	73	1.460E-04
4.140E+00	4.150E+00	97	1.940E-04
4.150E+00	4.160E+00	73	1.460E-04
4.160E+00	4.170E+00	72	1.440E-04
4.170E+00	4.180E+00	72	1.440E-04
4.180E+00	4.190E+00	73	1.460E-04
4.190E+00	4.200E+00	86	1.720E-04
4.200E+00	4.210E+00	80	1.600E-04
4.210E+00	4.220E+00	76	1.520E-04
4.220E+00	4.230E+00	70	1.400E-04
4.230E+00	4.240E+00	77	1.540E-04
4.240E+00	4.250E+00	67	1.340E-04
4.250E+00	4.260E+00	64	1.280E-04
4.260E+00	4.270E+00	63	1.260E-04
4.270E+00	4.280E+00	79	1.580E-04
4.280E+00	4.290E+00	62	1.240E-04
4.290E+00	4.300E+00	75	1.500E-04
4.300E+00	4.310E+00	51	1.020E-04
4.310E+00	4.320E+00	72	1.440E-04
4.320E+00	4.330E+00	43	8.600E-05
4.330E+00	4.340E+00	68	1.360E-04
4.340E+00	4.350E+00	65	1.300E-04
4.350E+00	4.360E+00	61	1.220E-04
4.360E+00	4.370E+00	65	1.300E-04
4.370E+00	4.380E+00	56	1.120E-04
4.380E+00	4.390E+00	64	1.280E-04
4.390E+00	4.400E+00	73	1.460E-04
4.400E+00	4.410E+00	59	1.180E-04
4.410E+00	4.420E+00	56	1.120E-04
4.420E+00	4.430E+00	55	1.100E-04
4.430E+00	4.440E+00	58	1.160E-04
4.440E+00	4.450E+00	56	1.120E-04
4.450E+00	4.460E+00	74	1.480E-04
4.460E+00	4.470E+00	58	1.160E-04
4.470E+00	4.480E+00	68	1.360E-04
4.480E+00	4.490E+00	63	1.260E-04
4.490E+00	4.500E+00	47	9.400E-05
4.500E+00	4.510E+00	54	1.080E-04
4.510E+00	4.520E+00	48	9.600E-05
4.520E+00	4.530E+00	47	9.400E-05
4.530E+00	4.540E+00	63	1.260E-04
4.540E+00	4.550E+00	56	1.120E-04
4.550E+00	4.560E+00	58	1.160E-04
4.560E+00	4.570E+00	52	1.040E-04
4.570E+00	4.580E+00	49	9.800E-05
4.580E+00	4.590E+00	60	1.200E-04
4.590E+00	4.600E+00	50	1.000E-04
4.600E+00	4.610E+00	48	9.600E-05
4.610E+00	4.620E+00	54	1.080E-04
4.620E+00	4.630E+00	65	1.300E-04
4.630E+00	4.640E+00	56	1.120E-04
4.640E+00	4.650E+00	39	7.800E-05
4.650E+00	4.660E+00	47	9.400E-05
4.660E+00	4.670E+00	46	9.200E-05
4.670E+00	4.680E+00	54	1.080E-04
4.680E+00	4.690E+00	37	7.400E-05
4.690E+00	4.700E+00	39	7.800E-05
4.700E+00	4.710E+00	42	8.400E-05
4.710E+00	4.720E+00	45	9.000E-05
4.720E+00	4.730E+00	48	9.600E-05
4.730E+00	4.740E+00	38	7.600E-05
4.740E+00	4.750E+00	33	6.600E-05
4.750E+00	4.760E+00	42	8.400E-05
4.760E+00	4.770E+00	40	8.000E-05
4.770E+00	4.780E+00	36	7.200E-05
4.780E+00	4.790E+00	39	7.800E-05
4.790E+00	4.800E+00	40	8.000E-05
4.800E+00	4.810E+00	42	8.400E-05
4.810E+00	4.820E+00	31	6.200E-05
4.820E+00	4.830E+00	41	8.200E-05
4.830E+00	4.840E+00	42	8.400E-05
4.840E+00	4.850E+00	48	9.600E-05
4.850E+00	4.860E+00	27	5.400E-05
4.860E+00	4.870E+00	42	8.400E-05
4.870E+00	4.880E+00	41	8.200E-05
4.880E+00	4.890E+00	43	8.600E-05
4.890E+00	4.900E+00	26	5.200E-05
4.900E+00	4.910E+00	48	9.600E-05
4.910E+00	4.920E+00	44	8.800E-05
4.920E+00	4.930E+00	37	7.400E-05
4.930E+00	4.940E+00	33	6.600E-05
4.940E+00	4.950E+00	32	6.400E-05
4.950E+00	4.960E+00	26	5.200E-05
4.960E+00	4.970E+00	37	7.400E-05
4.970E+00	4.980E+00	34	6.800E-05
4.980E+00	4.990E+00	34	6.800E-05
4.990E+00	5.000E+00	47	9.400E-05
5.000E+00	5.010E+00	42	8.400E-05
5.010E+00	5.020E+00	33	6.600E-05
5.020E+00	5.030E+00	32	6.400E-05
5.030E+00	5.040E+00	29	5.800E-05
5.040E+00	5.050E+00	48	9.600E-05
5.050E+00	5.060E+00	36	7.200E-05
5.060E+00	5.070E+00	31	6.200E-05
5.070E+00	5.080E+00	33	6.600E-05
5.080E+00	5.090E+00	33	6.600E-05
5.090E+00	5.100E+00	27	5.400E-05
5.100E+00	5.110E+00	32	6.400E-05
5.110E+00	5.120E+00	26	5.200E-05
5.120E+00	5.130E+00	33	6.600E-05
5.130E+00	5.140E+00	36	7.200E-05
5.140E+00	5.150E+00	33	6.600E-05
5.150E+00	5.160E+00	35	7.000E-05
5.160E+00	5.170E+00	29	5.800E-05
5.170E+00	5.180E+00	34	6.800E-05
5.180E+00	5.190E+00	36	7.200E-05
5.190E+00	5.200E+00	18	3.600E-05
5.200E+00	5.210E+00	20	4.000E-05
5.210E+00	5.220E+00	22	4.400E-05
5.220E+00	5.230E+00	23	4.600E-05
5.230E+00	5.240E+00	30	6.000E-05
5.240E+00	5.250E+00	27	5.400E-05
5.250E+00	5.260E+00	35	7.000E-05
5.260E+00	5.270E+00	20	4.000E-05
5.270E+00	5.280E+00	20	4.000E-05
5.280E+00	5.290E+00	25	5.000E-05
5.290E+00	5.300E+00	28	5.600E-05
5.300E+00	5.310E+00	26	5.200E-05
5.310E+00	5.320E+00	15	3.000E-05
5.320E+00	5.330E+00	24	4.800E-05
5.330E+00	5.340E+00	22	4.400E-05
5.340E+00	5.350E+00	33	6.600E-05
5.350E+00	5.360E+00	23	4.600E-05
5.360E+00	5.370E+00	20	4.000E-05
5.370E+00	5.380E+00	21	4.200E-05
5.380E+00	5.390E+00	31	6.200E-05
5.390E+00	5.400E+00	25	5.000E-05
5.400E+00	5.410E+00	15	3.000E-05
5.410E+00	5.420E+00	15	3.000E-05
5.420E+00	5.430E+00	18	3.600E-05
5.430E+00	5.440E+00	19	3.800E-05
5.440E+00	5.450E+00	30	6.000E-05
5.450E+00	5.460E+00	19	3.800E-05
5.460E+00	5.470E+00	23	4.600E-05
5.470E+00	5.480E+00	24	4.800E-05
5.480E+00	5.490E+00	20	4.000E-05
5.490E+00	5.500E+00	25	5.000E-05
5.500E+00	5.510E+00	16	3.200E-05
5.510E+00	5.520E+00	18	3.600E-05
5.520E+00	5.530E+00	18	3.600E-05
5.530E+00	5.540E+00	12	2.400E-05
5.540E+00	5.550E+00	16	3.200E-05
5.550E+00	5.560E+00	30	6.000E-05
5.560E+00	5.570E+00	16	3.200E-05
5.570E+00	5.580E+00	14	2.800E-05
5.580E+00	5.590E+00	18	3.600E-05
5.590E+00	5.600E+00	24	4.800E-05
5.600E+00	5.610E+00	18	3.600E-05
5.610E+00	5.620E+00	14	2.800E-05
5.620E+00	5.630E+00	17	3.400E-05
5.630E+00	5.640E+00	20	4.000E-05
5.640E+00	5.650E+00	25	5.000E-05
5.650E+00	5.660E+00	19	3.800E-05
5.660E+00	5.670E+00	20	4.000E-05
5.670E+00	5.680E+00	17	3.400E-05
5.680E+00	5.690E+00	9	1.800E-05
5.690E+00	5.700E+00	16	3.200E-05
5.700E+00	5.710E+00	19	3.800E-05
5.710E+00	5.720E+00	19	3.800E-05
5.720E+00	5.730E+00	18	3.600E-05
5.730E+00	5.740E+00	16	3.200E-05
5.740E+00	5.750E+00	14	2.800E-05
5.750E+00	5.760E+00	20	4.000E-05
5.760E+00	5.770E+00	13	2.600E-05
5.770E+00	5.780E+00	13	2.600E-05
5.780E+00	5.790E+00	13	2.600E-05
5.790E+00	5.800E+00	12	2.400E-05
5.800E+00	5.810E+00	11	2.200E-05
5.810E+00	5.820E+00	18	3.600E-05
5.820E+00	5.830E+00	16	3.200E-05
5.830E+00	5.840E+00	15	3.000E-05
5.840E+00	5.850E+00	11	2.200E-05
5.850E+00	5.860E+00	16	3.200E-05
5.860E+00	5.870E+00	17	3.400E-05
5.870E+00	5.880E+00	13	2.600E-05
5.880E+00	5.890E+00	12	2.400E-05
5.890E+00	5.900E+00	17	3.400E-05
5.900E+00	5.910E+00	18	3.600E-05
5.910E+00	5.920E+00	16	3.200E-05
5.920E+00	5.930E+00	16	3.200E-05
5.930E+00	5.940E+00	14	2.800E-05
5.940E+00	5.950E+00	15	3.000E-05
5.950E+00	5.960E+00	13	2.600E-05
5.960E+00	5.970E+00	11	2.200E-05
5.970E+00	5.980E+00	15	3.000E-05
5.980E+00	5.990E+00	9	1.800E-05
5.990E+00	6.000E+00	9	1.800E-05
6.000E+00	6.010E+00	9	1.800E-05
6.010E+00	6.020E+00	12	2.400E-05
6.020E+00	6.030E+00	19	3.800E-05
6.030E+00	6.040E+00	10	2.000E-05
6.040E+00	6.050E+00	12	2.400E-05
6.050E+00	6.060E+00	14	2.800E-05
6.060E+00	6.070E+00	16	3.200E-05
6.070E+00	6.080E+00	14	2.800E-05
6.080E+00	6.090E+00	12	2.400E-05
6.090E+00	6.100E+00	15	3.000E-05
6.100E+00	6.110E+00	15	3.000E-05
6.110E+00	6.120E+00	15	3.000E-05
6.120E+00	6.130E+00	5	1.000E-05
6.130E+00	6.140E+00	5	1.000E-05
6.140E+00	6.150E+00	13	2.600E-05
6.150E+00	6.160E+00	6	1.200E-05
6.160E+00	6.170E+00	11	2.200E-05
6.170E+00	6.180E+00	8	1.600E-05
6.180E+00	6.190E+00	8	1.600E-05
6.190E+00	6.200E+00	6	1.200E-05
6.200E+00	6.210E+00	11	2.200E-05
6.210E+00	6.220E+00	10	2.000E-05
6.220E+00	6.230E+00	10	2.000E-05
6.230E+00	6.240E+00	12	2.400E-05
6.240E+00	6.250E+00	7	1.400E-05
6.250E+00	6.260E+00	9	1.800E-05
6.260E+00	6.270E+00	7	1.400E-05
6.270E+00	6.280E+00	5	1.000E-05
6.280E+00	6.290E+00	6	1.200E-05
6.290E+00	6.300E+00	9	1.800E-05
6.300E+00	6.310E+00	3	6.000E-06
6.310E+00	6.320E+00	5	1.000E-05
6.320E+00	6.330E+00	9	1.800E-05
6.330E+00	6.340E+00	17	3.400E-05
6.340E+00	6.350E+00	10	2.000E-05
6.350E+00	6.360E+00	9	1.800E-05
6.360E+00	6.370E+00	9	1.800E-05
6.370E+00	6.380E+00	8	1.600E-05
6.380E+00	6.390E+00	5	1.000E-05
6.390E+00	6.400E+00	6	1.200E-05
6.400E+00	6.410E+00	10	2.000E-05
6.410E+00	6.420E+00	12	2.400E-05
6.420E+00	6.430E+00	5	1.000E-05
6.430E+00	6.440E+00	8	1.600E-05
6.440E+00	6.450E+00	5	1.000E-05
6.450E+00	6.460E+00	15	3.000E-05
6.460E+00	6.470E+00	11	2.200E-05
6.470E+00	6.480E+00	7	1.400E-05
6.480E+00	6.490E+00	8	1.600E-05
6.490E+00	6.500E+00	7	1.400E-05
6.500E+00	6.510E+00	8	1.600E-05
6.510E+00	6.520E+00	3	6.000E-06
6.520E+00	6.530E+00	4	8.000E-06
6.530E+00	6.540E+00	9	1.800E-05
6.540E+00	6.550E+00	10	2.000E-05
6.550E+00	6.560E+00	7	1.400E-05
6.560E+00	6.570E+00	6	1.200E-05
6.570E+00	6.580E+00	4	8.000E-06
6.580E+00	6.590E+00	7	1.400E-05
6.590E+00	6.600E+00	3	6.000E-06
6.600E+00	6.610E+00	9	1.800E-05
6.610E+00	6.620E+00	6	1.200E-05
6.620E+00	6.630E+00	7	1.400E-05
6.630E+00	6.640E+00	7	1.400E-05
6.640E+00	6.650E+00	5	1.000E-05
6.650E+00	6.660E+00	3	6.000E-06
6.660E+00	6.670E+00	2	4.000E-06
6.670E+00	6.680E+00	7	1.400E-05
6.680E+00	6.690E+00	10	2.000E-05
6.690E+00	6.700E+00	6	1.200E-05
6.700E+00	6.710E+00	9	1.800E-05
6.710E+00	6.720E+00	6	1.200E-05
6.720E+00	6.730E+00	3	6.000E-06
6.730E+00	6.740E+00	5	1.000E-05
6.740E+00	6.750E+00	2	4.000E-06
6.750E+00	6.760E+00	6	1.200E-05
6.760E+00	6.770E+00	3	6.000E-06
6.770E+00	6.780E+00	10	2.000E-05
6.780E+00	6.790E+00	11	2.200E-05
6.790E+00	6.800E+00	9	1.800E-05
6.800E+00	6.810E+00	4	8.000E-06
6.810E+00	6.820E+00	1	2.000E-06
6.820E+00	6.830E+00	6	1.200E-05
6.830E+00	6.840E+00	5	1.000E-05
6.840E+00	6.850E+00	3	6.000E-06
6.850E+00	6.860E+00	3	6.000E-06
6.860E+00	6.870E+00	10	2.000E-05
6.870E+00	6.880E+00	5	1.000E-05
6.880E+00	6.890E+00	3	6.000E-06
6.890E+00	6.900E+00	7	1.400E-05
6.900E+00	6.910E+00	7	1.400E-05
6.910E+00	6.920E+00	5	1.000E-05
6.920E+00	6.930E+00	4	8.000E-06
6.930E+00	6.940E+00	5	1.000E-05
6.940E+00	6.950E+00	4	8.000E-06
6.950E+00	6.960E+00	7	1.400E-05
6.960E+00	6.970E+00	4	8.000E-06
6.970E+00	6.980E+00	5	1.000E-05
6.980E+00	6.990E+00	8	1.600E-05
6.990E+00	7.000E+00	4	8.000E-06
7.000E+00	7.010E+00	3	6.000E-06
7.010E+00	7.020E+00	5	1.000E-05
7.020E+00	7.030E+00	3	6.000E-06
7.030E+00	7.040E+00	2	4.000E-06
7.040E+00	7.050E+00	1	2.000E-06
7.050E+00	7.060E+00	4	8.000E-06
7.060E+00	7.070E+00	3	6.000E-06
7.070E+00	7.080E+00	4	8.000E-06
7.080E+00	7.090E+00	6	1.200E-05
7.090E+00	7.100E+00	5	1.000E-05
7.100E+00	7.110E+00	6	1.200E-05
7.110E+00	7.120E+00	6	1.200E-05
7.120E+00	7.130E+00	5	1.000E-05
7.130E+00	7.140E+00	4	8.000E-06
7.140E+00	7.150E+00	0	0.000E+00
7.150E+00	7.160E+00	4	8.000E-06
7.160E+00	7.170E+00	1	2.000E-06
7.170E+00	7.180E+00	3	6.000E-06
7.180E+00	7.190E+00	6	1.200E-05
7.190E+00	7.200E+00	3	6.000E-06
7.200E+00	7.210E+00	5	1.000E-05
7.210E+00	7.220E+00	3	6.000E-06
7.220E+00	7.230E+00	2	4.000E-06
7.230E+00	7.240E+00	6	1.200E-05
7.240E+00	7.250E+00	2	4.000E-06
7.250E+00	7.260E+00	4	8.000E-06
7.260E+00	7.270E+00	1	2.000E-06
7.270E+00	7.280E+00	2	4.000E-06
7.280E+00	7.290E+00	3	6.000E-06
7.290E+00	7.300E+00	5	1.000E-05
7.300E+00	7.310E+00	1	2.000E-06
7.310E+00	7.320E+00	1	2.000E-06
7.320E+00	7.330E+00	2	4.000E-06
7.330E+00	7.340E+00	5	1.000E-05
7.340E+00	7.350E+00	8	1.600E-05
7.350E+00	7.360E+00	6	1.200E-05
7.360E+00	7.370E+00	4	8.000E-06
7.370E+00	7.380E+00	1	2.000E-06
7.380E+00	7.390E+00	5	1.000E-05
7.390E+00	7.400E+00	1	2.000E-06
7.400E+00	7.410E+00	0	0.000E+00
7.410E+00	7.420E+00	2	4.000E-06
7.420E+00	7.430E+00	3	6.000E-06
7.430E+00	7.440E+00	3	6.000E-06
7.440E+00	7.450E+00	2	4.000E-06
7.450E+00	7.460E+00	1	2.000E-06
7.460E+00	7.470E+00	5	1.000E-05
7.470E+00	7.480E+00	4	8.000E-06
7.480E+00	7.490E+00	3	6.000E-06
7.490E+00	7.500E+00	4	8.000E-06
7.500E+00	7.510E+00	0	0.000E+00
7.510E+00	7.520E+00	2	4.000E-06
7.520E+00	7.530E+00	2	4.000E-06
7.530E+00	7.540E+00	2	4.000E-06
7.540E+00	7.550E+00	0	0.000E+00
7.550E+00	7.560E+00	1	2.000E-06
7.560E+00	7.570E+00	0	0.000E+00
7.570E+00	7.580E+00	3	6.000E-06
7.580E+00	7.590E+00	3	6.000E-06
7.590E+00	7.600E+00	4	8.000E-06
7.600E+00	7.610E+00	3	6.000E-06
7.610E+00	7.620E+00	2	4.000E-06
7.620E+00	7.630E+00	3	6.000E-06
7.630E+00	7.640E+00	1	2.000E-06
7.640E+00	7.650E+00	4	8.000E-06
7.650E+00	7.660E+00	1	2.000E-06
7.660E+00	7.670E+00	1	2.000E-06
7.670E+00	7.680E+00	2	4.000E-06
7.680E+00	7.690E+00	1	2.000E-06
7.690E+00	7.700E+00	2	4.000E-06
7.700E+00	7.710E+00	1	2.000E-06
7.710E+00	7.720E+00	2	4.000E-06
7.720E+00	7.730E+00	4	8.000E-06
7.730E+00	7.740E+00	1	2.000E-06
7.740E+00	7.750E+00	0	0.000E+00
7.750E+00	7.760E+00	1	2.000E-06
7.760E+00	7.770E+00	2	4.000E-06
7.770E+00	7.780E+00	4	8.000E-06
7.780E+00	7.790E+00	2	4.000E-06
7.790E+00	7.800E+00	1	2.000E-06
7.800E+00	7.810E+00	0	0.000E+00
7.810E+00	7.820E+00	3	6.000E-06
7.820E+00	7.830E+00	1	2.000E-06
7.830E+00	7.840E+00	2	4.000E-06
7.840E+00	7.850E+00	3	6.000E-06
7.850E+00	7.860E+00	0	0.000E+00
7.860E+00	7.870E+00	0	0.000E+00
7.870E+00	7.880E+00	3	6.000E-06
7.880E+00	7.890E+00	2	4.000E-06
7.890E+00	7.900E+00	3	6.000E-06
7.900E+00	7.910E+00	0	0.000E+00
7.910E+00	7.920E+00	3	6.000E-06
7.920E+00	7.930E+00	0	0.000E+00
7.930E+00	7.940E+00	1	2.000E-06
7.940E+00	7.950E+00	2	4.000E-06
7.950E+00	7.960E+00	4	8.000E-06
7.960E+00	7.970E+00	0	0.000E+00
7.970E+00	7.980E+00	0	0.000E+00
7.980E+00	7.990E+00	0	0.000E+00
7.990E+00	8.000E+00	1	2.000E-06
8.000E+00	8.010E+00	1	2.000E-06
8.010E+00	8.020E+00	2	4.000E-06
8.020E+00	8.030E+00	0	0.000E+00
8.030E+00	8.040E+00	2	4.000E-06
8.040E+00	8.050E+00	4	8.000E-06
8.050E+00	8.060E+00	0	0.000E+00
8.060E+00	8.070E+00	1	2.000E-06
8.070E+00	8.080E+00	0	0.000E+00
8.080E+00	8.090E+00	2	4.000E-06
8.090E+00	8.100E+00	3	6.000E-06
8.100E+00	8.110E+00	2	4.000E-06
8.110E+00	8.120E+00	0	0.000E+00
8.120E+00	8.130E+00	0	0.000E+00
8.130E+00	8.140E+00	3	6.000E-06
8.140E+00	8.150E+00	0	0.000E+00
8.150E+00	8.160E+00	1	2.000E-06
8.160E+00	8.170E+00	0	0.000E+00
8.170E+00	8.180E+00	0	0.000E+00
8.180E+00	8.190E+00	4	8.000E-06
8.190E+00	8.200E+00	1	2.000E-06
8.200E+00	8.210E+00	6	1.200E-05
8.210E+00	8.220E+00	4	8.000E-06
8.220E+00	8.230E+00	1	2.000E-06
8.230E+00	8.240E+00	3	6.000E-06
8.240E+00	8.250E+00	2	4.000E-06
8.250E+00	8.260E+00	2	4.000E-06
8.260E+00	8.270E+00	0	0.000E+00
8.270E+00	8.280E+00	1	2.000E-06
8.280E+00	8.290E+00	2	4.000E-06
8.290E+00	8.300E+00	3	6.000E-06
8.300E+00	8.310E+00	1	2.000E-06
8.310E+00	8.320E+00	1	2.000E-06
8.320E+00	8.330E+00	2	4.000E-06
8.330E+00	8.340E+00	1	2.000E-06
8.340E+00	8.350E+00	0	0.000E+00
8.350E+00	8.360E+00	3	6.000E-06
8.360E+00	8.370E+00	1	2.000E-06
8.370E+00	8.380E+00	2	4.000E-06
8.380E+00	8.390E+00	1	2.000E-06
8.390E+00	8.400E+00	3	6.000E-06
8.400E+00	8.410E+00	1	2.000E-06
8.410E+00	8.420E+00	0	0.000E+00
8.420E+00	8.430E+00	2	4.000E-06
8.430E+00	8.440E+00	1	2.000E-06
8.440E+00	8.450E+00	0	0.000E+00
8.450E+00	8.460E+00	0	0.000E+00
8.460E+00	8.470E+00	0	0.000E+00
8.470E+00	8.480E+00	1	2.000E-06
8.480E+00	8.490E+00	1	2.000E-06
8.490E+00	8.500E+00	1	2.000E-06
8.500E+00	8.510E+00	1	2.000E-06
8.510E+00	8.520E+00	0	0.000E+00
8.520E+00	8.530E+00	2	4.000E-06
8.530E+00	8.540E+00	3	6.000E-06
8.540E+00	8.550E+00	1	2.000E-06
8.550E+00	8.560E+00	1	2.000E-06
8.560E+00	8.570E+00	0	0.000E+00
8.570E+00	8.580E+00	0	0.000E+00
8.580E+00	8.590E+00	1	2.000E-06
8.590E+00	8.600E+00	1	2.000E-06
8.600E+00	8.610E+00	1	2.000E-06
8.610E+00	8.620E+00	1	2.000E-06
8.620E+00	8.630E+00	1	2.000E-06
8.630E+00	8.640E+00	0	0.000E+00
8.640E+00	8.650E+00	0	0.000E+00
8.650E+00	8.660E+00	2	4.000E-06
8.660E+00	8.670E+00	2	4.000E-06
8.670E+00	8.680E+00	0	0.000E+00
8.680E+00	8.690E+00	0	0.000E+00
8.690E+00	8.700E+00	0	0.000E+00
8.700E+00	8.710E+00	0	0.000E+00
8.710E+00	8.720E+00	0	0.000E+00
8.720E+00	8.730E+00	0	0.000E+00
8.730E+00	8.740E+00	0	0.000E+00
8.740E+00	8.750E+00	1	2.000E-06
8.750E+00	8.760E+00	2	4.000E-06
8.760E+00	8.770E+00	1	2.000E-06
8.770E+00	8.780E+00	0	0.000E+00
8.780E+00	8.790E+00	0	0.000E+00
8.790E+00	8.800E+00	2	4.000E-06
8.800E+00	8.810E+00	0	0.000E+00
8.810E+00	8.820E+00	0	0.000E+00
8.820E+00	8.830E+00	0	0.000E+00
8.830E+00	8.840E+00	1	2.000E-06
8.840E+00	8.850E+00	1	2.000E-06
8.850E+00	8.860E+00	1	2.000E-06
8.860E+00	8.870E+00	1	2.000E-06
8.870E+00	8.880E+00	0	0.000E+00
8.880E+00	8.890E+00	0	0.000E+00
8.890E+00	8.900E+00	0	0.000E+00
8.900E+00	8.910E+00	0	0.000E+00
8.910E+00	8.920E+00	3	6.000E-06
8.920E+00	8.930E+00	0	0.000E+00
8.930E+00	8.940E+00	0	0.000E+00
8.940E+00	8.950E+00	0	0.000E+00
8.950E+00	8.960E+00	1	2.000E-06
8.960E+00	8.970E+00	0	0.000E+00
8.970E+00	8.980E+00	1	2.000E-06
8.980E+00	8.990E+00	0	0.000E+00
8.990E+00	9.000E+00	0	0.000E+00
9.000E+00	9.010E+00	1	2.000E-06
9.010E+00	9.020E+00	1	2.000E-06
9.020E+00	9.030E+00	0	0.000E+00
9.030E+00	9.040E+00	0	0.000E+00
9.040E+00	9.050E+00	0	0.000E+00
9.050E+00	9.060E+00	1	2.000E-06
9.060E+00	9.070E+00	0	0.000E+00
9.070E+00	9.080E+00	2	4.000E-06
9.080E+00	9.090E+00	0	0.000E+00
9.090E+00	9.100E+00	3	6.000E-06
9.100E+00	9.110E+00	2	4.000E-06
9.110E+00	9.120E+00	0	0.000E+00
9.120E+00	9.130E+00	0	0.000E+00
9.130E+00	9.140E+00	1	2.000E-06
9.140E+00	9.150E+00	0	0.000E+00
9.150E+00	9.160E+00	1	2.000E-06
9.160E+00	9.170E+00	0	0.000E+00
9.170E+00	9.180E+00	1	2.000E-06
9.180E+00	9.190E+00	0	0.000E+00
9.190E+00	9.200E+00	0	0.000E+00
9.200E+00	9.210E+00	0	0.000E+00
9.210E+00	9.220E+00	0	0.000E+00
9.220E+00	9.230E+00	0	0.000E+00
9.230E+00	9.240E+00	1	2.000E-06
9.240E+00	9.250E+00	1	2.000E-06
9.250E+00	9.260E+00	0	0.000E+00
9.260E+00	9.270E+00	0	0.000E+00
9.270E+00	9.280E+00	0	0.000E+00
9.280E+00	9.290E+00	0	0.000E+00
9.290E+00	9.300E+00	1	2.000E-06
9.300E+00	9.310E+00	1	2.000E-06
9.310E+00	9.320E+00	0	0.000E+00
9.320E+00	9.330E+00	1	2.000E-06
9.330E+00	9.340E+00	0	0.000E+00
9.340E+00	9.350E+00	1	2.000E-06
9.350E+00	9.360E+00	1	2.000E-06
9.360E+00	9.370E+00	0	0.000E+00
9.370E+00	9.380E+00	0	0.000E+00
9.380E+00	9.390E+00	0	0.000E+00
9.390E+00	9.400E+00	0	0.000E+00
9.400E+00	9.410E+00	1	2.000E-06
9.410E+00	9.420E+00	1	2.000E-06
9.420E+00	9.430E+00	0	0.000E+00
9.430E+00	9.440E+00	0	0.000E+00
9.440E+00	9.450E+00	0	0.000E+00
9.450E+00	9.460E+00	0	0.000E+00
9.460E+00	9.470E+00	0	0.000E+00
9.470E+00	9.480E+00	0	0.000E+00
9.480E+00	9.490E+00	0	0.000E+00
9.490E+00	9.500E+00	0	0.000E+00
9.500E+00	9.510E+00	0	0.000E+00
9.510E+00	9.520E+00	0	0.000E+00
9.520E+00	9.530E+00	0	0.000E+00
9.530E+00	9.540E+00	2	4.000E-06
9.540E+00	9.550E+00	0	0.000E+00
9.550E+00	9.560E+00	2	4.000E-06
9.560E+00	9.570E+00	0	0.000E+00
9.570E+00	9.580E+00	0	0.000E+00
9.580E+00	9.590E+00	0	0.000E+00
9.590E+00	9.600E+00	0	0.000E+00
9.600E+00	9.610E+00	0	0.000E+00
9.610E+00	9.620E+00	0	0.000E+00
9.620E+00	9.630E+00	0	0.000E+00
9.630E+00	9.640E+00	0	0.000E+00
9.640E+00	9.650E+00	1	2.000E-06
9.650E+00	9.660E+00	0	0.000E+00
9.660E+00	9.670E+00	0	0.000E+00
9.670E+00	9.680E+00	1	2.000E-06
9.680E+00	9.690E+00	0	0.000E+00
9.690E+00	9.700E+00	1	2.000E-06
9.700E+00	9.710E+00	1	2.000E-06
9.710E+00	9.720E+00	1	2.000E-06
9.720E+00	9.730E+00	0	0.000E+00
9.730E+00	9.740E+00	0	0.000E+00
9.740E+00	9.750E+00	0	0.000E+00
9.750E+00	9.760E+00	0	0.000E+00
9.760E+00	9.770E+00	1	2.000E-06
9.770E+00	9.780E+00	1	2.000E-06
9.780E+00	9.790E+00	0	0.000E+00
9.790E+00	9.800E+00	0	0.000E+00
9.800E+00	9.810E+00	1	2.000E-06
9.810E+00	9.820E+00	0	0.000E+00
9.820E+00	9.830E+00	1	2.000E-06
9.830E+00	9.840E+00	0	0.000E+00
9.840E+00	9.850E+00	0	0.000E+00
9.850E+00	9.860E+00	0	0.000E+00
9.860E+00	9.870E+00	1	2.000E-06
9.870E+00	9.880E+00	0	0.000E+00
9.880E+00	9.890E+00	1	2.000E-06
9.890E+00	9.900E+00	1	2.000E-06
9.900E+00	9.910E+00	1	2.000E-06
9.910E+00	9.920E+00	1	2.000E-06
9.920E+00	9.930E+00	0	0.000E+00
9.930E+00	9.940E+00	0	0.000E+00
9.940E+00	9.950E+00	0	0.000E+00
9.950E+00	9.960E+00	0	0.000E+00
9.960E+00	9.970E+00	0	0.000E+00
9.970E+00	9.980E+00	0	0.000E+00
9.980E+00	9.990E+00	0	0.000E+00
9.990E+00	1.000E+01	0	0.000E+00
1.000E+01	1.001E+01	0	0.000E+00
1.001E+01	1.002E+01	0	0.000E+00
1.002E+01	1.003E+01	0	0.000E+00
1.003E+01	1.004E+01	0	0.000E+00
1.004E+01	1.005E+01	0	0.000E+00
1.005E+01	1.006E+01	0	0.000E+00
1.006E+01	1.007E+01	0	0.000E+00
1.007E+01	1.008E+01	0	0.000E+00
1.008E+01	1.009E+01	0	0.000E+00
1.009E+01	1.010E+01	0	0.000E+00
1.010E+01	1.011E+01	0	0.000E+00
1.011E+01	1.012E+01	0	0.000E+00
1.012E+01	1.013E+01	0	0.000E+00
1.013E+01	1.014E+01	0	0.000E+00
1.014E+01	1.015E+01	0	0.000E+00
1.015E+01	1.016E+01	0	0.000E+00
1.016E+01	1.017E+01	0	0.000E+00
1.017E+01	1.018E+01	0	0.000E+00
1.018E+01	1.019E+01	0	0.000E+00
1.019E+01	1.020E+01	0	0.000E+00
1.020E+01	1.021E+01	0	0.000E+00
1.021E+01	1.022E+01	0	0.000E+00
1.022E+01	1.023E+01	0	0.000E+00
1.023E+01	1.024E+01	1	2.000E-06
1.024E+01	1.025E+01	0	0.000E+00
1.025E+01	1.026E+01	0	0.000E+00
1.026E+01	1.027E+01	0	0.000E+00
1.027E+01	1.028E+01	0	0.000E+00
1.028E+01	1.029E+01	0	0.000E+00
1.029E+01	1.030E+01	0	0.000E+00
1.030E+01	1.031E+01	1	2.000E-06
1.031E+01	1.032E+01	0	0.000E+00
1.032E+01	1.033E+01	0	0.000E+00
1.033E+01	1.034E+01	0	0.000E+00
1.034E+01	1.035E+01	0	0.000E+00
1.035E+01	1.036E+01	0	0.000E+00
1.036E+01	1.037E+01	0	0.000E+00
1.037E+01	1.038E+01	0	0.000E+00
1.038E+01	1.039E+01	0	0.000E+00
1.039E+01	1.040E+01	0	0.000E+00
1.040E+01	1.041E+01	1	2.000E-06
1.041E+01	1.042E+01	0	0.000E+00
1.042E+01	1.043E+01	0	0.000E+00
1.043E+01	1.044E+01	0	0.000E+00
1.044E+01	1.045E+01	0	0.000E+00
1.045E+01	1.046E+01	0	0.000E+00
1.046E+01	1.047E+01	0	0.000E+00
1.047E+01	1.048E+01	0	0.000E+00
1.048E+01	1.049E+01	0	0.000E+00
1.049E+01	1.050E+01	0	0.000E+00
1.050E+01	1.051E+01	0	0.000E+00
1.051E+01	1.052E+01	0	0.000E+00
1.052E+01	1.053E+01	0	0.000E+00
1.053E+01	1.054E+01	0	0.000E+00
1.054E+01	1.055E+01	0	0.000E+00
1.055E+01	1.056E+01	0	0.000E+00
1.056E+01	1.057E+01	0	0.000E+00
1.057E+01	1.058E+01	1	2.000E-06
1.058E+01	1.059E+01	0	0.000E+00
1.059E+01	1.060E+01	0	0.000E+00
1.060E+01	1.061E+01	0	0.000E+00
1.061E+01	1.062E+01	0	0.000E+00
1.062E+01	1.063E+01	0	0.000E+00
1.063E+01	1.064E+01	0	0.000E+00
1.064E+01	1.065E+01	0	0.000E+00
1.065E+01	1.066E+01	0	0.000E+00
1.066E+01	1.067E+01	1	2.000E-06
1.067E+01	1.068E+01	0	0.000E+00
1.068E+01	1.069E+01	0	0.000E+00
1.069E+01	1.070E+01	0	0.000E+00
1.070E+01	1.071E+01	0	0.000E+00
1.071E+01	1.072E+01	0	0.000E+00
1.072E+01	1.073E+01	0	0.000E+00
1.073E+01	1.074E+01	0	0.000E+00
1.074E+01	1.075E+01	0	0.000E+00
1.075E+01	1.076E+01	1	2.000E-06
1.076E+01	1.077E+01	0	0.000E+00
1.077E+01	1.078E+01	0	0.000E+00
1.078E+01	1.079E+01	0	0.000E+00
1.079E+01	1.080E+01	1	2.000E-06
1.080E+01	1.081E+01	0	0.000E+00
1.081E+01	1.082E+01	0	0.000E+00
1.082E+01	1.083E+01	0	0.000E+00
1.083E+01	1.084E+01	0	0.000E+00
1.084E+01	1.085E+01	0	0.000E+00
1.085E+01	1.086E+01	0	0.000E+00
1.086E+01	1.087E+01	0	0.000E+00
1.087E+01	1.088E+01	0	0.000E+00
1.088E+01	1.089E+01	0	0.000E+00
1.089E+01	1.090E+01	1	2.000E-06
1.090E+01	1.091E+01	0	0.000E+00
1.091E+01	1.092E+01	0	0.000E+00
1.092E+01	1.093E+01	0	0.000E+00
1.093E+01	1.094E+01	0	0.000E+00
1.094E+01	1.095E+01	0	0.000E+00
1.095E+01	1.096E+01	0	0.000E+00
1.096E+01	1.097E+01	0	0.000E+00
1.097E+01	1.098E+01	0	0.000E+00
1.098E+01	1.099E+01	0	0.000E+00
1.099E+01	1.100E+01	0	0.000E+00
1.100E+01	1.101E+01	0	0.000E+00
1.101E+01	1.102E+01	0	0.000E+00
1.102E+01	1.103E+01	0	0.000E+00
1.103E+01	1.104E+01	0	0.000E+00
1.104E+01	1.105E+01	0	0.000E+00
1.105E+01	1.106E+01	0	0.000E+00
1.106E+01	1.107E+01	0	0.000E+00
1.107E+01	1.108E+01	0	0.000E+00
1.108E+01	1.109E+01	0	0.000E+00
1.109E+01	1.110E+01	0	0.000E+00
1.110E+01	1.111E+01	0	0.000E+00
1.111E+01	1.112E+01	0	0.000E+00
1.112E+01	1.113E+01	0	0.000E+00
1.113E+01	1.114E+01	0	0.000E+00
1.114E+01	1.115E+01	0	0.000E+00
1.115E+01	1.116E+01	0	0.000E+00
1.116E+01	1.117E+01	0	0.000E+00
1.117E+01	1.118E+01	0	0.000E+00
1.118E+01	1.119E+01	0	0.000E+00
1.119E+01	1.120E+01	0	0.000E+00
1.120E+01	1.121E+01	1	2.000E-06
1.121E+01	1.122E+01	0	0.000E+00
1.122E+01	1.123E+01	0	0.000E+00
1.123E+01	1.124E+01	0	0.000E+00
1.124E+01	1.125E+01	0	0.000E+00
1.125E+01	1.126E+01	0	0.000E+00
1.126E+01	1.127E+01	0	0.000E+00
1.127E+01	1.128E+01	0	0.000E+00
1.128E+01	1.129E+01	0	0.000E+00
1.129E+01	1.130E+01	0	0.000E+00
1.130E+01	1.131E+01	0	0.000E+00
1.131E+01	1.132E+01	1	2.000E-06
1.132E+01	1.133E+01	0	0.000E+00
1.133E+01	1.134E+01	0	0.000E+00
1.134E+01	1.135E+01	0	0.000E+00
1.135E+01	1.136E+01	0	0.000E+00
1.136E+01	1.137E+01	1	2.000E-06
1.137E+01	1.138E+01	0	0.000E+00
1.138E+01	1.139E+01	0	0.000E+00
1.139E+01	1.140E+01	0	0.000E+00
1.140E+01	1.141E+01	0	0.000E+00
1.141E+01	1.142E+01	0	0.000E+00
1.142E+01	1.143E+01	0	0.000E+00
1.143E+01	1.144E+01	0	0.000E+00
1.144E+01	1.145E+01	0	0.000E+00
1.145E+01	1.146E+01	1	2.000E-06
1.146E+01	1.147E+01	0	0.000E+00
1.147E+01	1.148E+01	0	0.000E+00
1.148E+01	1.149E+01	0	0.000E+00
1.149E+01	1.150E+01	0	0.000E+00
1.150E+01	1.151E+01	0	0.000E+00
1.151E+01	1.152E+01	0	0.000E+00
1.152E+01	1.153E+01	0	0.000E+00
1.153E+01	1.154E+01	0	0.000E+00
1.154E+01	1.155E+01	0	0.000E+00
1.155E+01	1.156E+01	0	0.000E+00
1.156E+01	1.157E+01	0	0.000E+00
1.157E+01	1.158E+01	0	0.000E+00
1.158E+01	1.159E+01	0	0.000E+00
1.159E+01	1.160E+01	0	0.000E+00
1.160E+01	1.161E+01	0	0.000E+00
1.161E+01	1.162E+01	0	0.000E+00
1.162E+01	1.163E+01	0	0.000E+00
1.163E+01	1.164E+01	0	0.000E+00
1.164E+01	1.165E+01	0	0.000E+00
1.165E+01	1.166E+01	0	0.000E+00
1.166E+01	1.167E+01	0	0.000E+00
1.167E+01	1.168E+01	0	0.000E+00
1.168E+01	1.169E+01	0	0.000E+00
1.169E+01	1.170E+01	0	0.000E+00
1.170E+01	1.171E+01	0	0.000E+00
1.171E+01	1.172E+01	0	0.000E+00
1.172E+01	1.173E+01	0	0.000E+00
1.173E+01	1.174E+01	0	0.000E+00
1.174E+01	1.175E+01	1	2.000E-06
1.175E+01	1.176E+01	0	0.000E+00
1.176E+01	1.177E+01	0	0.000E+00
1.177E+01	1.178E+01	0	0.000E+00
1.178E+01	1.179E+01	0	0.000E+00
1.179E+01	1.180E+01	0	0.000E+00
1.180E+01	1.181E+01	0	0.000E+00
1.181E+01	1.182E+01	0	0.000E+00
1.182E+01	1.183E+01	0	0.000E+00
1.183E+01	1.184E+01	0	0.000E+00
1.184E+01	1.185E+01	0	0.000E+00
1.185E+01	1.186E+01	0	0.000E+00
1.186E+01	1.187E+01	0	0.000E+00
1.187E+01	1.188E+01	0	0.000E+00
1.188E+01	1.189E+01	0	0.000E+00
1.189E+01	1.190E+01	0	0.000E+00
1.190E+01	1.191E+01	0	0.000E+00
1.191E+01	1.192E+01	0	0.000E+00
1.192E+01	1.193E+01	0	0.000E+00
1.193E+01	1.194E+01	0	0.000E+00
1.194E+01	1.195E+01	0	0.000E+00
1.195E+01	1.196E+01	0	0.000E+00
1.196E+01	1.197E+01	0	0.000E+00
1.197E+01	1.198E+01	0	0.000E+00
1.198E+01	1.199E+01	0	0.000E+00
1.199E+01	1.200E+01	0	0.000E+00
1.200E+01	1.201E+01	0	0.000E+00
1.201E+01	1.202E+01	0	0.000E+00
1.202E+01	1.203E+01	0	0.000E+00
1.203E+01	1.204E+01	0	0.000E+00
1.204E+01	1.205E+01	0	0.000E+00
1.205E+01	1.206E+01	0	0.000E+00
1.206E+01	1.207E+01	0	0.000E+00
1.207E+01	1.208E+01	0	0.000E+00
1.208E+01	1.209E+01	0	0.000E+00
1.209E+01	1.210E+01	0	0.000E+00
1.210E+01	1.211E+01	0	0.000E+00
1.211E+01	1.212E+01	0	0.000E+00
1.212E+01	1.213E+01	0	0.000E+00
1.213E+01	1.214E+01	0	0.000E+00
1.214E+01	1.215E+01	0	0.000E+00
1.215E+01	1.216E+01	0	0.000E+00
1.216E+01	1.217E+01	0	0.000E+00
1.217E+01	1.218E+01	0	0.000E+00
1.218E+01	1.219E+01	0	0.000E+00
1.219E+01	1.220E+01	0	0.000E+00
1.220E+01	1.221E+01	0	0.000E+00
1.221E+01	1.222E+01	0	0.000E+00
1.222E+01	1.223E+01	0	0.000E+00
1.223E+01	1.224E+01	0	0.000E+00
1.224E+01	1.225E+01	0	0.000E+00
1.225E+01	1.226E+01	0	0.000E+00
1.226E+01	1.227E+01	0	0.000E+00
1.227E+01	1.228E+01	0	0.000E+00
1.228E+01	1.229E+01	0	0.000E+00
1.229E+01	1.230E+01	0	0.000E+00
1.230E+01	1.231E+01	0	0.000E+00
1.231E+01	1.232E+01	0	0.000E+00
1.232E+01	1.233E+01	0	0.000E+00
1.233E+01	1.234E+01	0	0.000E+00
1.234E+01	1.235E+01	0	0.000E+00
1.235E+01	1.236E+01	0	0.000E+00
1.236E+01	1.237E+01	0	0.000E+00
1.237E+01	1.238E+01	0	0.000E+00
1.238E+01	1.239E+01	0	0.000E+00
1.239E+01	1.240E+01	0	0.000E+00
1.240E+01	1.241E+01	0	0.000E+00
1.241E+01	1.242E+01	0	0.000E+00
1.242E+01	1.243E+01	0	0.000E+00
1.243E+01	1.244E+01	0	0.000E+00
1.244E+01	1.245E+01	0	0.000E+00
1.245E+01	1.246E+01	0	0.000E+00
1.246E+01	1.247E+01	0	0.000E+00
1.247E+01	1.248E+01	0	0.000E+00
1.248E+01	1.249E+01	0	0.000E+00
1.249E+01	1.250E+01	0	0.000E+00
1.250E+01	1.251E+01	0	0.000E+00
1.251E+01	1.252E+01	0	0.000E+00
1.252E+01	1.253E+01	0	0.000E+00
1.253E+01	1.254E+01	0	0.000E+00
1.254E+01	1.255E+01	0	0.000E+00
1.255E+01	1.256E+01	0	0.000E+00
1.256E+01	1.257E+01	1	2.000E-06
1.257E+01	1.258E+01	0	0.000E+00
1.258E+01	1.259E+01	0	0.000E+00
1.259E+01	1.260E+01	0	0.000E+00
1.260E+01	1.261E+01	0	0.000E+00
1.261E+01	1.262E+01	0	0.000E+00
1.262E+01	1.263E+01	0	0.000E+00
1.263E+01	1.264E+01	0	0.000E+00
1.264E+01	1.265E+01	0	0.000E+00
1.265E+01	1.266E+01	0	0.000E+00
1.266E+01	1.267E+01	0	0.000E+00
1.267E+01	1.268E+01	0	0.000E+00
1.268E+01	1.269E+01	0	0.000E+00
1.269E+01	1.270E+01	0	0.000E+00
1.270E+01	1.271E+01	0	0.000E+00
1.271E+01	1.272E+01	0	0.000E+00
1.272E+01	1.273E+01	0	0.000E+00
1.273E+01	1.274E+01	0	0.000E+00
1.274E+01	1.275E+01	0	0.000E+00
1.275E+01	1.276E+01	2	4.000E-06
1.276E+01	1.276E+01	0	0.000E+00
