m_start	m_end	count	relcount
0.000E+00	1.000E-02	3231	6.462E-03
1.000E-02	2.000E-02	10659	2.132E-02
2.000E-02	3.000E-02	13792	2.758E-02
3.000E-02	4.000E-02	14520	2.904E-02
4.000E-02	5.000E-02	13884	2.777E-02
5.000E-02	6.000E-02	13030	2.606E-02
6.000E-02	7.000E-02	11865	2.373E-02
7.000E-02	8.000E-02	10861	2.172E-02
8.000E-02	9.000E-02	10251	2.050E-02
9.000E-02	1.000E-01	9528	1.906E-02
1.000E-01	1.100E-01	9112	1.822E-02
1.100E-01	1.200E-01	8261	1.652E-02
1.200E-01	1.300E-01	7892	1.578E-02
1.300E-01	1.400E-01	7478	1.496E-02
1.400E-01	1.500E-01	7084	1.417E-02
1.500E-01	1.600E-01	6642	1.328E-02
1.600E-01	1.700E-01	6408	1.282E-02
1.700E-01	1.800E-01	5804	1.161E-02
1.800E-01	1.900E-01	5830	1.166E-02
1.900E-01	2.000E-01	5569	1.114E-02
2.000E-01	2.100E-01	5338	1.068E-02
2.100E-01	2.200E-01	5066	1.013E-02
2.200E-01	2.300E-01	4967	9.934E-03
2.300E-01	2.400E-01	4675	9.350E-03
2.400E-01	2.500E-01	4587	9.174E-03
2.500E-01	2.600E-01	4442	8.884E-03
2.600E-01	2.700E-01	4243	8.486E-03
2.700E-01	2.800E-01	4029	8.058E-03
2.800E-01	2.900E-01	3988	7.976E-03
2.900E-01	3.000E-01	3915	7.830E-03
3.000E-01	3.100E-01	3701	7.402E-03
3.100E-01	3.200E-01	3688	7.376E-03
3.200E-01	3.300E-01	3456	6.912E-03
3.300E-01	3.400E-01	3375	6.750E-03
3.400E-01	3.500E-01	3417	6.834E-03
3.500E-01	3.600E-01	3131	6.262E-03
3.600E-01	3.700E-01	3113	6.226E-03
3.700E-01	3.800E-01	3157	6.314E-03
3.800E-01	3.900E-01	2909	5.818E-03
3.900E-01	4.000E-01	2864	5.728E-03
4.000E-01	4.100E-01	2805	5.610E-03
4.100E-01	4.200E-01	2771	5.542E-03
4.200E-01	4.300E-01	2714	5.428E-03
4.300E-01	4.400E-01	2621	5.242E-03
4.400E-01	4.500E-01	2560	5.120E-03
4.500E-01	4.600E-01	2534	5.068E-03
4.600E-01	4.700E-01	2474	4.948E-03
4.700E-01	4.800E-01	2341	4.682E-03
4.800E-01	4.900E-01	2380	4.760E-03
4.900E-01	5.000E-01	2322	4.644E-03
5.000E-01	5.100E-01	2220	4.440E-03
5.100E-01	5.200E-01	2180	4.360E-03
5.200E-01	5.300E-01	2243	4.486E-03
5.300E-01	5.400E-01	2104	4.208E-03
5.400E-01	5.500E-01	2077	4.154E-03
5.500E-01	5.600E-01	1993	3.986E-03
5.600E-01	5.700E-01	1989	3.978E-03
5.700E-01	5.800E-01	2002	4.004E-03
5.800E-01	5.900E-01	1904	3.808E-03
5.900E-01	6.000E-01	1854	3.708E-03
6.000E-01	6.100E-01	1881	3.762E-03
6.100E-01	6.200E-01	1817	3.634E-03
6.200E-01	6.300E-01	1810	3.620E-03
6.300E-01	6.400E-01	1749	3.498E-03
6.400E-01	6.500E-01	1775	3.550E-03
6.500E-01	6.600E-01	1713	3.426E-03
6.600E-01	6.700E-01	1634	3.268E-03
6.700E-01	6.800E-01	1702	3.404E-03
6.800E-01	6.900E-01	1647	3.294E-03
6.900E-01	7.000E-01	1598	3.196E-03
7.000E-01	7.100E-01	1609	3.218E-03
7.100E-01	7.200E-01	1592	3.184E-03
7.200E-01	7.300E-01	1500	3.000E-03
7.300E-01	7.400E-01	1458	2.916E-03
7.400E-01	7.500E-01	1478	2.956E-03
7.500E-01	7.600E-01	1484	2.968E-03
7.600E-01	7.700E-01	1332	2.664E-03
7.700E-01	7.800E-01	1443	2.886E-03
7.800E-01	7.900E-01	1340	2.680E-03
7.900E-01	8.000E-01	1376	2.752E-03
8.000E-01	8.100E-01	1295	2.590E-03
8.100E-01	8.200E-01	1393	2.786E-03
8.200E-01	8.300E-01	1344	2.688E-03
8.300E-01	8.400E-01	1249	2.498E-03
8.400E-01	8.500E-01	1285	2.570E-03
8.500E-01	8.600E-01	1236	2.472E-03
8.600E-01	8.700E-01	1289	2.578E-03
8.700E-01	8.800E-01	1262	2.524E-03
8.800E-01	8.900E-01	1106	2.212E-03
8.900E-01	9.000E-01	1160	2.320E-03
9.000E-01	9.100E-01	1124	2.248E-03
9.100E-01	9.200E-01	1186	2.372E-03
9.200E-01	9.300E-01	1155	2.310E-03
9.300E-01	9.400E-01	1075	2.150E-03
9.400E-01	9.500E-01	1076	2.152E-03
9.500E-01	9.600E-01	1114	2.228E-03
9.600E-01	9.700E-01	1134	2.268E-03
9.700E-01	9.800E-01	1144	2.288E-03
9.800E-01	9.900E-01	1101	2.202E-03
9.900E-01	1.000E+00	1007	2.014E-03
1.000E+00	1.010E+00	1011	2.022E-03
1.010E+00	1.020E+00	1041	2.082E-03
1.020E+00	1.030E+00	982	1.964E-03
1.030E+00	1.040E+00	978	1.956E-03
1.040E+00	1.050E+00	944	1.888E-03
1.050E+00	1.060E+00	981	1.962E-03
1.060E+00	1.070E+00	931	1.862E-03
1.070E+00	1.080E+00	930	1.860E-03
1.080E+00	1.090E+00	968	1.936E-03
1.090E+00	1.100E+00	913	1.826E-03
1.100E+00	1.110E+00	935	1.870E-03
1.110E+00	1.120E+00	922	1.844E-03
1.120E+00	1.130E+00	830	1.660E-03
1.130E+00	1.140E+00	897	1.794E-03
1.140E+00	1.150E+00	875	1.750E-03
1.150E+00	1.160E+00	890	1.780E-03
1.160E+00	1.170E+00	867	1.734E-03
1.170E+00	1.180E+00	863	1.726E-03
1.180E+00	1.190E+00	763	1.526E-03
1.190E+00	1.200E+00	836	1.672E-03
1.200E+00	1.210E+00	780	1.560E-03
1.210E+00	1.220E+00	787	1.574E-03
1.220E+00	1.230E+00	837	1.674E-03
1.230E+00	1.240E+00	812	1.624E-03
1.240E+00	1.250E+00	790	1.580E-03
1.250E+00	1.260E+00	776	1.552E-03
1.260E+00	1.270E+00	771	1.542E-03
1.270E+00	1.280E+00	733	1.466E-03
1.280E+00	1.290E+00	806	1.612E-03
1.290E+00	1.300E+00	735	1.470E-03
1.300E+00	1.310E+00	782	1.564E-03
1.310E+00	1.320E+00	765	1.530E-03
1.320E+00	1.330E+00	719	1.438E-03
1.330E+00	1.340E+00	751	1.502E-03
1.340E+00	1.350E+00	729	1.458E-03
1.350E+00	1.360E+00	757	1.514E-03
1.360E+00	1.370E+00	707	1.414E-03
1.370E+00	1.380E+00	702	1.404E-03
1.380E+00	1.390E+00	682	1.364E-03
1.390E+00	1.400E+00	660	1.320E-03
1.400E+00	1.410E+00	697	1.394E-03
1.410E+00	1.420E+00	692	1.384E-03
1.420E+00	1.430E+00	684	1.368E-03
1.430E+00	1.440E+00	654	1.308E-03
1.440E+00	1.450E+00	635	1.270E-03
1.450E+00	1.460E+00	682	1.364E-03
1.460E+00	1.470E+00	623	1.246E-03
1.470E+00	1.480E+00	587	1.174E-03
1.480E+00	1.490E+00	623	1.246E-03
1.490E+00	1.500E+00	616	1.232E-03
1.500E+00	1.510E+00	613	1.226E-03
1.510E+00	1.520E+00	569	1.138E-03
1.520E+00	1.530E+00	592	1.184E-03
1.530E+00	1.540E+00	538	1.076E-03
1.540E+00	1.550E+00	585	1.170E-03
1.550E+00	1.560E+00	590	1.180E-03
1.560E+00	1.570E+00	586	1.172E-03
1.570E+00	1.580E+00	637	1.274E-03
1.580E+00	1.590E+00	574	1.148E-03
1.590E+00	1.600E+00	529	1.058E-03
1.600E+00	1.610E+00	600	1.200E-03
1.610E+00	1.620E+00	547	1.094E-03
1.620E+00	1.630E+00	561	1.122E-03
1.630E+00	1.640E+00	526	1.052E-03
1.640E+00	1.650E+00	493	9.860E-04
1.650E+00	1.660E+00	540	1.080E-03
1.660E+00	1.670E+00	561	1.122E-03
1.670E+00	1.680E+00	522	1.044E-03
1.680E+00	1.690E+00	543	1.086E-03
1.690E+00	1.700E+00	500	1.000E-03
1.700E+00	1.710E+00	519	1.038E-03
1.710E+00	1.720E+00	514	1.028E-03
1.720E+00	1.730E+00	507	1.014E-03
1.730E+00	1.740E+00	474	9.480E-04
1.740E+00	1.750E+00	498	9.960E-04
1.750E+00	1.760E+00	479	9.580E-04
1.760E+00	1.770E+00	492	9.840E-04
1.770E+00	1.780E+00	509	1.018E-03
1.780E+00	1.790E+00	485	9.700E-04
1.790E+00	1.800E+00	496	9.920E-04
1.800E+00	1.810E+00	478	9.560E-04
1.810E+00	1.820E+00	488	9.760E-04
1.820E+00	1.830E+00	441	8.820E-04
1.830E+00	1.840E+00	463	9.260E-04
1.840E+00	1.850E+00	471	9.420E-04
1.850E+00	1.860E+00	435	8.700E-04
1.860E+00	1.870E+00	432	8.640E-04
1.870E+00	1.880E+00	439	8.780E-04
1.880E+00	1.890E+00	462	9.240E-04
1.890E+00	1.900E+00	417	8.340E-04
1.900E+00	1.910E+00	447	8.940E-04
1.910E+00	1.920E+00	437	8.740E-04
1.920E+00	1.930E+00	435	8.700E-04
1.930E+00	1.940E+00	438	8.760E-04
1.940E+00	1.950E+00	355	7.100E-04
1.950E+00	1.960E+00	399	7.980E-04
1.960E+00	1.970E+00	445	8.900E-04
1.970E+00	1.980E+00	418	8.360E-04
1.980E+00	1.990E+00	396	7.920E-04
1.990E+00	2.000E+00	412	8.240E-04
2.000E+00	2.010E+00	383	7.660E-04
2.010E+00	2.020E+00	404	8.080E-04
2.020E+00	2.030E+00	417	8.340E-04
2.030E+00	2.040E+00	377	7.540E-04
2.040E+00	2.050E+00	405	8.100E-04
2.050E+00	2.060E+00	373	7.460E-04
2.060E+00	2.070E+00	424	8.480E-04
2.070E+00	2.080E+00	362	7.240E-04
2.080E+00	2.090E+00	409	8.180E-04
2.090E+00	2.100E+00	365	7.300E-04
2.100E+00	2.110E+00	373	7.460E-04
2.110E+00	2.120E+00	350	7.000E-04
2.120E+00	2.130E+00	365	7.300E-04
2.130E+00	2.140E+00	379	7.580E-04
2.140E+00	2.150E+00	372	7.440E-04
2.150E+00	2.160E+00	382	7.640E-04
2.160E+00	2.170E+00	373	7.460E-04
2.170E+00	2.180E+00	345	6.900E-04
2.180E+00	2.190E+00	347	6.940E-04
2.190E+00	2.200E+00	333	6.660E-04
2.200E+00	2.210E+00	347	6.940E-04
2.210E+00	2.220E+00	366	7.320E-04
2.220E+00	2.230E+00	384	7.680E-04
2.230E+00	2.240E+00	330	6.600E-04
2.240E+00	2.250E+00	334	6.680E-04
2.250E+00	2.260E+00	320	6.400E-04
2.260E+00	2.270E+00	334	6.680E-04
2.270E+00	2.280E+00	320	6.400E-04
2.280E+00	2.290E+00	331	6.620E-04
2.290E+00	2.300E+00	331	6.620E-04
2.300E+00	2.310E+00	315	6.300E-04
2.310E+00	2.320E+00	347	6.940E-04
2.320E+00	2.330E+00	304	6.080E-04
2.330E+00	2.340E+00	301	6.020E-04
2.340E+00	2.350E+00	310	6.200E-04
2.350E+00	2.360E+00	337	6.740E-04
2.360E+00	2.370E+00	302	6.040E-04
2.370E+00	2.380E+00	335	6.700E-04
2.380E+00	2.390E+00	350	7.000E-04
2.390E+00	2.400E+00	293	5.860E-04
2.400E+00	2.410E+00	312	6.240E-04
2.410E+00	2.420E+00	297	5.940E-04
2.420E+00	2.430E+00	288	5.760E-04
2.430E+00	2.440E+00	299	5.980E-04
2.440E+00	2.450E+00	291	5.820E-04
2.450E+00	2.460E+00	271	5.420E-04
2.460E+00	2.470E+00	276	5.520E-04
2.470E+00	2.480E+00	288	5.760E-04
2.480E+00	2.490E+00	317	6.340E-04
2.490E+00	2.500E+00	296	5.920E-04
2.500E+00	2.510E+00	281	5.620E-04
2.510E+00	2.520E+00	306	6.120E-04
2.520E+00	2.530E+00	291	5.820E-04
2.530E+00	2.540E+00	273	5.460E-04
2.540E+00	2.550E+00	294	5.880E-04
2.550E+00	2.560E+00	292	5.840E-04
2.560E+00	2.570E+00	261	5.220E-04
2.570E+00	2.580E+00	274	5.480E-04
2.580E+00	2.590E+00	244	4.880E-04
2.590E+00	2.600E+00	292	5.840E-04
2.600E+00	2.610E+00	261	5.220E-04
2.610E+00	2.620E+00	303	6.060E-04
2.620E+00	2.630E+00	246	4.920E-04
2.630E+00	2.640E+00	235	4.700E-04
2.640E+00	2.650E+00	260	5.200E-04
2.650E+00	2.660E+00	279	5.580E-04
2.660E+00	2.670E+00	261	5.220E-04
2.670E+00	2.680E+00	244	4.880E-04
2.680E+00	2.690E+00	255	5.100E-04
2.690E+00	2.700E+00	249	4.980E-04
2.700E+00	2.710E+00	273	5.460E-04
2.710E+00	2.720E+00	237	4.740E-04
2.720E+00	2.730E+00	261	5.220E-04
2.730E+00	2.740E+00	256	5.120E-04
2.740E+00	2.750E+00	256	5.120E-04
2.750E+00	2.760E+00	267	5.340E-04
2.760E+00	2.770E+00	258	5.160E-04
2.770E+00	2.780E+00	248	4.960E-04
2.780E+00	2.790E+00	268	5.360E-04
2.790E+00	2.800E+00	239	4.780E-04
2.800E+00	2.810E+00	232	4.640E-04
2.810E+00	2.820E+00	229	4.580E-04
2.820E+00	2.830E+00	217	4.340E-04
2.830E+00	2.840E+00	234	4.680E-04
2.840E+00	2.850E+00	226	4.520E-04
2.850E+00	2.860E+00	229	4.580E-04
2.860E+00	2.870E+00	211	4.220E-04
2.870E+00	2.880E+00	234	4.680E-04
2.880E+00	2.890E+00	216	4.320E-04
2.890E+00	2.900E+00	243	4.860E-04
2.900E+00	2.910E+00	217	4.340E-04
2.910E+00	2.920E+00	235	4.700E-04
2.920E+00	2.930E+00	234	4.680E-04
2.930E+00	2.940E+00	210	4.200E-04
2.940E+00	2.950E+00	197	3.940E-04
2.950E+00	2.960E+00	219	4.380E-04
2.960E+00	2.970E+00	215	4.300E-04
2.970E+00	2.980E+00	187	3.740E-04
2.980E+00	2.990E+00	237	4.740E-04
2.990E+00	3.000E+00	240	4.800E-04
3.000E+00	3.010E+00	194	3.880E-04
3.010E+00	3.020E+00	217	4.340E-04
3.020E+00	3.030E+00	213	4.260E-04
3.030E+00	3.040E+00	194	3.880E-04
3.040E+00	3.050E+00	219	4.380E-04
3.050E+00	3.060E+00	197	3.940E-04
3.060E+00	3.070E+00	203	4.060E-04
3.070E+00	3.080E+00	167	3.340E-04
3.080E+00	3.090E+00	200	4.000E-04
3.090E+00	3.100E+00	191	3.820E-04
3.100E+00	3.110E+00	205	4.100E-04
3.110E+00	3.120E+00	194	3.880E-04
3.120E+00	3.130E+00	214	4.280E-04
3.130E+00	3.140E+00	199	3.980E-04
3.140E+00	3.150E+00	190	3.800E-04
3.150E+00	3.160E+00	186	3.720E-04
3.160E+00	3.170E+00	201	4.020E-04
3.170E+00	3.180E+00	194	3.880E-04
3.180E+00	3.190E+00	187	3.740E-04
3.190E+00	3.200E+00	190	3.800E-04
3.200E+00	3.210E+00	211	4.220E-04
3.210E+00	3.220E+00	203	4.060E-04
3.220E+00	3.230E+00	177	3.540E-04
3.230E+00	3.240E+00	195	3.900E-04
3.240E+00	3.250E+00	169	3.380E-04
3.250E+00	3.260E+00	181	3.620E-04
3.260E+00	3.270E+00	175	3.500E-04
3.270E+00	3.280E+00	195	3.900E-04
3.280E+00	3.290E+00	186	3.720E-04
3.290E+00	3.300E+00	158	3.160E-04
3.300E+00	3.310E+00	170	3.400E-04
3.310E+00	3.320E+00	193	3.860E-04
3.320E+00	3.330E+00	176	3.520E-04
3.330E+00	3.340E+00	186	3.720E-04
3.340E+00	3.350E+00	180	3.600E-04
3.350E+00	3.360E+00	176	3.520E-04
3.360E+00	3.370E+00	170	3.400E-04
3.370E+00	3.380E+00	169	3.380E-04
3.380E+00	3.390E+00	180	3.600E-04
3.390E+00	3.400E+00	182	3.640E-04
3.400E+00	3.410E+00	169	3.380E-04
3.410E+00	3.420E+00	162	3.240E-04
3.420E+00	3.430E+00	189	3.780E-04
3.430E+00	3.440E+00	151	3.020E-04
3.440E+00	3.450E+00	165	3.300E-04
3.450E+00	3.460E+00	146	2.920E-04
3.460E+00	3.470E+00	176	3.520E-04
3.470E+00	3.480E+00	149	2.980E-04
3.480E+00	3.490E+00	174	3.480E-04
3.490E+00	3.500E+00	157	3.140E-04
3.500E+00	3.510E+00	174	3.480E-04
3.510E+00	3.520E+00	150	3.000E-04
3.520E+00	3.530E+00	139	2.780E-04
3.530E+00	3.540E+00	169	3.380E-04
3.540E+00	3.550E+00	153	3.060E-04
3.550E+00	3.560E+00	158	3.160E-04
3.560E+00	3.570E+00	136	2.720E-04
3.570E+00	3.580E+00	140	2.800E-04
3.580E+00	3.590E+00	150	3.000E-04
3.590E+00	3.600E+00	174	3.480E-04
3.600E+00	3.610E+00	144	2.880E-04
3.610E+00	3.620E+00	176	3.520E-04
3.620E+00	3.630E+00	148	2.960E-04
3.630E+00	3.640E+00	141	2.820E-04
3.640E+00	3.650E+00	137	2.740E-04
3.650E+00	3.660E+00	152	3.040E-04
3.660E+00	3.670E+00	147	2.940E-04
3.670E+00	3.680E+00	138	2.760E-04
3.680E+00	3.690E+00	144	2.880E-04
3.690E+00	3.700E+00	135	2.700E-04
3.700E+00	3.710E+00	134	2.680E-04
3.710E+00	3.720E+00	138	2.760E-04
3.720E+00	3.730E+00	150	3.000E-04
3.730E+00	3.740E+00	157	3.140E-04
3.740E+00	3.750E+00	149	2.980E-04
3.750E+00	3.760E+00	165	3.300E-04
3.760E+00	3.770E+00	145	2.900E-04
3.770E+00	3.780E+00	167	3.340E-04
3.780E+00	3.790E+00	153	3.060E-04
3.790E+00	3.800E+00	148	2.960E-04
3.800E+00	3.810E+00	127	2.540E-04
3.810E+00	3.820E+00	125	2.500E-04
3.820E+00	3.830E+00	134	2.680E-04
3.830E+00	3.840E+00	128	2.560E-04
3.840E+00	3.850E+00	122	2.440E-04
3.850E+00	3.860E+00	129	2.580E-04
3.860E+00	3.870E+00	119	2.380E-04
3.870E+00	3.880E+00	133	2.660E-04
3.880E+00	3.890E+00	125	2.500E-04
3.890E+00	3.900E+00	132	2.640E-04
3.900E+00	3.910E+00	133	2.660E-04
3.910E+00	3.920E+00	149	2.980E-04
3.920E+00	3.930E+00	137	2.740E-04
3.930E+00	3.940E+00	122	2.440E-04
3.940E+00	3.950E+00	133	2.660E-04
3.950E+00	3.960E+00	124	2.480E-04
3.960E+00	3.970E+00	132	2.640E-04
3.970E+00	3.980E+00	127	2.540E-04
3.980E+00	3.990E+00	125	2.500E-04
3.990E+00	4.000E+00	109	2.180E-04
4.000E+00	4.010E+00	118	2.360E-04
4.010E+00	4.020E+00	131	2.620E-04
4.020E+00	4.030E+00	122	2.440E-04
4.030E+00	4.040E+00	126	2.520E-04
4.040E+00	4.050E+00	119	2.380E-04
4.050E+00	4.060E+00	128	2.560E-04
4.060E+00	4.070E+00	144	2.880E-04
4.070E+00	4.080E+00	113	2.260E-04
4.080E+00	4.090E+00	118	2.360E-04
4.090E+00	4.100E+00	120	2.400E-04
4.100E+00	4.110E+00	98	1.960E-04
4.110E+00	4.120E+00	116	2.320E-04
4.120E+00	4.130E+00	130	2.600E-04
4.130E+00	4.140E+00	140	2.800E-04
4.140E+00	4.150E+00	109	2.180E-04
4.150E+00	4.160E+00	112	2.240E-04
4.160E+00	4.170E+00	114	2.280E-04
4.170E+00	4.180E+00	133	2.660E-04
4.180E+00	4.190E+00	108	2.160E-04
4.190E+00	4.200E+00	113	2.260E-04
4.200E+00	4.210E+00	105	2.100E-04
4.210E+00	4.220E+00	124	2.480E-04
4.220E+00	4.230E+00	100	2.000E-04
4.230E+00	4.240E+00	101	2.020E-04
4.240E+00	4.250E+00	110	2.200E-04
4.250E+00	4.260E+00	124	2.480E-04
4.260E+00	4.270E+00	108	2.160E-04
4.270E+00	4.280E+00	101	2.020E-04
4.280E+00	4.290E+00	99	1.980E-04
4.290E+00	4.300E+00	118	2.360E-04
4.300E+00	4.310E+00	108	2.160E-04
4.310E+00	4.320E+00	107	2.140E-04
4.320E+00	4.330E+00	97	1.940E-04
4.330E+00	4.340E+00	123	2.460E-04
4.340E+00	4.350E+00	105	2.100E-04
4.350E+00	4.360E+00	112	2.240E-04
4.360E+00	4.370E+00	126	2.520E-04
4.370E+00	4.380E+00	86	1.720E-04
4.380E+00	4.390E+00	95	1.900E-04
4.390E+00	4.400E+00	96	1.920E-04
4.400E+00	4.410E+00	105	2.100E-04
4.410E+00	4.420E+00	93	1.860E-04
4.420E+00	4.430E+00	102	2.040E-04
4.430E+00	4.440E+00	91	1.820E-04
4.440E+00	4.450E+00	98	1.960E-04
4.450E+00	4.460E+00	103	2.060E-04
4.460E+00	4.470E+00	104	2.080E-04
4.470E+00	4.480E+00	96	1.920E-04
4.480E+00	4.490E+00	106	2.120E-04
4.490E+00	4.500E+00	79	1.580E-04
4.500E+00	4.510E+00	103	2.060E-04
4.510E+00	4.520E+00	92	1.840E-04
4.520E+00	4.530E+00	107	2.140E-04
4.530E+00	4.540E+00	95	1.900E-04
4.540E+00	4.550E+00	96	1.920E-04
4.550E+00	4.560E+00	91	1.820E-04
4.560E+00	4.570E+00	113	2.260E-04
4.570E+00	4.580E+00	119	2.380E-04
4.580E+00	4.590E+00	102	2.040E-04
4.590E+00	4.600E+00	103	2.060E-04
4.600E+00	4.610E+00	90	1.800E-04
4.610E+00	4.620E+00	105	2.100E-04
4.620E+00	4.630E+00	83	1.660E-04
4.630E+00	4.640E+00	102	2.040E-04
4.640E+00	4.650E+00	95	1.900E-04
4.650E+00	4.660E+00	83	1.660E-04
4.660E+00	4.670E+00	85	1.700E-04
4.670E+00	4.680E+00	95	1.900E-04
4.680E+00	4.690E+00	95	1.900E-04
4.690E+00	4.700E+00	77	1.540E-04
4.700E+00	4.710E+00	78	1.560E-04
4.710E+00	4.720E+00	80	1.600E-04
4.720E+00	4.730E+00	82	1.640E-04
4.730E+00	4.740E+00	115	2.300E-04
4.740E+00	4.750E+00	88	1.760E-04
4.750E+00	4.760E+00	95	1.900E-04
4.760E+00	4.770E+00	85	1.700E-04
4.770E+00	4.780E+00	76	1.520E-04
4.780E+00	4.790E+00	82	1.640E-04
4.790E+00	4.800E+00	89	1.780E-04
4.800E+00	4.810E+00	85	1.700E-04
4.810E+00	4.820E+00	87	1.740E-04
4.820E+00	4.830E+00	79	1.580E-04
4.830E+00	4.840E+00	79	1.580E-04
4.840E+00	4.850E+00	81	1.620E-04
4.850E+00	4.860E+00	80	1.600E-04
4.860E+00	4.870E+00	88	1.760E-04
4.870E+00	4.880E+00	68	1.360E-04
4.880E+00	4.890E+00	84	1.680E-04
4.890E+00	4.900E+00	79	1.580E-04
4.900E+00	4.910E+00	77	1.540E-04
4.910E+00	4.920E+00	81	1.620E-04
4.920E+00	4.930E+00	77	1.540E-04
4.930E+00	4.940E+00	81	1.620E-04
4.940E+00	4.950E+00	72	1.440E-04
4.950E+00	4.960E+00	80	1.600E-04
4.960E+00	4.970E+00	87	1.740E-04
4.970E+00	4.980E+00	80	1.600E-04
4.980E+00	4.990E+00	84	1.680E-04
4.990E+00	5.000E+00	76	1.520E-04
5.000E+00	5.010E+00	88	1.760E-04
5.010E+00	5.020E+00	84	1.680E-04
5.020E+00	5.030E+00	75	1.500E-04
5.030E+00	5.040E+00	71	1.420E-04
5.040E+00	5.050E+00	88	1.760E-04
5.050E+00	5.060E+00	79	1.580E-04
5.060E+00	5.070E+00	87	1.740E-04
5.070E+00	5.080E+00	83	1.660E-04
5.080E+00	5.090E+00	59	1.180E-04
5.090E+00	5.100E+00	75	1.500E-04
5.100E+00	5.110E+00	73	1.460E-04
5.110E+00	5.120E+00	83	1.660E-04
5.120E+00	5.130E+00	70	1.400E-04
5.130E+00	5.140E+00	86	1.720E-04
5.140E+00	5.150E+00	76	1.520E-04
5.150E+00	5.160E+00	79	1.580E-04
5.160E+00	5.170E+00	72	1.440E-04
5.170E+00	5.180E+00	64	1.280E-04
5.180E+00	5.190E+00	60	1.200E-04
5.190E+00	5.200E+00	75	1.500E-04
5.200E+00	5.210E+00	56	1.120E-04
5.210E+00	5.220E+00	52	1.040E-04
5.220E+00	5.230E+00	78	1.560E-04
5.230E+00	5.240E+00	76	1.520E-04
5.240E+00	5.250E+00	59	1.180E-04
5.250E+00	5.260E+00	79	1.580E-04
5.260E+00	5.270E+00	65	1.300E-04
5.270E+00	5.280E+00	76	1.520E-04
5.280E+00	5.290E+00	64	1.280E-04
5.290E+00	5.300E+00	79	1.580E-04
5.300E+00	5.310E+00	57	1.140E-04
5.310E+00	5.320E+00	61	1.220E-04
5.320E+00	5.330E+00	59	1.180E-04
5.330E+00	5.340E+00	79	1.580E-04
5.340E+00	5.350E+00	57	1.140E-04
5.350E+00	5.360E+00	77	1.540E-04
5.360E+00	5.370E+00	70	1.400E-04
5.370E+00	5.380E+00	65	1.300E-04
5.380E+00	5.390E+00	64	1.280E-04
5.390E+00	5.400E+00	67	1.340E-04
5.400E+00	5.410E+00	69	1.380E-04
5.410E+00	5.420E+00	60	1.200E-04
5.420E+00	5.430E+00	76	1.520E-04
5.430E+00	5.440E+00	68	1.360E-04
5.440E+00	5.450E+00	68	1.360E-04
5.450E+00	5.460E+00	63	1.260E-04
5.460E+00	5.470E+00	61	1.220E-04
5.470E+00	5.480E+00	53	1.060E-04
5.480E+00	5.490E+00	62	1.240E-04
5.490E+00	5.500E+00	63	1.260E-04
5.500E+00	5.510E+00	51	1.020E-04
5.510E+00	5.520E+00	52	1.040E-04
5.520E+00	5.530E+00	56	1.120E-04
5.530E+00	5.540E+00	57	1.140E-04
5.540E+00	5.550E+00	55	1.100E-04
5.550E+00	5.560E+00	66	1.320E-04
5.560E+00	5.570E+00	65	1.300E-04
5.570E+00	5.580E+00	46	9.200E-05
5.580E+00	5.590E+00	62	1.240E-04
5.590E+00	5.600E+00	65	1.300E-04
5.600E+00	5.610E+00	49	9.800E-05
5.610E+00	5.620E+00	44	8.800E-05
5.620E+00	5.630E+00	46	9.200E-05
5.630E+00	5.640E+00	64	1.280E-04
5.640E+00	5.650E+00	71	1.420E-04
5.650E+00	5.660E+00	55	1.100E-04
5.660E+00	5.670E+00	53	1.060E-04
5.670E+00	5.680E+00	64	1.280E-04
5.680E+00	5.690E+00	42	8.400E-05
5.690E+00	5.700E+00	57	1.140E-04
5.700E+00	5.710E+00	66	1.320E-04
5.710E+00	5.720E+00	50	1.000E-04
5.720E+00	5.730E+00	52	1.040E-04
5.730E+00	5.740E+00	64	1.280E-04
5.740E+00	5.750E+00	64	1.280E-04
5.750E+00	5.760E+00	54	1.080E-04
5.760E+00	5.770E+00	55	1.100E-04
5.770E+00	5.780E+00	42	8.400E-05
5.780E+00	5.790E+00	63	1.260E-04
5.790E+00	5.800E+00	64	1.280E-04
5.800E+00	5.810E+00	48	9.600E-05
5.810E+00	5.820E+00	55	1.100E-04
5.820E+00	5.830E+00	49	9.800E-05
5.830E+00	5.840E+00	48	9.600E-05
5.840E+00	5.850E+00	52	1.040E-04
5.850E+00	5.860E+00	50	1.000E-04
5.860E+00	5.870E+00	48	9.600E-05
5.870E+00	5.880E+00	52	1.040E-04
5.880E+00	5.890E+00	70	1.400E-04
5.890E+00	5.900E+00	53	1.060E-04
5.900E+00	5.910E+00	59	1.180E-04
5.910E+00	5.920E+00	59	1.180E-04
5.920E+00	5.930E+00	57	1.140E-04
5.930E+00	5.940E+00	48	9.600E-05
5.940E+00	5.950E+00	45	9.000E-05
5.950E+00	5.960E+00	46	9.200E-05
5.960E+00	5.970E+00	49	9.800E-05
5.970E+00	5.980E+00	55	1.100E-04
5.980E+00	5.990E+00	54	1.080E-04
5.990E+00	6.000E+00	44	8.800E-05
6.000E+00	6.010E+00	48	9.600E-05
6.010E+00	6.020E+00	51	1.020E-04
6.020E+00	6.030E+00	40	8.000E-05
6.030E+00	6.040E+00	44	8.800E-05
6.040E+00	6.050E+00	43	8.600E-05
6.050E+00	6.060E+00	57	1.140E-04
6.060E+00	6.070E+00	51	1.020E-04
6.070E+00	6.080E+00	59	1.180E-04
6.080E+00	6.090E+00	63	1.260E-04
6.090E+00	6.100E+00	37	7.400E-05
6.100E+00	6.110E+00	49	9.800E-05
6.110E+00	6.120E+00	52	1.040E-04
6.120E+00	6.130E+00	47	9.400E-05
6.130E+00	6.140E+00	57	1.140E-04
6.140E+00	6.150E+00	41	8.200E-05
6.150E+00	6.160E+00	49	9.800E-05
6.160E+00	6.170E+00	41	8.200E-05
6.170E+00	6.180E+00	47	9.400E-05
6.180E+00	6.190E+00	40	8.000E-05
6.190E+00	6.200E+00	53	1.060E-04
6.200E+00	6.210E+00	41	8.200E-05
6.210E+00	6.220E+00	50	1.000E-04
6.220E+00	6.230E+00	36	7.200E-05
6.230E+00	6.240E+00	44	8.800E-05
6.240E+00	6.250E+00	51	1.020E-04
6.250E+00	6.260E+00	54	1.080E-04
6.260E+00	6.270E+00	54	1.080E-04
6.270E+00	6.280E+00	45	9.000E-05
6.280E+00	6.290E+00	47	9.400E-05
6.290E+00	6.300E+00	38	7.600E-05
6.300E+00	6.310E+00	40	8.000E-05
6.310E+00	6.320E+00	53	1.060E-04
6.320E+00	6.330E+00	44	8.800E-05
6.330E+00	6.340E+00	37	7.400E-05
6.340E+00	6.350E+00	52	1.040E-04
6.350E+00	6.360E+00	51	1.020E-04
6.360E+00	6.370E+00	44	8.800E-05
6.370E+00	6.380E+00	48	9.600E-05
6.380E+00	6.390E+00	48	9.600E-05
6.390E+00	6.400E+00	36	7.200E-05
6.400E+00	6.410E+00	40	8.000E-05
6.410E+00	6.420E+00	49	9.800E-05
6.420E+00	6.430E+00	46	9.200E-05
6.430E+00	6.440E+00	41	8.200E-05
6.440E+00	6.450E+00	39	7.800E-05
6.450E+00	6.460E+00	26	5.200E-05
6.460E+00	6.470E+00	40	8.000E-05
6.470E+00	6.480E+00	42	8.400E-05
6.480E+00	6.490E+00	44	8.800E-05
6.490E+00	6.500E+00	37	7.400E-05
6.500E+00	6.510E+00	38	7.600E-05
6.510E+00	6.520E+00	44	8.800E-05
6.520E+00	6.530E+00	41	8.200E-05
6.530E+00	6.540E+00	44	8.800E-05
6.540E+00	6.550E+00	27	5.400E-05
6.550E+00	6.560E+00	41	8.200E-05
6.560E+00	6.570E+00	42	8.400E-05
6.570E+00	6.580E+00	41	8.200E-05
6.580E+00	6.590E+00	40	8.000E-05
6.590E+00	6.600E+00	45	9.000E-05
6.600E+00	6.610E+00	52	1.040E-04
6.610E+00	6.620E+00	37	7.400E-05
6.620E+00	6.630E+00	31	6.200E-05
6.630E+00	6.640E+00	37	7.400E-05
6.640E+00	6.650E+00	41	8.200E-05
6.650E+00	6.660E+00	37	7.400E-05
6.660E+00	6.670E+00	35	7.000E-05
6.670E+00	6.680E+00	34	6.800E-05
6.680E+00	6.690E+00	42	8.400E-05
6.690E+00	6.700E+00	38	7.600E-05
6.700E+00	6.710E+00	26	5.200E-05
6.710E+00	6.720E+00	41	8.200E-05
6.720E+00	6.730E+00	39	7.800E-05
6.730E+00	6.740E+00	34	6.800E-05
6.740E+00	6.750E+00	33	6.600E-05
6.750E+00	6.760E+00	44	8.800E-05
6.760E+00	6.770E+00	30	6.000E-05
6.770E+00	6.780E+00	36	7.200E-05
6.780E+00	6.790E+00	46	9.200E-05
6.790E+00	6.800E+00	33	6.600E-05
6.800E+00	6.810E+00	40	8.000E-05
6.810E+00	6.820E+00	38	7.600E-05
6.820E+00	6.830E+00	36	7.200E-05
6.830E+00	6.840E+00	38	7.600E-05
6.840E+00	6.850E+00	43	8.600E-05
6.850E+00	6.860E+00	35	7.000E-05
6.860E+00	6.870E+00	28	5.600E-05
6.870E+00	6.880E+00	43	8.600E-05
6.880E+00	6.890E+00	31	6.200E-05
6.890E+00	6.900E+00	31	6.200E-05
6.900E+00	6.910E+00	32	6.400E-05
6.910E+00	6.920E+00	54	1.080E-04
6.920E+00	6.930E+00	36	7.200E-05
6.930E+00	6.940E+00	33	6.600E-05
6.940E+00	6.950E+00	44	8.800E-05
6.950E+00	6.960E+00	28	5.600E-05
6.960E+00	6.970E+00	29	5.800E-05
6.970E+00	6.980E+00	32	6.400E-05
6.980E+00	6.990E+00	30	6.000E-05
6.990E+00	7.000E+00	34	6.800E-05
7.000E+00	7.010E+00	41	8.200E-05
7.010E+00	7.020E+00	31	6.200E-05
7.020E+00	7.030E+00	54	1.080E-04
7.030E+00	7.040E+00	35	7.000E-05
7.040E+00	7.050E+00	35	7.000E-05
7.050E+00	7.060E+00	32	6.400E-05
7.060E+00	7.070E+00	36	7.200E-05
7.070E+00	7.080E+00	37	7.400E-05
7.080E+00	7.090E+00	34	6.800E-05
7.090E+00	7.100E+00	34	6.800E-05
7.100E+00	7.110E+00	32	6.400E-05
7.110E+00	7.120E+00	39	7.800E-05
7.120E+00	7.130E+00	26	5.200E-05
7.130E+00	7.140E+00	29	5.800E-05
7.140E+00	7.150E+00	35	7.000E-05
7.150E+00	7.160E+00	18	3.600E-05
7.160E+00	7.170E+00	31	6.200E-05
7.170E+00	7.180E+00	32	6.400E-05
7.180E+00	7.190E+00	31	6.200E-05
7.190E+00	7.200E+00	24	4.800E-05
7.200E+00	7.210E+00	31	6.200E-05
7.210E+00	7.220E+00	15	3.000E-05
7.220E+00	7.230E+00	28	5.600E-05
7.230E+00	7.240E+00	19	3.800E-05
7.240E+00	7.250E+00	25	5.000E-05
7.250E+00	7.260E+00	24	4.800E-05
7.260E+00	7.270E+00	32	6.400E-05
7.270E+00	7.280E+00	29	5.800E-05
7.280E+00	7.290E+00	28	5.600E-05
7.290E+00	7.300E+00	32	6.400E-05
7.300E+00	7.310E+00	19	3.800E-05
7.310E+00	7.320E+00	38	7.600E-05
7.320E+00	7.330E+00	31	6.200E-05
7.330E+00	7.340E+00	39	7.800E-05
7.340E+00	7.350E+00	27	5.400E-05
7.350E+00	7.360E+00	20	4.000E-05
7.360E+00	7.370E+00	25	5.000E-05
7.370E+00	7.380E+00	23	4.600E-05
7.380E+00	7.390E+00	13	2.600E-05
7.390E+00	7.400E+00	30	6.000E-05
7.400E+00	7.410E+00	27	5.400E-05
7.410E+00	7.420E+00	26	5.200E-05
7.420E+00	7.430E+00	26	5.200E-05
7.430E+00	7.440E+00	33	6.600E-05
7.440E+00	7.450E+00	22	4.400E-05
7.450E+00	7.460E+00	22	4.400E-05
7.460E+00	7.470E+00	24	4.800E-05
7.470E+00	7.480E+00	27	5.400E-05
7.480E+00	7.490E+00	25	5.000E-05
7.490E+00	7.500E+00	25	5.000E-05
7.500E+00	7.510E+00	28	5.600E-05
7.510E+00	7.520E+00	24	4.800E-05
7.520E+00	7.530E+00	22	4.400E-05
7.530E+00	7.540E+00	31	6.200E-05
7.540E+00	7.550E+00	13	2.600E-05
7.550E+00	7.560E+00	25	5.000E-05
7.560E+00	7.570E+00	26	5.200E-05
7.570E+00	7.580E+00	22	4.400E-05
7.580E+00	7.590E+00	20	4.000E-05
7.590E+00	7.600E+00	16	3.200E-05
7.600E+00	7.610E+00	30	6.000E-05
7.610E+00	7.620E+00	21	4.200E-05
7.620E+00	7.630E+00	23	4.600E-05
7.630E+00	7.640E+00	26	5.200E-05
7.640E+00	7.650E+00	28	5.600E-05
7.650E+00	7.660E+00	29	5.800E-05
7.660E+00	7.670E+00	23	4.600E-05
7.670E+00	7.680E+00	26	5.200E-05
7.680E+00	7.690E+00	23	4.600E-05
7.690E+00	7.700E+00	21	4.200E-05
7.700E+00	7.710E+00	35	7.000E-05
7.710E+00	7.720E+00	32	6.400E-05
7.720E+00	7.730E+00	31	6.200E-05
7.730E+00	7.740E+00	19	3.800E-05
7.740E+00	7.750E+00	26	5.200E-05
7.750E+00	7.760E+00	18	3.600E-05
7.760E+00	7.770E+00	20	4.000E-05
7.770E+00	7.780E+00	27	5.400E-05
7.780E+00	7.790E+00	21	4.200E-05
7.790E+00	7.800E+00	22	4.400E-05
7.800E+00	7.810E+00	23	4.600E-05
7.810E+00	7.820E+00	27	5.400E-05
7.820E+00	7.830E+00	18	3.600E-05
7.830E+00	7.840E+00	24	4.800E-05
7.840E+00	7.850E+00	24	4.800E-05
7.850E+00	7.860E+00	19	3.800E-05
7.860E+00	7.870E+00	20	4.000E-05
7.870E+00	7.880E+00	24	4.800E-05
7.880E+00	7.890E+00	27	5.400E-05
7.890E+00	7.900E+00	26	5.200E-05
7.900E+00	7.910E+00	26	5.200E-05
7.910E+00	7.920E+00	25	5.000E-05
7.920E+00	7.930E+00	23	4.600E-05
7.930E+00	7.940E+00	20	4.000E-05
7.940E+00	7.950E+00	21	4.200E-05
7.950E+00	7.960E+00	28	5.600E-05
7.960E+00	7.970E+00	22	4.400E-05
7.970E+00	7.980E+00	21	4.200E-05
7.980E+00	7.990E+00	19	3.800E-05
7.990E+00	8.000E+00	20	4.000E-05
8.000E+00	8.010E+00	21	4.200E-05
8.010E+00	8.020E+00	18	3.600E-05
8.020E+00	8.030E+00	23	4.600E-05
8.030E+00	8.040E+00	25	5.000E-05
8.040E+00	8.050E+00	23	4.600E-05
8.050E+00	8.060E+00	25	5.000E-05
8.060E+00	8.070E+00	19	3.800E-05
8.070E+00	8.080E+00	29	5.800E-05
8.080E+00	8.090E+00	27	5.400E-05
8.090E+00	8.100E+00	26	5.200E-05
8.100E+00	8.110E+00	22	4.400E-05
8.110E+00	8.120E+00	16	3.200E-05
8.120E+00	8.130E+00	26	5.200E-05
8.130E+00	8.140E+00	15	3.000E-05
8.140E+00	8.150E+00	20	4.000E-05
8.150E+00	8.160E+00	28	5.600E-05
8.160E+00	8.170E+00	19	3.800E-05
8.170E+00	8.180E+00	20	4.000E-05
8.180E+00	8.190E+00	20	4.000E-05
8.190E+00	8.200E+00	20	4.000E-05
8.200E+00	8.210E+00	19	3.800E-05
8.210E+00	8.220E+00	27	5.400E-05
8.220E+00	8.230E+00	21	4.200E-05
8.230E+00	8.240E+00	21	4.200E-05
8.240E+00	8.250E+00	15	3.000E-05
8.250E+00	8.260E+00	20	4.000E-05
8.260E+00	8.270E+00	16	3.200E-05
8.270E+00	8.280E+00	20	4.000E-05
8.280E+00	8.290E+00	16	3.200E-05
8.290E+00	8.300E+00	18	3.600E-05
8.300E+00	8.310E+00	15	3.000E-05
8.310E+00	8.320E+00	15	3.000E-05
8.320E+00	8.330E+00	16	3.200E-05
8.330E+00	8.340E+00	25	5.000E-05
8.340E+00	8.350E+00	25	5.000E-05
8.350E+00	8.360E+00	14	2.800E-05
8.360E+00	8.370E+00	26	5.200E-05
8.370E+00	8.380E+00	15	3.000E-05
8.380E+00	8.390E+00	17	3.400E-05
8.390E+00	8.400E+00	17	3.400E-05
8.400E+00	8.410E+00	14	2.800E-05
8.410E+00	8.420E+00	14	2.800E-05
8.420E+00	8.430E+00	28	5.600E-05
8.430E+00	8.440E+00	17	3.400E-05
8.440E+00	8.450E+00	17	3.400E-05
8.450E+00	8.460E+00	21	4.200E-05
8.460E+00	8.470E+00	20	4.000E-05
8.470E+00	8.480E+00	20	4.000E-05
8.480E+00	8.490E+00	22	4.400E-05
8.490E+00	8.500E+00	11	2.200E-05
8.500E+00	8.510E+00	20	4.000E-05
8.510E+00	8.520E+00	18	3.600E-05
8.520E+00	8.530E+00	22	4.400E-05
8.530E+00	8.540E+00	17	3.400E-05
8.540E+00	8.550E+00	19	3.800E-05
8.550E+00	8.560E+00	13	2.600E-05
8.560E+00	8.570E+00	6	1.200E-05
8.570E+00	8.580E+00	12	2.400E-05
8.580E+00	8.590E+00	11	2.200E-05
8.590E+00	8.600E+00	21	4.200E-05
8.600E+00	8.610E+00	19	3.800E-05
8.610E+00	8.620E+00	12	2.400E-05
8.620E+00	8.630E+00	17	3.400E-05
8.630E+00	8.640E+00	20	4.000E-05
8.640E+00	8.650E+00	14	2.800E-05
8.650E+00	8.660E+00	18	3.600E-05
8.660E+00	8.670E+00	21	4.200E-05
8.670E+00	8.680E+00	24	4.800E-05
8.680E+00	8.690E+00	26	5.200E-05
8.690E+00	8.700E+00	4	8.000E-06
8.700E+00	8.710E+00	18	3.600E-05
8.710E+00	8.720E+00	24	4.800E-05
8.720E+00	8.730E+00	16	3.200E-05
8.730E+00	8.740E+00	11	2.200E-05
8.740E+00	8.750E+00	18	3.600E-05
8.750E+00	8.760E+00	13	2.600E-05
8.760E+00	8.770E+00	25	5.000E-05
8.770E+00	8.780E+00	19	3.800E-05
8.780E+00	8.790E+00	10	2.000E-05
8.790E+00	8.800E+00	13	2.600E-05
8.800E+00	8.810E+00	17	3.400E-05
8.810E+00	8.820E+00	17	3.400E-05
8.820E+00	8.830E+00	15	3.000E-05
8.830E+00	8.840E+00	17	3.400E-05
8.840E+00	8.850E+00	15	3.000E-05
8.850E+00	8.860E+00	6	1.200E-05
8.860E+00	8.870E+00	12	2.400E-05
8.870E+00	8.880E+00	17	3.400E-05
8.880E+00	8.890E+00	22	4.400E-05
8.890E+00	8.900E+00	12	2.400E-05
8.900E+00	8.910E+00	18	3.600E-05
8.910E+00	8.920E+00	15	3.000E-05
8.920E+00	8.930E+00	14	2.800E-05
8.930E+00	8.940E+00	12	2.400E-05
8.940E+00	8.950E+00	11	2.200E-05
8.950E+00	8.960E+00	15	3.000E-05
8.960E+00	8.970E+00	10	2.000E-05
8.970E+00	8.980E+00	11	2.200E-05
8.980E+00	8.990E+00	11	2.200E-05
8.990E+00	9.000E+00	14	2.800E-05
9.000E+00	9.010E+00	13	2.600E-05
9.010E+00	9.020E+00	13	2.600E-05
9.020E+00	9.030E+00	10	2.000E-05
9.030E+00	9.040E+00	16	3.200E-05
9.040E+00	9.050E+00	15	3.000E-05
9.050E+00	9.060E+00	14	2.800E-05
9.060E+00	9.070E+00	11	2.200E-05
9.070E+00	9.080E+00	21	4.200E-05
9.080E+00	9.090E+00	15	3.000E-05
9.090E+00	9.100E+00	13	2.600E-05
9.100E+00	9.110E+00	13	2.600E-05
9.110E+00	9.120E+00	13	2.600E-05
9.120E+00	9.130E+00	16	3.200E-05
9.130E+00	9.140E+00	8	1.600E-05
9.140E+00	9.150E+00	8	1.600E-05
9.150E+00	9.160E+00	12	2.400E-05
9.160E+00	9.170E+00	12	2.400E-05
9.170E+00	9.180E+00	16	3.200E-05
9.180E+00	9.190E+00	13	2.600E-05
9.190E+00	9.200E+00	15	3.000E-05
9.200E+00	9.210E+00	16	3.200E-05
9.210E+00	9.220E+00	17	3.400E-05
9.220E+00	9.230E+00	10	2.000E-05
9.230E+00	9.240E+00	15	3.000E-05
9.240E+00	9.250E+00	15	3.000E-05
9.250E+00	9.260E+00	11	2.200E-05
9.260E+00	9.270E+00	15	3.000E-05
9.270E+00	9.280E+00	9	1.800E-05
9.280E+00	9.290E+00	10	2.000E-05
9.290E+00	9.300E+00	13	2.600E-05
9.300E+00	9.310E+00	14	2.800E-05
9.310E+00	9.320E+00	13	2.600E-05
9.320E+00	9.330E+00	12	2.400E-05
9.330E+00	9.340E+00	18	3.600E-05
9.340E+00	9.350E+00	10	2.000E-05
9.350E+00	9.360E+00	17	3.400E-05
9.360E+00	9.370E+00	12	2.400E-05
9.370E+00	9.380E+00	13	2.600E-05
9.380E+00	9.390E+00	12	2.400E-05
9.390E+00	9.400E+00	7	1.400E-05
9.400E+00	9.410E+00	11	2.200E-05
9.410E+00	9.420E+00	16	3.200E-05
9.420E+00	9.430E+00	9	1.800E-05
9.430E+00	9.440E+00	12	2.400E-05
9.440E+00	9.450E+00	10	2.000E-05
9.450E+00	9.460E+00	10	2.000E-05
9.460E+00	9.470E+00	7	1.400E-05
9.470E+00	9.480E+00	7	1.400E-05
9.480E+00	9.490E+00	12	2.400E-05
9.490E+00	9.500E+00	7	1.400E-05
9.500E+00	9.510E+00	10	2.000E-05
9.510E+00	9.520E+00	9	1.800E-05
9.520E+00	9.530E+00	11	2.200E-05
9.530E+00	9.540E+00	10	2.000E-05
9.540E+00	9.550E+00	7	1.400E-05
9.550E+00	9.560E+00	13	2.600E-05
9.560E+00	9.570E+00	15	3.000E-05
9.570E+00	9.580E+00	15	3.000E-05
9.580E+00	9.590E+00	17	3.400E-05
9.590E+00	9.600E+00	9	1.800E-05
9.600E+00	9.610E+00	16	3.200E-05
9.610E+00	9.620E+00	7	1.400E-05
9.620E+00	9.630E+00	16	3.200E-05
9.630E+00	9.640E+00	14	2.800E-05
9.640E+00	9.650E+00	16	3.200E-05
9.650E+00	9.660E+00	7	1.400E-05
9.660E+00	9.670E+00	15	3.000E-05
9.670E+00	9.680E+00	3	6.000E-06
9.680E+00	9.690E+00	7	1.400E-05
9.690E+00	9.700E+00	11	2.200E-05
9.700E+00	9.710E+00	11	2.200E-05
9.710E+00	9.720E+00	13	2.600E-05
9.720E+00	9.730E+00	7	1.400E-05
9.730E+00	9.740E+00	11	2.200E-05
9.740E+00	9.750E+00	10	2.000E-05
9.750E+00	9.760E+00	6	1.200E-05
9.760E+00	9.770E+00	12	2.400E-05
9.770E+00	9.780E+00	16	3.200E-05
9.780E+00	9.790E+00	9	1.800E-05
9.790E+00	9.800E+00	11	2.200E-05
9.800E+00	9.810E+00	9	1.800E-05
9.810E+00	9.820E+00	11	2.200E-05
9.820E+00	9.830E+00	9	1.800E-05
9.830E+00	9.840E+00	13	2.600E-05
9.840E+00	9.850E+00	14	2.800E-05
9.850E+00	9.860E+00	9	1.800E-05
9.860E+00	9.870E+00	12	2.400E-05
9.870E+00	9.880E+00	7	1.400E-05
9.880E+00	9.890E+00	8	1.600E-05
9.890E+00	9.900E+00	5	1.000E-05
9.900E+00	9.910E+00	8	1.600E-05
9.910E+00	9.920E+00	13	2.600E-05
9.920E+00	9.930E+00	10	2.000E-05
9.930E+00	9.940E+00	10	2.000E-05
9.940E+00	9.950E+00	12	2.400E-05
9.950E+00	9.960E+00	9	1.800E-05
9.960E+00	9.970E+00	12	2.400E-05
9.970E+00	9.980E+00	13	2.600E-05
9.980E+00	9.990E+00	9	1.800E-05
9.990E+00	1.000E+01	12	2.400E-05
1.000E+01	1.001E+01	8	1.600E-05
1.001E+01	1.002E+01	6	1.200E-05
1.002E+01	1.003E+01	6	1.200E-05
1.003E+01	1.004E+01	9	1.800E-05
1.004E+01	1.005E+01	7	1.400E-05
1.005E+01	1.006E+01	8	1.600E-05
1.006E+01	1.007E+01	10	2.000E-05
1.007E+01	1.008E+01	11	2.200E-05
1.008E+01	1.009E+01	6	1.200E-05
1.009E+01	1.010E+01	7	1.400E-05
1.010E+01	1.011E+01	12	2.400E-05
1.011E+01	1.012E+01	11	2.200E-05
1.012E+01	1.013E+01	8	1.600E-05
1.013E+01	1.014E+01	4	8.000E-06
1.014E+01	1.015E+01	5	1.000E-05
1.015E+01	1.016E+01	13	2.600E-05
1.016E+01	1.017E+01	10	2.000E-05
1.017E+01	1.018E+01	7	1.400E-05
1.018E+01	1.019E+01	6	1.200E-05
1.019E+01	1.020E+01	5	1.000E-05
1.020E+01	1.021E+01	11	2.200E-05
1.021E+01	1.022E+01	8	1.600E-05
1.022E+01	1.023E+01	7	1.400E-05
1.023E+01	1.024E+01	9	1.800E-05
1.024E+01	1.025E+01	5	1.000E-05
1.025E+01	1.026E+01	7	1.400E-05
1.026E+01	1.027E+01	7	1.400E-05
1.027E+01	1.028E+01	5	1.000E-05
1.028E+01	1.029E+01	9	1.800E-05
1.029E+01	1.030E+01	9	1.800E-05
1.030E+01	1.031E+01	11	2.200E-05
1.031E+01	1.032E+01	5	1.000E-05
1.032E+01	1.033E+01	10	2.000E-05
1.033E+01	1.034E+01	5	1.000E-05
1.034E+01	1.035E+01	7	1.400E-05
1.035E+01	1.036E+01	8	1.600E-05
1.036E+01	1.037E+01	9	1.800E-05
1.037E+01	1.038E+01	12	2.400E-05
1.038E+01	1.039E+01	6	1.200E-05
1.039E+01	1.040E+01	7	1.400E-05
1.040E+01	1.041E+01	10	2.000E-05
1.041E+01	1.042E+01	8	1.600E-05
1.042E+01	1.043E+01	7	1.400E-05
1.043E+01	1.044E+01	7	1.400E-05
1.044E+01	1.045E+01	9	1.800E-05
1.045E+01	1.046E+01	8	1.600E-05
1.046E+01	1.047E+01	4	8.000E-06
1.047E+01	1.048E+01	10	2.000E-05
1.048E+01	1.049E+01	9	1.800E-05
1.049E+01	1.050E+01	11	2.200E-05
1.050E+01	1.051E+01	9	1.800E-05
1.051E+01	1.052E+01	2	4.000E-06
1.052E+01	1.053E+01	7	1.400E-05
1.053E+01	1.054E+01	8	1.600E-05
1.054E+01	1.055E+01	4	8.000E-06
1.055E+01	1.056E+01	10	2.000E-05
1.056E+01	1.057E+01	2	4.000E-06
1.057E+01	1.058E+01	7	1.400E-05
1.058E+01	1.059E+01	4	8.000E-06
1.059E+01	1.060E+01	8	1.600E-05
1.060E+01	1.061E+01	6	1.200E-05
1.061E+01	1.062E+01	9	1.800E-05
1.062E+01	1.063E+01	6	1.200E-05
1.063E+01	1.064E+01	7	1.400E-05
1.064E+01	1.065E+01	6	1.200E-05
1.065E+01	1.066E+01	6	1.200E-05
1.066E+01	1.067E+01	8	1.600E-05
1.067E+01	1.068E+01	7	1.400E-05
1.068E+01	1.069E+01	9	1.800E-05
1.069E+01	1.070E+01	3	6.000E-06
1.070E+01	1.071E+01	9	1.800E-05
1.071E+01	1.072E+01	6	1.200E-05
1.072E+01	1.073E+01	8	1.600E-05
1.073E+01	1.074E+01	6	1.200E-05
1.074E+01	1.075E+01	6	1.200E-05
1.075E+01	1.076E+01	5	1.000E-05
1.076E+01	1.077E+01	4	8.000E-06
1.077E+01	1.078E+01	4	8.000E-06
1.078E+01	1.079E+01	5	1.000E-05
1.079E+01	1.080E+01	2	4.000E-06
1.080E+01	1.081E+01	4	8.000E-06
1.081E+01	1.082E+01	6	1.200E-05
1.082E+01	1.083E+01	6	1.200E-05
1.083E+01	1.084E+01	9	1.800E-05
1.084E+01	1.085E+01	7	1.400E-05
1.085E+01	1.086E+01	8	1.600E-05
1.086E+01	1.087E+01	5	1.000E-05
1.087E+01	1.088E+01	8	1.600E-05
1.088E+01	1.089E+01	10	2.000E-05
1.089E+01	1.090E+01	4	8.000E-06
1.090E+01	1.091E+01	7	1.400E-05
1.091E+01	1.092E+01	9	1.800E-05
1.092E+01	1.093E+01	3	6.000E-06
1.093E+01	1.094E+01	7	1.400E-05
1.094E+01	1.095E+01	8	1.600E-05
1.095E+01	1.096E+01	7	1.400E-05
1.096E+01	1.097E+01	8	1.600E-05
1.097E+01	1.098E+01	6	1.200E-05
1.098E+01	1.099E+01	2	4.000E-06
1.099E+01	1.100E+01	6	1.200E-05
1.100E+01	1.101E+01	6	1.200E-05
1.101E+01	1.102E+01	4	8.000E-06
1.102E+01	1.103E+01	5	1.000E-05
1.103E+01	1.104E+01	4	8.000E-06
1.104E+01	1.105E+01	6	1.200E-05
1.105E+01	1.106E+01	6	1.200E-05
1.106E+01	1.107E+01	5	1.000E-05
1.107E+01	1.108E+01	8	1.600E-05
1.108E+01	1.109E+01	1	2.000E-06
1.109E+01	1.110E+01	11	2.200E-05
1.110E+01	1.111E+01	5	1.000E-05
1.111E+01	1.112E+01	7	1.400E-05
1.112E+01	1.113E+01	2	4.000E-06
1.113E+01	1.114E+01	6	1.200E-05
1.114E+01	1.115E+01	4	8.000E-06
1.115E+01	1.116E+01	10	2.000E-05
1.116E+01	1.117E+01	5	1.000E-05
1.117E+01	1.118E+01	9	1.800E-05
1.118E+01	1.119E+01	4	8.000E-06
1.119E+01	1.120E+01	11	2.200E-05
1.120E+01	1.121E+01	4	8.000E-06
1.121E+01	1.122E+01	5	1.000E-05
1.122E+01	1.123E+01	5	1.000E-05
1.123E+01	1.124E+01	6	1.200E-05
1.124E+01	1.125E+01	4	8.000E-06
1.125E+01	1.126E+01	5	1.000E-05
1.126E+01	1.127E+01	5	1.000E-05
1.127E+01	1.128E+01	7	1.400E-05
1.128E+01	1.129E+01	6	1.200E-05
1.129E+01	1.130E+01	6	1.200E-05
1.130E+01	1.131E+01	5	1.000E-05
1.131E+01	1.132E+01	4	8.000E-06
1.132E+01	1.133E+01	8	1.600E-05
1.133E+01	1.134E+01	4	8.000E-06
1.134E+01	1.135E+01	3	6.000E-06
1.135E+01	1.136E+01	5	1.000E-05
1.136E+01	1.137E+01	5	1.000E-05
1.137E+01	1.138E+01	5	1.000E-05
1.138E+01	1.139E+01	4	8.000E-06
1.139E+01	1.140E+01	6	1.200E-05
1.140E+01	1.141E+01	1	2.000E-06
1.141E+01	1.142E+01	7	1.400E-05
1.142E+01	1.143E+01	5	1.000E-05
1.143E+01	1.144E+01	8	1.600E-05
1.144E+01	1.145E+01	2	4.000E-06
1.145E+01	1.146E+01	2	4.000E-06
1.146E+01	1.147E+01	5	1.000E-05
1.147E+01	1.148E+01	3	6.000E-06
1.148E+01	1.149E+01	6	1.200E-05
1.149E+01	1.150E+01	5	1.000E-05
1.150E+01	1.151E+01	8	1.600E-05
1.151E+01	1.152E+01	7	1.400E-05
1.152E+01	1.153E+01	2	4.000E-06
1.153E+01	1.154E+01	7	1.400E-05
1.154E+01	1.155E+01	7	1.400E-05
1.155E+01	1.156E+01	2	4.000E-06
1.156E+01	1.157E+01	2	4.000E-06
1.157E+01	1.158E+01	2	4.000E-06
1.158E+01	1.159E+01	4	8.000E-06
1.159E+01	1.160E+01	5	1.000E-05
1.160E+01	1.161E+01	4	8.000E-06
1.161E+01	1.162E+01	3	6.000E-06
1.162E+01	1.163E+01	8	1.600E-05
1.163E+01	1.164E+01	3	6.000E-06
1.164E+01	1.165E+01	3	6.000E-06
1.165E+01	1.166E+01	3	6.000E-06
1.166E+01	1.167E+01	5	1.000E-05
1.167E+01	1.168E+01	7	1.400E-05
1.168E+01	1.169E+01	3	6.000E-06
1.169E+01	1.170E+01	4	8.000E-06
1.170E+01	1.171E+01	1	2.000E-06
1.171E+01	1.172E+01	4	8.000E-06
1.172E+01	1.173E+01	6	1.200E-05
1.173E+01	1.174E+01	4	8.000E-06
1.174E+01	1.175E+01	4	8.000E-06
1.175E+01	1.176E+01	5	1.000E-05
1.176E+01	1.177E+01	0	0.000E+00
1.177E+01	1.178E+01	6	1.200E-05
1.178E+01	1.179E+01	5	1.000E-05
1.179E+01	1.180E+01	7	1.400E-05
1.180E+01	1.181E+01	5	1.000E-05
1.181E+01	1.182E+01	4	8.000E-06
1.182E+01	1.183E+01	4	8.000E-06
1.183E+01	1.184E+01	0	0.000E+00
1.184E+01	1.185E+01	5	1.000E-05
1.185E+01	1.186E+01	3	6.000E-06
1.186E+01	1.187E+01	6	1.200E-05
1.187E+01	1.188E+01	4	8.000E-06
1.188E+01	1.189E+01	3	6.000E-06
1.189E+01	1.190E+01	3	6.000E-06
1.190E+01	1.191E+01	5	1.000E-05
1.191E+01	1.192E+01	2	4.000E-06
1.192E+01	1.193E+01	9	1.800E-05
1.193E+01	1.194E+01	3	6.000E-06
1.194E+01	1.195E+01	5	1.000E-05
1.195E+01	1.196E+01	2	4.000E-06
1.196E+01	1.197E+01	3	6.000E-06
1.197E+01	1.198E+01	8	1.600E-05
1.198E+01	1.199E+01	1	2.000E-06
1.199E+01	1.200E+01	3	6.000E-06
1.200E+01	1.201E+01	5	1.000E-05
1.201E+01	1.202E+01	5	1.000E-05
1.202E+01	1.203E+01	1	2.000E-06
1.203E+01	1.204E+01	4	8.000E-06
1.204E+01	1.205E+01	3	6.000E-06
1.205E+01	1.206E+01	2	4.000E-06
1.206E+01	1.207E+01	6	1.200E-05
1.207E+01	1.208E+01	5	1.000E-05
1.208E+01	1.209E+01	1	2.000E-06
1.209E+01	1.210E+01	3	6.000E-06
1.210E+01	1.211E+01	3	6.000E-06
1.211E+01	1.212E+01	6	1.200E-05
1.212E+01	1.213E+01	4	8.000E-06
1.213E+01	1.214E+01	3	6.000E-06
1.214E+01	1.215E+01	2	4.000E-06
1.215E+01	1.216E+01	7	1.400E-05
1.216E+01	1.217E+01	1	2.000E-06
1.217E+01	1.218E+01	6	1.200E-05
1.218E+01	1.219E+01	1	2.000E-06
1.219E+01	1.220E+01	0	0.000E+00
1.220E+01	1.221E+01	3	6.000E-06
1.221E+01	1.222E+01	4	8.000E-06
1.222E+01	1.223E+01	4	8.000E-06
1.223E+01	1.224E+01	4	8.000E-06
1.224E+01	1.225E+01	2	4.000E-06
1.225E+01	1.226E+01	5	1.000E-05
1.226E+01	1.227E+01	4	8.000E-06
1.227E+01	1.228E+01	2	4.000E-06
1.228E+01	1.229E+01	2	4.000E-06
1.229E+01	1.230E+01	4	8.000E-06
1.230E+01	1.231E+01	2	4.000E-06
1.231E+01	1.232E+01	3	6.000E-06
1.232E+01	1.233E+01	4	8.000E-06
1.233E+01	1.234E+01	2	4.000E-06
1.234E+01	1.235E+01	1	2.000E-06
1.235E+01	1.236E+01	4	8.000E-06
1.236E+01	1.237E+01	2	4.000E-06
1.237E+01	1.238E+01	2	4.000E-06
1.238E+01	1.239E+01	3	6.000E-06
1.239E+01	1.240E+01	4	8.000E-06
1.240E+01	1.241E+01	2	4.000E-06
1.241E+01	1.242E+01	4	8.000E-06
1.242E+01	1.243E+01	3	6.000E-06
1.243E+01	1.244E+01	5	1.000E-05
1.244E+01	1.245E+01	2	4.000E-06
1.245E+01	1.246E+01	5	1.000E-05
1.246E+01	1.247E+01	0	0.000E+00
1.247E+01	1.248E+01	2	4.000E-06
1.248E+01	1.249E+01	2	4.000E-06
1.249E+01	1.250E+01	2	4.000E-06
1.250E+01	1.251E+01	6	1.200E-05
1.251E+01	1.252E+01	3	6.000E-06
1.252E+01	1.253E+01	2	4.000E-06
1.253E+01	1.254E+01	4	8.000E-06
1.254E+01	1.255E+01	4	8.000E-06
1.255E+01	1.256E+01	2	4.000E-06
1.256E+01	1.257E+01	2	4.000E-06
1.257E+01	1.258E+01	5	1.000E-05
1.258E+01	1.259E+01	1	2.000E-06
1.259E+01	1.260E+01	4	8.000E-06
1.260E+01	1.261E+01	0	0.000E+00
1.261E+01	1.262E+01	3	6.000E-06
1.262E+01	1.263E+01	3	6.000E-06
1.263E+01	1.264E+01	4	8.000E-06
1.264E+01	1.265E+01	1	2.000E-06
1.265E+01	1.266E+01	3	6.000E-06
1.266E+01	1.267E+01	0	0.000E+00
1.267E+01	1.268E+01	4	8.000E-06
1.268E+01	1.269E+01	1	2.000E-06
1.269E+01	1.270E+01	2	4.000E-06
1.270E+01	1.271E+01	2	4.000E-06
1.271E+01	1.272E+01	2	4.000E-06
1.272E+01	1.273E+01	1	2.000E-06
1.273E+01	1.274E+01	3	6.000E-06
1.274E+01	1.275E+01	4	8.000E-06
1.275E+01	1.276E+01	6	1.200E-05
1.276E+01	1.277E+01	3	6.000E-06
1.277E+01	1.278E+01	3	6.000E-06
1.278E+01	1.279E+01	2	4.000E-06
1.279E+01	1.280E+01	5	1.000E-05
1.280E+01	1.281E+01	3	6.000E-06
1.281E+01	1.282E+01	4	8.000E-06
1.282E+01	1.283E+01	3	6.000E-06
1.283E+01	1.284E+01	1	2.000E-06
1.284E+01	1.285E+01	1	2.000E-06
1.285E+01	1.286E+01	1	2.000E-06
1.286E+01	1.287E+01	3	6.000E-06
1.287E+01	1.288E+01	1	2.000E-06
1.288E+01	1.289E+01	2	4.000E-06
1.289E+01	1.290E+01	0	0.000E+00
1.290E+01	1.291E+01	3	6.000E-06
1.291E+01	1.292E+01	4	8.000E-06
1.292E+01	1.293E+01	4	8.000E-06
1.293E+01	1.294E+01	3	6.000E-06
1.294E+01	1.295E+01	2	4.000E-06
1.295E+01	1.296E+01	1	2.000E-06
1.296E+01	1.297E+01	2	4.000E-06
1.297E+01	1.298E+01	2	4.000E-06
1.298E+01	1.299E+01	3	6.000E-06
1.299E+01	1.300E+01	4	8.000E-06
1.300E+01	1.301E+01	0	0.000E+00
1.301E+01	1.302E+01	3	6.000E-06
1.302E+01	1.303E+01	2	4.000E-06
1.303E+01	1.304E+01	6	1.200E-05
1.304E+01	1.305E+01	3	6.000E-06
1.305E+01	1.306E+01	0	0.000E+00
1.306E+01	1.307E+01	0	0.000E+00
1.307E+01	1.308E+01	1	2.000E-06
1.308E+01	1.309E+01	4	8.000E-06
1.309E+01	1.310E+01	3	6.000E-06
1.310E+01	1.311E+01	2	4.000E-06
1.311E+01	1.312E+01	2	4.000E-06
1.312E+01	1.313E+01	0	0.000E+00
1.313E+01	1.314E+01	0	0.000E+00
1.314E+01	1.315E+01	1	2.000E-06
1.315E+01	1.316E+01	0	0.000E+00
1.316E+01	1.317E+01	3	6.000E-06
1.317E+01	1.318E+01	1	2.000E-06
1.318E+01	1.319E+01	2	4.000E-06
1.319E+01	1.320E+01	2	4.000E-06
1.320E+01	1.321E+01	1	2.000E-06
1.321E+01	1.322E+01	2	4.000E-06
1.322E+01	1.323E+01	1	2.000E-06
1.323E+01	1.324E+01	4	8.000E-06
1.324E+01	1.325E+01	0	0.000E+00
1.325E+01	1.326E+01	3	6.000E-06
1.326E+01	1.327E+01	5	1.000E-05
1.327E+01	1.328E+01	1	2.000E-06
1.328E+01	1.329E+01	3	6.000E-06
1.329E+01	1.330E+01	1	2.000E-06
1.330E+01	1.331E+01	4	8.000E-06
1.331E+01	1.332E+01	1	2.000E-06
1.332E+01	1.333E+01	2	4.000E-06
1.333E+01	1.334E+01	2	4.000E-06
1.334E+01	1.335E+01	1	2.000E-06
1.335E+01	1.336E+01	4	8.000E-06
1.336E+01	1.337E+01	2	4.000E-06
1.337E+01	1.338E+01	2	4.000E-06
1.338E+01	1.339E+01	3	6.000E-06
1.339E+01	1.340E+01	2	4.000E-06
1.340E+01	1.341E+01	2	4.000E-06
1.341E+01	1.342E+01	3	6.000E-06
1.342E+01	1.343E+01	2	4.000E-06
1.343E+01	1.344E+01	3	6.000E-06
1.344E+01	1.345E+01	2	4.000E-06
1.345E+01	1.346E+01	1	2.000E-06
1.346E+01	1.347E+01	2	4.000E-06
1.347E+01	1.348E+01	4	8.000E-06
1.348E+01	1.349E+01	3	6.000E-06
1.349E+01	1.350E+01	2	4.000E-06
1.350E+01	1.351E+01	2	4.000E-06
1.351E+01	1.352E+01	2	4.000E-06
1.352E+01	1.353E+01	1	2.000E-06
1.353E+01	1.354E+01	7	1.400E-05
1.354E+01	1.355E+01	1	2.000E-06
1.355E+01	1.356E+01	1	2.000E-06
1.356E+01	1.357E+01	1	2.000E-06
1.357E+01	1.358E+01	3	6.000E-06
1.358E+01	1.359E+01	4	8.000E-06
1.359E+01	1.360E+01	5	1.000E-05
1.360E+01	1.361E+01	2	4.000E-06
1.361E+01	1.362E+01	1	2.000E-06
1.362E+01	1.363E+01	2	4.000E-06
1.363E+01	1.364E+01	2	4.000E-06
1.364E+01	1.365E+01	0	0.000E+00
1.365E+01	1.366E+01	4	8.000E-06
1.366E+01	1.367E+01	3	6.000E-06
1.367E+01	1.368E+01	3	6.000E-06
1.368E+01	1.369E+01	0	0.000E+00
1.369E+01	1.370E+01	0	0.000E+00
1.370E+01	1.371E+01	1	2.000E-06
1.371E+01	1.372E+01	2	4.000E-06
1.372E+01	1.373E+01	1	2.000E-06
1.373E+01	1.374E+01	3	6.000E-06
1.374E+01	1.375E+01	4	8.000E-06
1.375E+01	1.376E+01	1	2.000E-06
1.376E+01	1.377E+01	2	4.000E-06
1.377E+01	1.378E+01	2	4.000E-06
1.378E+01	1.379E+01	0	0.000E+00
1.379E+01	1.380E+01	2	4.000E-06
1.380E+01	1.381E+01	2	4.000E-06
1.381E+01	1.382E+01	3	6.000E-06
1.382E+01	1.383E+01	4	8.000E-06
1.383E+01	1.384E+01	0	0.000E+00
1.384E+01	1.385E+01	1	2.000E-06
1.385E+01	1.386E+01	2	4.000E-06
1.386E+01	1.387E+01	0	0.000E+00
1.387E+01	1.388E+01	0	0.000E+00
1.388E+01	1.389E+01	0	0.000E+00
1.389E+01	1.390E+01	3	6.000E-06
1.390E+01	1.391E+01	2	4.000E-06
1.391E+01	1.392E+01	2	4.000E-06
1.392E+01	1.393E+01	1	2.000E-06
1.393E+01	1.394E+01	1	2.000E-06
1.394E+01	1.395E+01	0	0.000E+00
1.395E+01	1.396E+01	1	2.000E-06
1.396E+01	1.397E+01	3	6.000E-06
1.397E+01	1.398E+01	2	4.000E-06
1.398E+01	1.399E+01	2	4.000E-06
1.399E+01	1.400E+01	3	6.000E-06
1.400E+01	1.401E+01	1	2.000E-06
1.401E+01	1.402E+01	2	4.000E-06
1.402E+01	1.403E+01	2	4.000E-06
1.403E+01	1.404E+01	2	4.000E-06
1.404E+01	1.405E+01	1	2.000E-06
1.405E+01	1.406E+01	2	4.000E-06
1.406E+01	1.407E+01	2	4.000E-06
1.407E+01	1.408E+01	0	0.000E+00
1.408E+01	1.409E+01	1	2.000E-06
1.409E+01	1.410E+01	0	0.000E+00
1.410E+01	1.411E+01	0	0.000E+00
1.411E+01	1.412E+01	5	1.000E-05
1.412E+01	1.413E+01	0	0.000E+00
1.413E+01	1.414E+01	0	0.000E+00
1.414E+01	1.415E+01	1	2.000E-06
1.415E+01	1.416E+01	1	2.000E-06
1.416E+01	1.417E+01	1	2.000E-06
1.417E+01	1.418E+01	0	0.000E+00
1.418E+01	1.419E+01	1	2.000E-06
1.419E+01	1.420E+01	1	2.000E-06
1.420E+01	1.421E+01	2	4.000E-06
1.421E+01	1.422E+01	1	2.000E-06
1.422E+01	1.423E+01	2	4.000E-06
1.423E+01	1.424E+01	1	2.000E-06
1.424E+01	1.425E+01	1	2.000E-06
1.425E+01	1.426E+01	0	0.000E+00
1.426E+01	1.427E+01	0	0.000E+00
1.427E+01	1.428E+01	0	0.000E+00
1.428E+01	1.429E+01	3	6.000E-06
1.429E+01	1.430E+01	1	2.000E-06
1.430E+01	1.431E+01	0	0.000E+00
1.431E+01	1.432E+01	1	2.000E-06
1.432E+01	1.433E+01	1	2.000E-06
1.433E+01	1.434E+01	1	2.000E-06
1.434E+01	1.435E+01	1	2.000E-06
1.435E+01	1.436E+01	0	0.000E+00
1.436E+01	1.437E+01	0	0.000E+00
1.437E+01	1.438E+01	1	2.000E-06
1.438E+01	1.439E+01	1	2.000E-06
1.439E+01	1.440E+01	0	0.000E+00
1.440E+01	1.441E+01	1	2.000E-06
1.441E+01	1.442E+01	3	6.000E-06
1.442E+01	1.443E+01	1	2.000E-06
1.443E+01	1.444E+01	1	2.000E-06
1.444E+01	1.445E+01	1	2.000E-06
1.445E+01	1.446E+01	0	0.000E+00
1.446E+01	1.447E+01	3	6.000E-06
1.447E+01	1.448E+01	0	0.000E+00
1.448E+01	1.449E+01	4	8.000E-06
1.449E+01	1.450E+01	1	2.000E-06
1.450E+01	1.451E+01	3	6.000E-06
1.451E+01	1.452E+01	0	0.000E+00
1.452E+01	1.453E+01	2	4.000E-06
1.453E+01	1.454E+01	2	4.000E-06
1.454E+01	1.455E+01	1	2.000E-06
1.455E+01	1.456E+01	1	2.000E-06
1.456E+01	1.457E+01	0	0.000E+00
1.457E+01	1.458E+01	1	2.000E-06
1.458E+01	1.459E+01	1	2.000E-06
1.459E+01	1.460E+01	3	6.000E-06
1.460E+01	1.461E+01	0	0.000E+00
1.461E+01	1.462E+01	1	2.000E-06
1.462E+01	1.463E+01	0	0.000E+00
1.463E+01	1.464E+01	1	2.000E-06
1.464E+01	1.465E+01	1	2.000E-06
1.465E+01	1.466E+01	2	4.000E-06
1.466E+01	1.467E+01	1	2.000E-06
1.467E+01	1.468E+01	0	0.000E+00
1.468E+01	1.469E+01	2	4.000E-06
1.469E+01	1.470E+01	0	0.000E+00
1.470E+01	1.471E+01	0	0.000E+00
1.471E+01	1.472E+01	1	2.000E-06
1.472E+01	1.473E+01	1	2.000E-06
1.473E+01	1.474E+01	0	0.000E+00
1.474E+01	1.475E+01	2	4.000E-06
1.475E+01	1.476E+01	1	2.000E-06
1.476E+01	1.477E+01	0	0.000E+00
1.477E+01	1.478E+01	2	4.000E-06
1.478E+01	1.479E+01	1	2.000E-06
1.479E+01	1.480E+01	1	2.000E-06
1.480E+01	1.481E+01	0	0.000E+00
1.481E+01	1.482E+01	1	2.000E-06
1.482E+01	1.483E+01	1	2.000E-06
1.483E+01	1.484E+01	1	2.000E-06
1.484E+01	1.485E+01	1	2.000E-06
1.485E+01	1.486E+01	2	4.000E-06
1.486E+01	1.487E+01	1	2.000E-06
1.487E+01	1.488E+01	1	2.000E-06
1.488E+01	1.489E+01	2	4.000E-06
1.489E+01	1.490E+01	1	2.000E-06
1.490E+01	1.491E+01	2	4.000E-06
1.491E+01	1.492E+01	1	2.000E-06
1.492E+01	1.493E+01	1	2.000E-06
1.493E+01	1.494E+01	1	2.000E-06
1.494E+01	1.495E+01	0	0.000E+00
1.495E+01	1.496E+01	1	2.000E-06
1.496E+01	1.497E+01	3	6.000E-06
1.497E+01	1.498E+01	0	0.000E+00
1.498E+01	1.499E+01	0	0.000E+00
1.499E+01	1.500E+01	1	2.000E-06
1.500E+01	1.501E+01	0	0.000E+00
1.501E+01	1.502E+01	0	0.000E+00
1.502E+01	1.503E+01	1	2.000E-06
1.503E+01	1.504E+01	3	6.000E-06
1.504E+01	1.505E+01	0	0.000E+00
1.505E+01	1.506E+01	0	0.000E+00
1.506E+01	1.507E+01	2	4.000E-06
1.507E+01	1.508E+01	1	2.000E-06
1.508E+01	1.509E+01	0	0.000E+00
1.509E+01	1.510E+01	0	0.000E+00
1.510E+01	1.511E+01	1	2.000E-06
1.511E+01	1.512E+01	0	0.000E+00
1.512E+01	1.513E+01	0	0.000E+00
1.513E+01	1.514E+01	0	0.000E+00
1.514E+01	1.515E+01	2	4.000E-06
1.515E+01	1.516E+01	0	0.000E+00
1.516E+01	1.517E+01	0	0.000E+00
1.517E+01	1.518E+01	2	4.000E-06
1.518E+01	1.519E+01	0	0.000E+00
1.519E+01	1.520E+01	1	2.000E-06
1.520E+01	1.521E+01	1	2.000E-06
1.521E+01	1.522E+01	1	2.000E-06
1.522E+01	1.523E+01	1	2.000E-06
1.523E+01	1.524E+01	2	4.000E-06
1.524E+01	1.525E+01	1	2.000E-06
1.525E+01	1.526E+01	0	0.000E+00
1.526E+01	1.527E+01	1	2.000E-06
1.527E+01	1.528E+01	0	0.000E+00
1.528E+01	1.529E+01	2	4.000E-06
1.529E+01	1.530E+01	0	0.000E+00
1.530E+01	1.531E+01	1	2.000E-06
1.531E+01	1.532E+01	1	2.000E-06
1.532E+01	1.533E+01	2	4.000E-06
1.533E+01	1.534E+01	2	4.000E-06
1.534E+01	1.535E+01	1	2.000E-06
1.535E+01	1.536E+01	0	0.000E+00
1.536E+01	1.537E+01	0	0.000E+00
1.537E+01	1.538E+01	0	0.000E+00
1.538E+01	1.539E+01	0	0.000E+00
1.539E+01	1.540E+01	0	0.000E+00
1.540E+01	1.541E+01	1	2.000E-06
1.541E+01	1.542E+01	0	0.000E+00
1.542E+01	1.543E+01	1	2.000E-06
1.543E+01	1.544E+01	0	0.000E+00
1.544E+01	1.545E+01	1	2.000E-06
1.545E+01	1.546E+01	1	2.000E-06
1.546E+01	1.547E+01	2	4.000E-06
1.547E+01	1.548E+01	0	0.000E+00
1.548E+01	1.549E+01	1	2.000E-06
1.549E+01	1.550E+01	0	0.000E+00
1.550E+01	1.551E+01	0	0.000E+00
1.551E+01	1.552E+01	0	0.000E+00
1.552E+01	1.553E+01	0	0.000E+00
1.553E+01	1.554E+01	0	0.000E+00
1.554E+01	1.555E+01	2	4.000E-06
1.555E+01	1.556E+01	1	2.000E-06
1.556E+01	1.557E+01	0	0.000E+00
1.557E+01	1.558E+01	1	2.000E-06
1.558E+01	1.559E+01	1	2.000E-06
1.559E+01	1.560E+01	0	0.000E+00
1.560E+01	1.561E+01	1	2.000E-06
1.561E+01	1.562E+01	0	0.000E+00
1.562E+01	1.563E+01	1	2.000E-06
1.563E+01	1.564E+01	0	0.000E+00
1.564E+01	1.565E+01	0	0.000E+00
1.565E+01	1.566E+01	0	0.000E+00
1.566E+01	1.567E+01	2	4.000E-06
1.567E+01	1.568E+01	2	4.000E-06
1.568E+01	1.569E+01	0	0.000E+00
1.569E+01	1.570E+01	2	4.000E-06
1.570E+01	1.571E+01	0	0.000E+00
1.571E+01	1.572E+01	1	2.000E-06
1.572E+01	1.573E+01	2	4.000E-06
1.573E+01	1.574E+01	0	0.000E+00
1.574E+01	1.575E+01	0	0.000E+00
1.575E+01	1.576E+01	2	4.000E-06
1.576E+01	1.577E+01	1	2.000E-06
1.577E+01	1.578E+01	0	0.000E+00
1.578E+01	1.579E+01	0	0.000E+00
1.579E+01	1.580E+01	1	2.000E-06
1.580E+01	1.581E+01	1	2.000E-06
1.581E+01	1.582E+01	0	0.000E+00
1.582E+01	1.583E+01	0	0.000E+00
1.583E+01	1.584E+01	1	2.000E-06
1.584E+01	1.585E+01	1	2.000E-06
1.585E+01	1.586E+01	1	2.000E-06
1.586E+01	1.587E+01	1	2.000E-06
1.587E+01	1.588E+01	3	6.000E-06
1.588E+01	1.589E+01	1	2.000E-06
1.589E+01	1.590E+01	0	0.000E+00
1.590E+01	1.591E+01	1	2.000E-06
1.591E+01	1.592E+01	0	0.000E+00
1.592E+01	1.593E+01	0	0.000E+00
1.593E+01	1.594E+01	1	2.000E-06
1.594E+01	1.595E+01	0	0.000E+00
1.595E+01	1.596E+01	1	2.000E-06
1.596E+01	1.597E+01	0	0.000E+00
1.597E+01	1.598E+01	0	0.000E+00
1.598E+01	1.599E+01	0	0.000E+00
1.599E+01	1.600E+01	0	0.000E+00
1.600E+01	1.601E+01	0	0.000E+00
1.601E+01	1.602E+01	0	0.000E+00
1.602E+01	1.603E+01	1	2.000E-06
1.603E+01	1.604E+01	0	0.000E+00
1.604E+01	1.605E+01	0	0.000E+00
1.605E+01	1.606E+01	1	2.000E-06
1.606E+01	1.607E+01	2	4.000E-06
1.607E+01	1.608E+01	0	0.000E+00
1.608E+01	1.609E+01	1	2.000E-06
1.609E+01	1.610E+01	0	0.000E+00
1.610E+01	1.611E+01	0	0.000E+00
1.611E+01	1.612E+01	0	0.000E+00
1.612E+01	1.613E+01	0	0.000E+00
1.613E+01	1.614E+01	1	2.000E-06
1.614E+01	1.615E+01	0	0.000E+00
1.615E+01	1.616E+01	0	0.000E+00
1.616E+01	1.617E+01	1	2.000E-06
1.617E+01	1.618E+01	0	0.000E+00
1.618E+01	1.619E+01	1	2.000E-06
1.619E+01	1.620E+01	1	2.000E-06
1.620E+01	1.621E+01	0	0.000E+00
1.621E+01	1.622E+01	1	2.000E-06
1.622E+01	1.623E+01	1	2.000E-06
1.623E+01	1.624E+01	1	2.000E-06
1.624E+01	1.625E+01	0	0.000E+00
1.625E+01	1.626E+01	0	0.000E+00
1.626E+01	1.627E+01	0	0.000E+00
1.627E+01	1.628E+01	0	0.000E+00
1.628E+01	1.629E+01	2	4.000E-06
1.629E+01	1.630E+01	1	2.000E-06
1.630E+01	1.631E+01	0	0.000E+00
1.631E+01	1.632E+01	0	0.000E+00
1.632E+01	1.633E+01	0	0.000E+00
1.633E+01	1.634E+01	0	0.000E+00
1.634E+01	1.635E+01	0	0.000E+00
1.635E+01	1.636E+01	0	0.000E+00
1.636E+01	1.637E+01	0	0.000E+00
1.637E+01	1.638E+01	1	2.000E-06
1.638E+01	1.639E+01	0	0.000E+00
1.639E+01	1.640E+01	1	2.000E-06
1.640E+01	1.641E+01	1	2.000E-06
1.641E+01	1.642E+01	0	0.000E+00
1.642E+01	1.643E+01	1	2.000E-06
1.643E+01	1.644E+01	0	0.000E+00
1.644E+01	1.645E+01	0	0.000E+00
1.645E+01	1.646E+01	0	0.000E+00
1.646E+01	1.647E+01	0	0.000E+00
1.647E+01	1.648E+01	0	0.000E+00
1.648E+01	1.649E+01	1	2.000E-06
1.649E+01	1.650E+01	1	2.000E-06
1.650E+01	1.651E+01	0	0.000E+00
1.651E+01	1.652E+01	1	2.000E-06
1.652E+01	1.653E+01	0	0.000E+00
1.653E+01	1.654E+01	1	2.000E-06
1.654E+01	1.655E+01	1	2.000E-06
1.655E+01	1.656E+01	0	0.000E+00
1.656E+01	1.657E+01	1	2.000E-06
1.657E+01	1.658E+01	0	0.000E+00
1.658E+01	1.659E+01	0	0.000E+00
1.659E+01	1.660E+01	0	0.000E+00
1.660E+01	1.661E+01	0	0.000E+00
1.661E+01	1.662E+01	0	0.000E+00
1.662E+01	1.663E+01	0	0.000E+00
1.663E+01	1.664E+01	0	0.000E+00
1.664E+01	1.665E+01	0	0.000E+00
1.665E+01	1.666E+01	0	0.000E+00
1.666E+01	1.667E+01	1	2.000E-06
1.667E+01	1.668E+01	0	0.000E+00
1.668E+01	1.669E+01	0	0.000E+00
1.669E+01	1.670E+01	0	0.000E+00
1.670E+01	1.671E+01	0	0.000E+00
1.671E+01	1.672E+01	0	0.000E+00
1.672E+01	1.673E+01	0	0.000E+00
1.673E+01	1.674E+01	1	2.000E-06
1.674E+01	1.675E+01	0	0.000E+00
1.675E+01	1.676E+01	1	2.000E-06
1.676E+01	1.677E+01	1	2.000E-06
1.677E+01	1.678E+01	1	2.000E-06
1.678E+01	1.679E+01	1	2.000E-06
1.679E+01	1.680E+01	0	0.000E+00
1.680E+01	1.681E+01	0	0.000E+00
1.681E+01	1.682E+01	0	0.000E+00
1.682E+01	1.683E+01	0	0.000E+00
1.683E+01	1.684E+01	0	0.000E+00
1.684E+01	1.685E+01	0	0.000E+00
1.685E+01	1.686E+01	0	0.000E+00
1.686E+01	1.687E+01	1	2.000E-06
1.687E+01	1.688E+01	0	0.000E+00
1.688E+01	1.689E+01	1	2.000E-06
1.689E+01	1.690E+01	0	0.000E+00
1.690E+01	1.691E+01	0	0.000E+00
1.691E+01	1.692E+01	1	2.000E-06
1.692E+01	1.693E+01	0	0.000E+00
1.693E+01	1.694E+01	0	0.000E+00
1.694E+01	1.695E+01	0	0.000E+00
1.695E+01	1.696E+01	2	4.000E-06
1.696E+01	1.697E+01	0	0.000E+00
1.697E+01	1.698E+01	0	0.000E+00
1.698E+01	1.699E+01	0	0.000E+00
1.699E+01	1.700E+01	0	0.000E+00
1.700E+01	1.701E+01	0	0.000E+00
1.701E+01	1.702E+01	0	0.000E+00
1.702E+01	1.703E+01	0	0.000E+00
1.703E+01	1.704E+01	1	2.000E-06
1.704E+01	1.705E+01	0	0.000E+00
1.705E+01	1.706E+01	0	0.000E+00
1.706E+01	1.707E+01	1	2.000E-06
1.707E+01	1.708E+01	0	0.000E+00
1.708E+01	1.709E+01	0	0.000E+00
1.709E+01	1.710E+01	0	0.000E+00
1.710E+01	1.711E+01	0	0.000E+00
1.711E+01	1.712E+01	1	2.000E-06
1.712E+01	1.713E+01	0	0.000E+00
1.713E+01	1.714E+01	1	2.000E-06
1.714E+01	1.715E+01	1	2.000E-06
1.715E+01	1.716E+01	0	0.000E+00
1.716E+01	1.717E+01	0	0.000E+00
1.717E+01	1.718E+01	1	2.000E-06
1.718E+01	1.719E+01	0	0.000E+00
1.719E+01	1.720E+01	0	0.000E+00
1.720E+01	1.721E+01	0	0.000E+00
1.721E+01	1.722E+01	0	0.000E+00
1.722E+01	1.723E+01	1	2.000E-06
1.723E+01	1.724E+01	1	2.000E-06
1.724E+01	1.725E+01	0	0.000E+00
1.725E+01	1.726E+01	1	2.000E-06
1.726E+01	1.727E+01	0	0.000E+00
1.727E+01	1.728E+01	0	0.000E+00
1.728E+01	1.729E+01	0	0.000E+00
1.729E+01	1.730E+01	0	0.000E+00
1.730E+01	1.731E+01	0	0.000E+00
1.731E+01	1.732E+01	0	0.000E+00
1.732E+01	1.733E+01	0	0.000E+00
1.733E+01	1.734E+01	0	0.000E+00
1.734E+01	1.735E+01	1	2.000E-06
1.735E+01	1.736E+01	0	0.000E+00
1.736E+01	1.737E+01	0	0.000E+00
1.737E+01	1.738E+01	0	0.000E+00
1.738E+01	1.739E+01	0	0.000E+00
1.739E+01	1.740E+01	0	0.000E+00
1.740E+01	1.741E+01	0	0.000E+00
1.741E+01	1.742E+01	1	2.000E-06
1.742E+01	1.743E+01	0	0.000E+00
1.743E+01	1.744E+01	1	2.000E-06
1.744E+01	1.745E+01	0	0.000E+00
1.745E+01	1.746E+01	0	0.000E+00
1.746E+01	1.747E+01	0	0.000E+00
1.747E+01	1.748E+01	0	0.000E+00
1.748E+01	1.749E+01	0	0.000E+00
1.749E+01	1.750E+01	1	2.000E-06
1.750E+01	1.751E+01	0	0.000E+00
1.751E+01	1.752E+01	0	0.000E+00
1.752E+01	1.753E+01	0	0.000E+00
1.753E+01	1.754E+01	1	2.000E-06
1.754E+01	1.755E+01	0	0.000E+00
1.755E+01	1.756E+01	0	0.000E+00
1.756E+01	1.757E+01	0	0.000E+00
1.757E+01	1.758E+01	0	0.000E+00
1.758E+01	1.759E+01	0	0.000E+00
1.759E+01	1.760E+01	0	0.000E+00
1.760E+01	1.761E+01	0	0.000E+00
1.761E+01	1.762E+01	0	0.000E+00
1.762E+01	1.763E+01	0	0.000E+00
1.763E+01	1.764E+01	0	0.000E+00
1.764E+01	1.765E+01	0	0.000E+00
1.765E+01	1.766E+01	1	2.000E-06
1.766E+01	1.767E+01	0	0.000E+00
1.767E+01	1.768E+01	0	0.000E+00
1.768E+01	1.769E+01	0	0.000E+00
1.769E+01	1.770E+01	0	0.000E+00
1.770E+01	1.771E+01	0	0.000E+00
1.771E+01	1.772E+01	2	4.000E-06
1.772E+01	1.773E+01	0	0.000E+00
1.773E+01	1.774E+01	1	2.000E-06
1.774E+01	1.775E+01	0	0.000E+00
1.775E+01	1.776E+01	0	0.000E+00
1.776E+01	1.777E+01	0	0.000E+00
1.777E+01	1.778E+01	0	0.000E+00
1.778E+01	1.779E+01	0	0.000E+00
1.779E+01	1.780E+01	1	2.000E-06
1.780E+01	1.781E+01	0	0.000E+00
1.781E+01	1.782E+01	0	0.000E+00
1.782E+01	1.783E+01	0	0.000E+00
1.783E+01	1.784E+01	1	2.000E-06
1.784E+01	1.785E+01	0	0.000E+00
1.785E+01	1.786E+01	1	2.000E-06
1.786E+01	1.787E+01	0	0.000E+00
1.787E+01	1.788E+01	0	0.000E+00
1.788E+01	1.789E+01	0	0.000E+00
1.789E+01	1.790E+01	0	0.000E+00
1.790E+01	1.791E+01	0	0.000E+00
1.791E+01	1.792E+01	0	0.000E+00
1.792E+01	1.793E+01	0	0.000E+00
1.793E+01	1.794E+01	0	0.000E+00
1.794E+01	1.795E+01	0	0.000E+00
1.795E+01	1.796E+01	0	0.000E+00
1.796E+01	1.797E+01	0	0.000E+00
1.797E+01	1.798E+01	0	0.000E+00
1.798E+01	1.799E+01	0	0.000E+00
1.799E+01	1.800E+01	0	0.000E+00
1.800E+01	1.801E+01	0	0.000E+00
1.801E+01	1.802E+01	0	0.000E+00
1.802E+01	1.803E+01	0	0.000E+00
1.803E+01	1.804E+01	0	0.000E+00
1.804E+01	1.805E+01	0	0.000E+00
1.805E+01	1.806E+01	0	0.000E+00
1.806E+01	1.807E+01	1	2.000E-06
1.807E+01	1.808E+01	0	0.000E+00
1.808E+01	1.809E+01	0	0.000E+00
1.809E+01	1.810E+01	0	0.000E+00
1.810E+01	1.811E+01	0	0.000E+00
1.811E+01	1.812E+01	0	0.000E+00
1.812E+01	1.813E+01	0	0.000E+00
1.813E+01	1.814E+01	1	2.000E-06
1.814E+01	1.815E+01	0	0.000E+00
1.815E+01	1.816E+01	0	0.000E+00
1.816E+01	1.817E+01	0	0.000E+00
1.817E+01	1.818E+01	0	0.000E+00
1.818E+01	1.819E+01	2	4.000E-06
1.819E+01	1.820E+01	0	0.000E+00
1.820E+01	1.821E+01	0	0.000E+00
1.821E+01	1.822E+01	0	0.000E+00
1.822E+01	1.823E+01	0	0.000E+00
1.823E+01	1.824E+01	1	2.000E-06
1.824E+01	1.825E+01	1	2.000E-06
1.825E+01	1.826E+01	1	2.000E-06
1.826E+01	1.827E+01	0	0.000E+00
1.827E+01	1.828E+01	0	0.000E+00
1.828E+01	1.829E+01	0	0.000E+00
1.829E+01	1.830E+01	0	0.000E+00
1.830E+01	1.831E+01	0	0.000E+00
1.831E+01	1.832E+01	3	6.000E-06
1.832E+01	1.833E+01	1	2.000E-06
1.833E+01	1.834E+01	0	0.000E+00
1.834E+01	1.835E+01	0	0.000E+00
1.835E+01	1.836E+01	0	0.000E+00
1.836E+01	1.837E+01	0	0.000E+00
1.837E+01	1.838E+01	0	0.000E+00
1.838E+01	1.839E+01	0	0.000E+00
1.839E+01	1.840E+01	0	0.000E+00
1.840E+01	1.841E+01	0	0.000E+00
1.841E+01	1.842E+01	0	0.000E+00
1.842E+01	1.843E+01	0	0.000E+00
1.843E+01	1.844E+01	0	0.000E+00
1.844E+01	1.845E+01	0	0.000E+00
1.845E+01	1.846E+01	0	0.000E+00
1.846E+01	1.847E+01	0	0.000E+00
1.847E+01	1.848E+01	0	0.000E+00
1.848E+01	1.849E+01	0	0.000E+00
1.849E+01	1.850E+01	0	0.000E+00
1.850E+01	1.851E+01	0	0.000E+00
1.851E+01	1.852E+01	0	0.000E+00
1.852E+01	1.853E+01	0	0.000E+00
1.853E+01	1.854E+01	0	0.000E+00
1.854E+01	1.855E+01	0	0.000E+00
1.855E+01	1.856E+01	2	4.000E-06
1.856E+01	1.857E+01	0	0.000E+00
1.857E+01	1.858E+01	1	2.000E-06
1.858E+01	1.859E+01	0	0.000E+00
1.859E+01	1.860E+01	0	0.000E+00
1.860E+01	1.861E+01	0	0.000E+00
1.861E+01	1.862E+01	0	0.000E+00
1.862E+01	1.863E+01	0	0.000E+00
1.863E+01	1.864E+01	0	0.000E+00
1.864E+01	1.865E+01	1	2.000E-06
1.865E+01	1.866E+01	0	0.000E+00
1.866E+01	1.867E+01	0	0.000E+00
1.867E+01	1.868E+01	0	0.000E+00
1.868E+01	1.869E+01	0	0.000E+00
1.869E+01	1.870E+01	0	0.000E+00
1.870E+01	1.871E+01	0	0.000E+00
1.871E+01	1.872E+01	0	0.000E+00
1.872E+01	1.873E+01	0	0.000E+00
1.873E+01	1.874E+01	0	0.000E+00
1.874E+01	1.875E+01	0	0.000E+00
1.875E+01	1.876E+01	0	0.000E+00
1.876E+01	1.877E+01	0	0.000E+00
1.877E+01	1.878E+01	0	0.000E+00
1.878E+01	1.879E+01	0	0.000E+00
1.879E+01	1.880E+01	0	0.000E+00
1.880E+01	1.881E+01	0	0.000E+00
1.881E+01	1.882E+01	0	0.000E+00
1.882E+01	1.883E+01	0	0.000E+00
1.883E+01	1.884E+01	0	0.000E+00
1.884E+01	1.885E+01	0	0.000E+00
1.885E+01	1.886E+01	0	0.000E+00
1.886E+01	1.887E+01	0	0.000E+00
1.887E+01	1.888E+01	1	2.000E-06
1.888E+01	1.889E+01	0	0.000E+00
1.889E+01	1.890E+01	0	0.000E+00
1.890E+01	1.891E+01	0	0.000E+00
1.891E+01	1.892E+01	0	0.000E+00
1.892E+01	1.893E+01	0	0.000E+00
1.893E+01	1.894E+01	0	0.000E+00
1.894E+01	1.895E+01	0	0.000E+00
1.895E+01	1.896E+01	0	0.000E+00
1.896E+01	1.897E+01	1	2.000E-06
1.897E+01	1.898E+01	0	0.000E+00
1.898E+01	1.899E+01	0	0.000E+00
1.899E+01	1.900E+01	0	0.000E+00
1.900E+01	1.901E+01	0	0.000E+00
1.901E+01	1.902E+01	0	0.000E+00
1.902E+01	1.903E+01	0	0.000E+00
1.903E+01	1.904E+01	0	0.000E+00
1.904E+01	1.905E+01	0	0.000E+00
1.905E+01	1.906E+01	0	0.000E+00
1.906E+01	1.907E+01	0	0.000E+00
1.907E+01	1.908E+01	0	0.000E+00
1.908E+01	1.909E+01	0	0.000E+00
1.909E+01	1.910E+01	0	0.000E+00
1.910E+01	1.911E+01	0	0.000E+00
1.911E+01	1.912E+01	0	0.000E+00
1.912E+01	1.913E+01	0	0.000E+00
1.913E+01	1.914E+01	0	0.000E+00
1.914E+01	1.915E+01	0	0.000E+00
1.915E+01	1.916E+01	0	0.000E+00
1.916E+01	1.917E+01	0	0.000E+00
1.917E+01	1.918E+01	0	0.000E+00
1.918E+01	1.919E+01	0	0.000E+00
1.919E+01	1.920E+01	0	0.000E+00
1.920E+01	1.921E+01	0	0.000E+00
1.921E+01	1.922E+01	0	0.000E+00
1.922E+01	1.923E+01	0	0.000E+00
1.923E+01	1.924E+01	0	0.000E+00
1.924E+01	1.925E+01	1	2.000E-06
1.925E+01	1.926E+01	0	0.000E+00
1.926E+01	1.927E+01	0	0.000E+00
1.927E+01	1.928E+01	0	0.000E+00
1.928E+01	1.929E+01	0	0.000E+00
1.929E+01	1.930E+01	0	0.000E+00
1.930E+01	1.931E+01	0	0.000E+00
1.931E+01	1.932E+01	0	0.000E+00
1.932E+01	1.933E+01	0	0.000E+00
1.933E+01	1.934E+01	0	0.000E+00
1.934E+01	1.935E+01	0	0.000E+00
1.935E+01	1.936E+01	0	0.000E+00
1.936E+01	1.937E+01	0	0.000E+00
1.937E+01	1.938E+01	0	0.000E+00
1.938E+01	1.939E+01	0	0.000E+00
1.939E+01	1.940E+01	0	0.000E+00
1.940E+01	1.941E+01	0	0.000E+00
1.941E+01	1.942E+01	0	0.000E+00
1.942E+01	1.943E+01	2	4.000E-06
1.943E+01	1.944E+01	0	0.000E+00
1.944E+01	1.945E+01	0	0.000E+00
1.945E+01	1.946E+01	1	2.000E-06
1.946E+01	1.947E+01	0	0.000E+00
1.947E+01	1.948E+01	0	0.000E+00
1.948E+01	1.949E+01	1	2.000E-06
1.949E+01	1.950E+01	0	0.000E+00
1.950E+01	1.951E+01	0	0.000E+00
1.951E+01	1.952E+01	0	0.000E+00
1.952E+01	1.953E+01	0	0.000E+00
1.953E+01	1.954E+01	0	0.000E+00
1.954E+01	1.955E+01	0	0.000E+00
1.955E+01	1.956E+01	0	0.000E+00
1.956E+01	1.957E+01	1	2.000E-06
1.957E+01	1.958E+01	0	0.000E+00
1.958E+01	1.959E+01	0	0.000E+00
1.959E+01	1.960E+01	1	2.000E-06
1.960E+01	1.961E+01	0	0.000E+00
1.961E+01	1.962E+01	0	0.000E+00
1.962E+01	1.963E+01	0	0.000E+00
1.963E+01	1.964E+01	0	0.000E+00
1.964E+01	1.965E+01	0	0.000E+00
1.965E+01	1.966E+01	0	0.000E+00
1.966E+01	1.967E+01	0	0.000E+00
1.967E+01	1.968E+01	0	0.000E+00
1.968E+01	1.969E+01	1	2.000E-06
1.969E+01	1.970E+01	1	2.000E-06
1.970E+01	1.971E+01	0	0.000E+00
1.971E+01	1.972E+01	0	0.000E+00
1.972E+01	1.973E+01	0	0.000E+00
1.973E+01	1.974E+01	0	0.000E+00
1.974E+01	1.975E+01	0	0.000E+00
1.975E+01	1.976E+01	1	2.000E-06
1.976E+01	1.977E+01	0	0.000E+00
1.977E+01	1.978E+01	0	0.000E+00
1.978E+01	1.979E+01	0	0.000E+00
1.979E+01	1.980E+01	0	0.000E+00
1.980E+01	1.981E+01	0	0.000E+00
1.981E+01	1.982E+01	0	0.000E+00
1.982E+01	1.983E+01	0	0.000E+00
1.983E+01	1.984E+01	0	0.000E+00
1.984E+01	1.985E+01	1	2.000E-06
1.985E+01	1.986E+01	0	0.000E+00
1.986E+01	1.987E+01	0	0.000E+00
1.987E+01	1.988E+01	0	0.000E+00
1.988E+01	1.989E+01	0	0.000E+00
1.989E+01	1.990E+01	0	0.000E+00
1.990E+01	1.991E+01	0	0.000E+00
1.991E+01	1.992E+01	0	0.000E+00
1.992E+01	1.993E+01	0	0.000E+00
1.993E+01	1.994E+01	0	0.000E+00
1.994E+01	1.995E+01	0	0.000E+00
1.995E+01	1.996E+01	0	0.000E+00
1.996E+01	1.997E+01	0	0.000E+00
1.997E+01	1.998E+01	0	0.000E+00
1.998E+01	1.999E+01	0	0.000E+00
1.999E+01	2.000E+01	0	0.000E+00
2.000E+01	2.001E+01	0	0.000E+00
2.001E+01	2.002E+01	0	0.000E+00
2.002E+01	2.003E+01	0	0.000E+00
2.003E+01	2.004E+01	0	0.000E+00
2.004E+01	2.005E+01	0	0.000E+00
2.005E+01	2.006E+01	0	0.000E+00
2.006E+01	2.007E+01	0	0.000E+00
2.007E+01	2.008E+01	0	0.000E+00
2.008E+01	2.009E+01	1	2.000E-06
2.009E+01	2.010E+01	0	0.000E+00
2.010E+01	2.011E+01	0	0.000E+00
2.011E+01	2.012E+01	0	0.000E+00
2.012E+01	2.013E+01	0	0.000E+00
2.013E+01	2.014E+01	0	0.000E+00
2.014E+01	2.015E+01	0	0.000E+00
2.015E+01	2.016E+01	0	0.000E+00
2.016E+01	2.017E+01	0	0.000E+00
2.017E+01	2.018E+01	0	0.000E+00
2.018E+01	2.019E+01	0	0.000E+00
2.019E+01	2.020E+01	0	0.000E+00
2.020E+01	2.021E+01	0	0.000E+00
2.021E+01	2.022E+01	0	0.000E+00
2.022E+01	2.023E+01	0	0.000E+00
2.023E+01	2.024E+01	0	0.000E+00
2.024E+01	2.025E+01	0	0.000E+00
2.025E+01	2.026E+01	0	0.000E+00
2.026E+01	2.027E+01	0	0.000E+00
2.027E+01	2.028E+01	0	0.000E+00
2.028E+01	2.029E+01	0	0.000E+00
2.029E+01	2.030E+01	0	0.000E+00
2.030E+01	2.031E+01	0	0.000E+00
2.031E+01	2.032E+01	0	0.000E+00
2.032E+01	2.033E+01	0	0.000E+00
2.033E+01	2.034E+01	0	0.000E+00
2.034E+01	2.035E+01	0	0.000E+00
2.035E+01	2.036E+01	0	0.000E+00
2.036E+01	2.037E+01	0	0.000E+00
2.037E+01	2.038E+01	0	0.000E+00
2.038E+01	2.039E+01	0	0.000E+00
2.039E+01	2.040E+01	0	0.000E+00
2.040E+01	2.041E+01	0	0.000E+00
2.041E+01	2.042E+01	0	0.000E+00
2.042E+01	2.043E+01	0	0.000E+00
2.043E+01	2.044E+01	0	0.000E+00
2.044E+01	2.045E+01	1	2.000E-06
2.045E+01	2.046E+01	0	0.000E+00
2.046E+01	2.047E+01	0	0.000E+00
2.047E+01	2.048E+01	0	0.000E+00
2.048E+01	2.049E+01	0	0.000E+00
2.049E+01	2.050E+01	0	0.000E+00
2.050E+01	2.051E+01	1	2.000E-06
2.051E+01	2.052E+01	0	0.000E+00
2.052E+01	2.053E+01	0	0.000E+00
2.053E+01	2.054E+01	0	0.000E+00
2.054E+01	2.055E+01	0	0.000E+00
2.055E+01	2.056E+01	0	0.000E+00
2.056E+01	2.057E+01	0	0.000E+00
2.057E+01	2.058E+01	0	0.000E+00
2.058E+01	2.059E+01	0	0.000E+00
2.059E+01	2.060E+01	1	2.000E-06
2.060E+01	2.061E+01	1	2.000E-06
2.061E+01	2.062E+01	0	0.000E+00
2.062E+01	2.063E+01	0	0.000E+00
2.063E+01	2.064E+01	0	0.000E+00
2.064E+01	2.065E+01	0	0.000E+00
2.065E+01	2.066E+01	0	0.000E+00
2.066E+01	2.067E+01	0	0.000E+00
2.067E+01	2.068E+01	1	2.000E-06
2.068E+01	2.069E+01	0	0.000E+00
2.069E+01	2.070E+01	0	0.000E+00
2.070E+01	2.071E+01	0	0.000E+00
2.071E+01	2.072E+01	0	0.000E+00
2.072E+01	2.073E+01	0	0.000E+00
2.073E+01	2.074E+01	0	0.000E+00
2.074E+01	2.075E+01	0	0.000E+00
2.075E+01	2.076E+01	0	0.000E+00
2.076E+01	2.077E+01	0	0.000E+00
2.077E+01	2.078E+01	0	0.000E+00
2.078E+01	2.079E+01	0	0.000E+00
2.079E+01	2.080E+01	0	0.000E+00
2.080E+01	2.081E+01	0	0.000E+00
2.081E+01	2.082E+01	0	0.000E+00
2.082E+01	2.083E+01	0	0.000E+00
2.083E+01	2.084E+01	0	0.000E+00
2.084E+01	2.085E+01	1	2.000E-06
2.085E+01	2.086E+01	0	0.000E+00
2.086E+01	2.087E+01	0	0.000E+00
2.087E+01	2.088E+01	0	0.000E+00
2.088E+01	2.089E+01	0	0.000E+00
2.089E+01	2.090E+01	0	0.000E+00
2.090E+01	2.091E+01	0	0.000E+00
2.091E+01	2.092E+01	0	0.000E+00
2.092E+01	2.093E+01	0	0.000E+00
2.093E+01	2.094E+01	0	0.000E+00
2.094E+01	2.095E+01	0	0.000E+00
2.095E+01	2.096E+01	0	0.000E+00
2.096E+01	2.097E+01	0	0.000E+00
2.097E+01	2.098E+01	0	0.000E+00
2.098E+01	2.099E+01	0	0.000E+00
2.099E+01	2.100E+01	0	0.000E+00
2.100E+01	2.101E+01	0	0.000E+00
2.101E+01	2.102E+01	0	0.000E+00
2.102E+01	2.103E+01	0	0.000E+00
2.103E+01	2.104E+01	0	0.000E+00
2.104E+01	2.105E+01	1	2.000E-06
2.105E+01	2.106E+01	0	0.000E+00
2.106E+01	2.107E+01	0	0.000E+00
2.107E+01	2.108E+01	0	0.000E+00
2.108E+01	2.109E+01	0	0.000E+00
2.109E+01	2.110E+01	0	0.000E+00
2.110E+01	2.111E+01	0	0.000E+00
2.111E+01	2.112E+01	0	0.000E+00
2.112E+01	2.113E+01	0	0.000E+00
2.113E+01	2.114E+01	0	0.000E+00
2.114E+01	2.115E+01	0	0.000E+00
2.115E+01	2.116E+01	0	0.000E+00
2.116E+01	2.117E+01	0	0.000E+00
2.117E+01	2.118E+01	0	0.000E+00
2.118E+01	2.119E+01	0	0.000E+00
2.119E+01	2.120E+01	0	0.000E+00
2.120E+01	2.121E+01	0	0.000E+00
2.121E+01	2.122E+01	0	0.000E+00
2.122E+01	2.123E+01	0	0.000E+00
2.123E+01	2.124E+01	0	0.000E+00
2.124E+01	2.125E+01	0	0.000E+00
2.125E+01	2.126E+01	0	0.000E+00
2.126E+01	2.127E+01	0	0.000E+00
2.127E+01	2.128E+01	0	0.000E+00
2.128E+01	2.129E+01	0	0.000E+00
2.129E+01	2.130E+01	0	0.000E+00
2.130E+01	2.131E+01	0	0.000E+00
2.131E+01	2.132E+01	0	0.000E+00
2.132E+01	2.133E+01	0	0.000E+00
2.133E+01	2.134E+01	0	0.000E+00
2.134E+01	2.135E+01	0	0.000E+00
2.135E+01	2.136E+01	0	0.000E+00
2.136E+01	2.137E+01	0	0.000E+00
2.137E+01	2.138E+01	0	0.000E+00
2.138E+01	2.139E+01	0	0.000E+00
2.139E+01	2.140E+01	0	0.000E+00
2.140E+01	2.141E+01	0	0.000E+00
2.141E+01	2.142E+01	0	0.000E+00
2.142E+01	2.143E+01	0	0.000E+00
2.143E+01	2.144E+01	0	0.000E+00
2.144E+01	2.145E+01	0	0.000E+00
2.145E+01	2.146E+01	0	0.000E+00
2.146E+01	2.147E+01	0	0.000E+00
2.147E+01	2.148E+01	0	0.000E+00
2.148E+01	2.149E+01	0	0.000E+00
2.149E+01	2.150E+01	0	0.000E+00
2.150E+01	2.151E+01	0	0.000E+00
2.151E+01	2.152E+01	0	0.000E+00
2.152E+01	2.153E+01	0	0.000E+00
2.153E+01	2.154E+01	0	0.000E+00
2.154E+01	2.155E+01	0	0.000E+00
2.155E+01	2.156E+01	0	0.000E+00
2.156E+01	2.157E+01	0	0.000E+00
2.157E+01	2.158E+01	0	0.000E+00
2.158E+01	2.159E+01	0	0.000E+00
2.159E+01	2.160E+01	0	0.000E+00
2.160E+01	2.161E+01	0	0.000E+00
2.161E+01	2.162E+01	0	0.000E+00
2.162E+01	2.163E+01	0	0.000E+00
2.163E+01	2.164E+01	0	0.000E+00
2.164E+01	2.165E+01	0	0.000E+00
2.165E+01	2.166E+01	0	0.000E+00
2.166E+01	2.167E+01	0	0.000E+00
2.167E+01	2.168E+01	0	0.000E+00
2.168E+01	2.169E+01	0	0.000E+00
2.169E+01	2.170E+01	0	0.000E+00
2.170E+01	2.171E+01	0	0.000E+00
2.171E+01	2.172E+01	0	0.000E+00
2.172E+01	2.173E+01	0	0.000E+00
2.173E+01	2.174E+01	0	0.000E+00
2.174E+01	2.175E+01	0	0.000E+00
2.175E+01	2.176E+01	0	0.000E+00
2.176E+01	2.177E+01	0	0.000E+00
2.177E+01	2.178E+01	0	0.000E+00
2.178E+01	2.179E+01	0	0.000E+00
2.179E+01	2.180E+01	0	0.000E+00
2.180E+01	2.181E+01	0	0.000E+00
2.181E+01	2.182E+01	0	0.000E+00
2.182E+01	2.183E+01	0	0.000E+00
2.183E+01	2.184E+01	0	0.000E+00
2.184E+01	2.185E+01	0	0.000E+00
2.185E+01	2.186E+01	0	0.000E+00
2.186E+01	2.187E+01	0	0.000E+00
2.187E+01	2.188E+01	0	0.000E+00
2.188E+01	2.189E+01	0	0.000E+00
2.189E+01	2.190E+01	0	0.000E+00
2.190E+01	2.191E+01	0	0.000E+00
2.191E+01	2.192E+01	1	2.000E-06
2.192E+01	2.193E+01	0	0.000E+00
2.193E+01	2.194E+01	0	0.000E+00
2.194E+01	2.195E+01	0	0.000E+00
2.195E+01	2.196E+01	0	0.000E+00
2.196E+01	2.197E+01	0	0.000E+00
2.197E+01	2.198E+01	0	0.000E+00
2.198E+01	2.199E+01	0	0.000E+00
2.199E+01	2.200E+01	0	0.000E+00
2.200E+01	2.201E+01	0	0.000E+00
2.201E+01	2.202E+01	0	0.000E+00
2.202E+01	2.203E+01	0	0.000E+00
2.203E+01	2.204E+01	0	0.000E+00
2.204E+01	2.205E+01	0	0.000E+00
2.205E+01	2.206E+01	0	0.000E+00
2.206E+01	2.207E+01	0	0.000E+00
2.207E+01	2.208E+01	0	0.000E+00
2.208E+01	2.209E+01	0	0.000E+00
2.209E+01	2.210E+01	0	0.000E+00
2.210E+01	2.211E+01	0	0.000E+00
2.211E+01	2.212E+01	0	0.000E+00
2.212E+01	2.213E+01	0	0.000E+00
2.213E+01	2.214E+01	0	0.000E+00
2.214E+01	2.215E+01	1	2.000E-06
2.215E+01	2.216E+01	0	0.000E+00
2.216E+01	2.217E+01	0	0.000E+00
2.217E+01	2.218E+01	0	0.000E+00
2.218E+01	2.219E+01	0	0.000E+00
2.219E+01	2.220E+01	0	0.000E+00
2.220E+01	2.221E+01	0	0.000E+00
2.221E+01	2.222E+01	0	0.000E+00
2.222E+01	2.223E+01	0	0.000E+00
2.223E+01	2.224E+01	0	0.000E+00
2.224E+01	2.225E+01	0	0.000E+00
2.225E+01	2.226E+01	0	0.000E+00
2.226E+01	2.227E+01	0	0.000E+00
2.227E+01	2.228E+01	0	0.000E+00
2.228E+01	2.229E+01	0	0.000E+00
2.229E+01	2.230E+01	0	0.000E+00
2.230E+01	2.231E+01	0	0.000E+00
2.231E+01	2.232E+01	0	0.000E+00
2.232E+01	2.233E+01	0	0.000E+00
2.233E+01	2.234E+01	0	0.000E+00
2.234E+01	2.235E+01	0	0.000E+00
2.235E+01	2.236E+01	0	0.000E+00
2.236E+01	2.237E+01	0	0.000E+00
2.237E+01	2.238E+01	0	0.000E+00
2.238E+01	2.239E+01	0	0.000E+00
2.239E+01	2.240E+01	0	0.000E+00
2.240E+01	2.241E+01	0	0.000E+00
2.241E+01	2.242E+01	0	0.000E+00
2.242E+01	2.243E+01	0	0.000E+00
2.243E+01	2.244E+01	0	0.000E+00
2.244E+01	2.245E+01	0	0.000E+00
2.245E+01	2.246E+01	0	0.000E+00
2.246E+01	2.247E+01	0	0.000E+00
2.247E+01	2.248E+01	0	0.000E+00
2.248E+01	2.249E+01	0	0.000E+00
2.249E+01	2.250E+01	0	0.000E+00
2.250E+01	2.251E+01	0	0.000E+00
2.251E+01	2.252E+01	0	0.000E+00
2.252E+01	2.253E+01	0	0.000E+00
2.253E+01	2.254E+01	0	0.000E+00
2.254E+01	2.255E+01	0	0.000E+00
2.255E+01	2.256E+01	0	0.000E+00
2.256E+01	2.257E+01	0	0.000E+00
2.257E+01	2.258E+01	0	0.000E+00
2.258E+01	2.259E+01	0	0.000E+00
2.259E+01	2.260E+01	0	0.000E+00
2.260E+01	2.261E+01	0	0.000E+00
2.261E+01	2.262E+01	0	0.000E+00
2.262E+01	2.263E+01	0	0.000E+00
2.263E+01	2.264E+01	0	0.000E+00
2.264E+01	2.265E+01	0	0.000E+00
2.265E+01	2.266E+01	0	0.000E+00
2.266E+01	2.267E+01	0	0.000E+00
2.267E+01	2.268E+01	0	0.000E+00
2.268E+01	2.269E+01	0	0.000E+00
2.269E+01	2.270E+01	0	0.000E+00
2.270E+01	2.271E+01	0	0.000E+00
2.271E+01	2.272E+01	0	0.000E+00
2.272E+01	2.273E+01	0	0.000E+00
2.273E+01	2.274E+01	0	0.000E+00
2.274E+01	2.275E+01	0	0.000E+00
2.275E+01	2.276E+01	0	0.000E+00
2.276E+01	2.277E+01	0	0.000E+00
2.277E+01	2.278E+01	0	0.000E+00
2.278E+01	2.279E+01	0	0.000E+00
2.279E+01	2.280E+01	0	0.000E+00
2.280E+01	2.281E+01	0	0.000E+00
2.281E+01	2.282E+01	0	0.000E+00
2.282E+01	2.283E+01	0	0.000E+00
2.283E+01	2.284E+01	0	0.000E+00
2.284E+01	2.285E+01	0	0.000E+00
2.285E+01	2.286E+01	0	0.000E+00
2.286E+01	2.287E+01	1	2.000E-06
2.287E+01	2.288E+01	0	0.000E+00
2.288E+01	2.289E+01	0	0.000E+00
2.289E+01	2.290E+01	0	0.000E+00
2.290E+01	2.291E+01	0	0.000E+00
2.291E+01	2.292E+01	0	0.000E+00
2.292E+01	2.293E+01	0	0.000E+00
2.293E+01	2.294E+01	0	0.000E+00
2.294E+01	2.295E+01	0	0.000E+00
2.295E+01	2.296E+01	0	0.000E+00
2.296E+01	2.297E+01	0	0.000E+00
2.297E+01	2.298E+01	0	0.000E+00
2.298E+01	2.299E+01	0	0.000E+00
2.299E+01	2.300E+01	0	0.000E+00
2.300E+01	2.301E+01	0	0.000E+00
2.301E+01	2.302E+01	0	0.000E+00
2.302E+01	2.303E+01	0	0.000E+00
2.303E+01	2.304E+01	0	0.000E+00
2.304E+01	2.305E+01	0	0.000E+00
2.305E+01	2.306E+01	0	0.000E+00
2.306E+01	2.307E+01	0	0.000E+00
2.307E+01	2.308E+01	0	0.000E+00
2.308E+01	2.309E+01	0	0.000E+00
2.309E+01	2.310E+01	0	0.000E+00
2.310E+01	2.311E+01	0	0.000E+00
2.311E+01	2.312E+01	0	0.000E+00
2.312E+01	2.313E+01	0	0.000E+00
2.313E+01	2.314E+01	0	0.000E+00
2.314E+01	2.315E+01	0	0.000E+00
2.315E+01	2.316E+01	0	0.000E+00
2.316E+01	2.317E+01	0	0.000E+00
2.317E+01	2.318E+01	0	0.000E+00
2.318E+01	2.319E+01	0	0.000E+00
2.319E+01	2.320E+01	0	0.000E+00
2.320E+01	2.321E+01	0	0.000E+00
2.321E+01	2.322E+01	0	0.000E+00
2.322E+01	2.323E+01	0	0.000E+00
2.323E+01	2.324E+01	0	0.000E+00
2.324E+01	2.325E+01	0	0.000E+00
2.325E+01	2.326E+01	0	0.000E+00
2.326E+01	2.327E+01	0	0.000E+00
2.327E+01	2.328E+01	0	0.000E+00
2.328E+01	2.329E+01	0	0.000E+00
2.329E+01	2.330E+01	0	0.000E+00
2.330E+01	2.331E+01	0	0.000E+00
2.331E+01	2.332E+01	0	0.000E+00
2.332E+01	2.333E+01	0	0.000E+00
2.333E+01	2.334E+01	0	0.000E+00
2.334E+01	2.335E+01	0	0.000E+00
2.335E+01	2.336E+01	0	0.000E+00
2.336E+01	2.337E+01	0	0.000E+00
2.337E+01	2.338E+01	0	0.000E+00
2.338E+01	2.339E+01	0	0.000E+00
2.339E+01	2.340E+01	0	0.000E+00
2.340E+01	2.341E+01	0	0.000E+00
2.341E+01	2.342E+01	0	0.000E+00
2.342E+01	2.343E+01	0	0.000E+00
2.343E+01	2.344E+01	0	0.000E+00
2.344E+01	2.345E+01	0	0.000E+00
2.345E+01	2.346E+01	0	0.000E+00
2.346E+01	2.347E+01	0	0.000E+00
2.347E+01	2.348E+01	1	2.000E-06
2.348E+01	2.349E+01	0	0.000E+00
2.349E+01	2.350E+01	0	0.000E+00
2.350E+01	2.351E+01	0	0.000E+00
2.351E+01	2.352E+01	0	0.000E+00
2.352E+01	2.353E+01	0	0.000E+00
2.353E+01	2.354E+01	0	0.000E+00
2.354E+01	2.355E+01	0	0.000E+00
2.355E+01	2.356E+01	0	0.000E+00
2.356E+01	2.357E+01	0	0.000E+00
2.357E+01	2.358E+01	0	0.000E+00
2.358E+01	2.359E+01	0	0.000E+00
2.359E+01	2.360E+01	0	0.000E+00
2.360E+01	2.361E+01	0	0.000E+00
2.361E+01	2.362E+01	0	0.000E+00
2.362E+01	2.363E+01	0	0.000E+00
2.363E+01	2.364E+01	0	0.000E+00
2.364E+01	2.365E+01	0	0.000E+00
2.365E+01	2.366E+01	0	0.000E+00
2.366E+01	2.367E+01	1	2.000E-06
2.367E+01	2.368E+01	0	0.000E+00
2.368E+01	2.369E+01	0	0.000E+00
2.369E+01	2.370E+01	0	0.000E+00
2.370E+01	2.371E+01	0	0.000E+00
2.371E+01	2.372E+01	0	0.000E+00
2.372E+01	2.373E+01	0	0.000E+00
2.373E+01	2.374E+01	0	0.000E+00
2.374E+01	2.375E+01	0	0.000E+00
2.375E+01	2.376E+01	0	0.000E+00
2.376E+01	2.377E+01	0	0.000E+00
2.377E+01	2.378E+01	0	0.000E+00
2.378E+01	2.379E+01	0	0.000E+00
2.379E+01	2.380E+01	0	0.000E+00
2.380E+01	2.381E+01	0	0.000E+00
2.381E+01	2.382E+01	0	0.000E+00
2.382E+01	2.383E+01	0	0.000E+00
2.383E+01	2.384E+01	0	0.000E+00
2.384E+01	2.385E+01	0	0.000E+00
2.385E+01	2.386E+01	0	0.000E+00
2.386E+01	2.387E+01	0	0.000E+00
2.387E+01	2.388E+01	0	0.000E+00
2.388E+01	2.389E+01	0	0.000E+00
2.389E+01	2.390E+01	0	0.000E+00
2.390E+01	2.391E+01	0	0.000E+00
2.391E+01	2.392E+01	0	0.000E+00
2.392E+01	2.393E+01	0	0.000E+00
2.393E+01	2.394E+01	0	0.000E+00
2.394E+01	2.395E+01	0	0.000E+00
2.395E+01	2.396E+01	0	0.000E+00
2.396E+01	2.397E+01	0	0.000E+00
2.397E+01	2.398E+01	0	0.000E+00
2.398E+01	2.399E+01	0	0.000E+00
2.399E+01	2.400E+01	0	0.000E+00
2.400E+01	2.401E+01	0	0.000E+00
2.401E+01	2.402E+01	0	0.000E+00
2.402E+01	2.403E+01	0	0.000E+00
2.403E+01	2.404E+01	0	0.000E+00
2.404E+01	2.405E+01	0	0.000E+00
2.405E+01	2.406E+01	0	0.000E+00
2.406E+01	2.407E+01	0	0.000E+00
2.407E+01	2.408E+01	0	0.000E+00
2.408E+01	2.409E+01	0	0.000E+00
2.409E+01	2.410E+01	0	0.000E+00
2.410E+01	2.411E+01	0	0.000E+00
2.411E+01	2.412E+01	0	0.000E+00
2.412E+01	2.413E+01	0	0.000E+00
2.413E+01	2.414E+01	0	0.000E+00
2.414E+01	2.415E+01	0	0.000E+00
2.415E+01	2.416E+01	0	0.000E+00
2.416E+01	2.417E+01	0	0.000E+00
2.417E+01	2.418E+01	0	0.000E+00
2.418E+01	2.419E+01	0	0.000E+00
2.419E+01	2.420E+01	0	0.000E+00
2.420E+01	2.421E+01	0	0.000E+00
2.421E+01	2.422E+01	0	0.000E+00
2.422E+01	2.423E+01	0	0.000E+00
2.423E+01	2.424E+01	0	0.000E+00
2.424E+01	2.425E+01	0	0.000E+00
2.425E+01	2.426E+01	0	0.000E+00
2.426E+01	2.427E+01	0	0.000E+00
2.427E+01	2.428E+01	0	0.000E+00
2.428E+01	2.429E+01	0	0.000E+00
2.429E+01	2.430E+01	0	0.000E+00
2.430E+01	2.431E+01	0	0.000E+00
2.431E+01	2.432E+01	0	0.000E+00
2.432E+01	2.433E+01	0	0.000E+00
2.433E+01	2.434E+01	0	0.000E+00
2.434E+01	2.435E+01	0	0.000E+00
2.435E+01	2.436E+01	0	0.000E+00
2.436E+01	2.437E+01	0	0.000E+00
2.437E+01	2.438E+01	0	0.000E+00
2.438E+01	2.439E+01	0	0.000E+00
2.439E+01	2.440E+01	0	0.000E+00
2.440E+01	2.441E+01	0	0.000E+00
2.441E+01	2.442E+01	0	0.000E+00
2.442E+01	2.443E+01	0	0.000E+00
2.443E+01	2.444E+01	0	0.000E+00
2.444E+01	2.445E+01	0	0.000E+00
2.445E+01	2.446E+01	0	0.000E+00
2.446E+01	2.447E+01	0	0.000E+00
2.447E+01	2.448E+01	0	0.000E+00
2.448E+01	2.449E+01	0	0.000E+00
2.449E+01	2.450E+01	0	0.000E+00
2.450E+01	2.451E+01	0	0.000E+00
2.451E+01	2.452E+01	0	0.000E+00
2.452E+01	2.453E+01	0	0.000E+00
2.453E+01	2.454E+01	0	0.000E+00
2.454E+01	2.455E+01	0	0.000E+00
2.455E+01	2.456E+01	0	0.000E+00
2.456E+01	2.457E+01	0	0.000E+00
2.457E+01	2.458E+01	0	0.000E+00
2.458E+01	2.459E+01	0	0.000E+00
2.459E+01	2.460E+01	0	0.000E+00
2.460E+01	2.461E+01	0	0.000E+00
2.461E+01	2.462E+01	0	0.000E+00
2.462E+01	2.463E+01	0	0.000E+00
2.463E+01	2.464E+01	0	0.000E+00
2.464E+01	2.465E+01	0	0.000E+00
2.465E+01	2.466E+01	0	0.000E+00
2.466E+01	2.467E+01	0	0.000E+00
2.467E+01	2.468E+01	0	0.000E+00
2.468E+01	2.469E+01	0	0.000E+00
2.469E+01	2.470E+01	0	0.000E+00
2.470E+01	2.471E+01	0	0.000E+00
2.471E+01	2.472E+01	0	0.000E+00
2.472E+01	2.473E+01	0	0.000E+00
2.473E+01	2.474E+01	0	0.000E+00
2.474E+01	2.475E+01	0	0.000E+00
2.475E+01	2.476E+01	0	0.000E+00
2.476E+01	2.477E+01	0	0.000E+00
2.477E+01	2.478E+01	0	0.000E+00
2.478E+01	2.479E+01	0	0.000E+00
2.479E+01	2.480E+01	0	0.000E+00
2.480E+01	2.481E+01	0	0.000E+00
2.481E+01	2.482E+01	0	0.000E+00
2.482E+01	2.483E+01	0	0.000E+00
2.483E+01	2.484E+01	0	0.000E+00
2.484E+01	2.485E+01	0	0.000E+00
2.485E+01	2.486E+01	0	0.000E+00
2.486E+01	2.487E+01	0	0.000E+00
2.487E+01	2.488E+01	0	0.000E+00
2.488E+01	2.489E+01	0	0.000E+00
2.489E+01	2.490E+01	0	0.000E+00
2.490E+01	2.491E+01	0	0.000E+00
2.491E+01	2.492E+01	0	0.000E+00
2.492E+01	2.493E+01	0	0.000E+00
2.493E+01	2.494E+01	0	0.000E+00
2.494E+01	2.495E+01	0	0.000E+00
2.495E+01	2.496E+01	0	0.000E+00
2.496E+01	2.497E+01	0	0.000E+00
2.497E+01	2.498E+01	0	0.000E+00
2.498E+01	2.499E+01	0	0.000E+00
2.499E+01	2.500E+01	0	0.000E+00
2.500E+01	2.501E+01	0	0.000E+00
2.501E+01	2.502E+01	0	0.000E+00
2.502E+01	2.503E+01	0	0.000E+00
2.503E+01	2.504E+01	0	0.000E+00
2.504E+01	2.505E+01	0	0.000E+00
2.505E+01	2.506E+01	0	0.000E+00
2.506E+01	2.507E+01	0	0.000E+00
2.507E+01	2.508E+01	0	0.000E+00
2.508E+01	2.509E+01	0	0.000E+00
2.509E+01	2.510E+01	0	0.000E+00
2.510E+01	2.511E+01	0	0.000E+00
2.511E+01	2.512E+01	0	0.000E+00
2.512E+01	2.513E+01	0	0.000E+00
2.513E+01	2.514E+01	0	0.000E+00
2.514E+01	2.515E+01	0	0.000E+00
2.515E+01	2.516E+01	0	0.000E+00
2.516E+01	2.517E+01	0	0.000E+00
2.517E+01	2.518E+01	0	0.000E+00
2.518E+01	2.519E+01	0	0.000E+00
2.519E+01	2.520E+01	0	0.000E+00
2.520E+01	2.521E+01	0	0.000E+00
2.521E+01	2.522E+01	0	0.000E+00
2.522E+01	2.523E+01	0	0.000E+00
2.523E+01	2.524E+01	0	0.000E+00
2.524E+01	2.525E+01	0	0.000E+00
2.525E+01	2.526E+01	0	0.000E+00
2.526E+01	2.527E+01	0	0.000E+00
2.527E+01	2.528E+01	0	0.000E+00
2.528E+01	2.529E+01	0	0.000E+00
2.529E+01	2.530E+01	0	0.000E+00
2.530E+01	2.531E+01	0	0.000E+00
2.531E+01	2.532E+01	0	0.000E+00
2.532E+01	2.533E+01	0	0.000E+00
2.533E+01	2.534E+01	0	0.000E+00
2.534E+01	2.535E+01	0	0.000E+00
2.535E+01	2.536E+01	0	0.000E+00
2.536E+01	2.537E+01	0	0.000E+00
2.537E+01	2.538E+01	0	0.000E+00
2.538E+01	2.539E+01	0	0.000E+00
2.539E+01	2.540E+01	0	0.000E+00
2.540E+01	2.541E+01	0	0.000E+00
2.541E+01	2.542E+01	0	0.000E+00
2.542E+01	2.543E+01	0	0.000E+00
2.543E+01	2.544E+01	0	0.000E+00
2.544E+01	2.545E+01	0	0.000E+00
2.545E+01	2.546E+01	0	0.000E+00
2.546E+01	2.547E+01	0	0.000E+00
2.547E+01	2.548E+01	0	0.000E+00
2.548E+01	2.549E+01	0	0.000E+00
2.549E+01	2.550E+01	0	0.000E+00
2.550E+01	2.551E+01	0	0.000E+00
2.551E+01	2.552E+01	0	0.000E+00
2.552E+01	2.553E+01	0	0.000E+00
2.553E+01	2.554E+01	0	0.000E+00
2.554E+01	2.555E+01	0	0.000E+00
2.555E+01	2.556E+01	0	0.000E+00
2.556E+01	2.557E+01	0	0.000E+00
2.557E+01	2.558E+01	0	0.000E+00
2.558E+01	2.559E+01	0	0.000E+00
2.559E+01	2.560E+01	0	0.000E+00
2.560E+01	2.561E+01	0	0.000E+00
2.561E+01	2.562E+01	0	0.000E+00
2.562E+01	2.563E+01	0	0.000E+00
2.563E+01	2.564E+01	0	0.000E+00
2.564E+01	2.565E+01	0	0.000E+00
2.565E+01	2.566E+01	0	0.000E+00
2.566E+01	2.567E+01	0	0.000E+00
2.567E+01	2.568E+01	0	0.000E+00
2.568E+01	2.569E+01	0	0.000E+00
2.569E+01	2.570E+01	0	0.000E+00
2.570E+01	2.571E+01	0	0.000E+00
2.571E+01	2.572E+01	0	0.000E+00
2.572E+01	2.573E+01	0	0.000E+00
2.573E+01	2.574E+01	0	0.000E+00
2.574E+01	2.575E+01	0	0.000E+00
2.575E+01	2.576E+01	0	0.000E+00
2.576E+01	2.577E+01	0	0.000E+00
2.577E+01	2.578E+01	0	0.000E+00
2.578E+01	2.579E+01	0	0.000E+00
2.579E+01	2.580E+01	0	0.000E+00
2.580E+01	2.581E+01	0	0.000E+00
2.581E+01	2.582E+01	0	0.000E+00
2.582E+01	2.583E+01	0	0.000E+00
2.583E+01	2.584E+01	0	0.000E+00
2.584E+01	2.585E+01	0	0.000E+00
2.585E+01	2.586E+01	0	0.000E+00
2.586E+01	2.587E+01	0	0.000E+00
2.587E+01	2.588E+01	0	0.000E+00
2.588E+01	2.589E+01	0	0.000E+00
2.589E+01	2.590E+01	0	0.000E+00
2.590E+01	2.591E+01	0	0.000E+00
2.591E+01	2.592E+01	0	0.000E+00
2.592E+01	2.593E+01	0	0.000E+00
2.593E+01	2.594E+01	0	0.000E+00
2.594E+01	2.595E+01	0	0.000E+00
2.595E+01	2.596E+01	0	0.000E+00
2.596E+01	2.597E+01	0	0.000E+00
2.597E+01	2.598E+01	0	0.000E+00
2.598E+01	2.599E+01	0	0.000E+00
2.599E+01	2.600E+01	0	0.000E+00
2.600E+01	2.601E+01	0	0.000E+00
2.601E+01	2.602E+01	0	0.000E+00
2.602E+01	2.603E+01	0	0.000E+00
2.603E+01	2.604E+01	0	0.000E+00
2.604E+01	2.605E+01	0	0.000E+00
2.605E+01	2.606E+01	0	0.000E+00
2.606E+01	2.607E+01	0	0.000E+00
2.607E+01	2.608E+01	0	0.000E+00
2.608E+01	2.609E+01	0	0.000E+00
2.609E+01	2.610E+01	0	0.000E+00
2.610E+01	2.611E+01	0	0.000E+00
2.611E+01	2.612E+01	0	0.000E+00
2.612E+01	2.613E+01	0	0.000E+00
2.613E+01	2.614E+01	0	0.000E+00
2.614E+01	2.615E+01	0	0.000E+00
2.615E+01	2.616E+01	0	0.000E+00
2.616E+01	2.617E+01	0	0.000E+00
2.617E+01	2.618E+01	0	0.000E+00
2.618E+01	2.619E+01	0	0.000E+00
2.619E+01	2.620E+01	0	0.000E+00
2.620E+01	2.621E+01	0	0.000E+00
2.621E+01	2.622E+01	0	0.000E+00
2.622E+01	2.623E+01	0	0.000E+00
2.623E+01	2.624E+01	0	0.000E+00
2.624E+01	2.625E+01	0	0.000E+00
2.625E+01	2.626E+01	0	0.000E+00
2.626E+01	2.627E+01	0	0.000E+00
2.627E+01	2.628E+01	0	0.000E+00
2.628E+01	2.629E+01	0	0.000E+00
2.629E+01	2.630E+01	0	0.000E+00
2.630E+01	2.631E+01	0	0.000E+00
2.631E+01	2.632E+01	0	0.000E+00
2.632E+01	2.633E+01	0	0.000E+00
2.633E+01	2.634E+01	0	0.000E+00
2.634E+01	2.635E+01	0	0.000E+00
2.635E+01	2.636E+01	0	0.000E+00
2.636E+01	2.637E+01	0	0.000E+00
2.637E+01	2.638E+01	0	0.000E+00
2.638E+01	2.639E+01	0	0.000E+00
2.639E+01	2.640E+01	0	0.000E+00
2.640E+01	2.641E+01	0	0.000E+00
2.641E+01	2.642E+01	0	0.000E+00
2.642E+01	2.643E+01	0	0.000E+00
2.643E+01	2.644E+01	0	0.000E+00
2.644E+01	2.645E+01	0	0.000E+00
2.645E+01	2.646E+01	0	0.000E+00
2.646E+01	2.647E+01	0	0.000E+00
2.647E+01	2.648E+01	0	0.000E+00
2.648E+01	2.649E+01	0	0.000E+00
2.649E+01	2.650E+01	0	0.000E+00
2.650E+01	2.651E+01	0	0.000E+00
2.651E+01	2.652E+01	0	0.000E+00
2.652E+01	2.653E+01	0	0.000E+00
2.653E+01	2.654E+01	0	0.000E+00
2.654E+01	2.655E+01	0	0.000E+00
2.655E+01	2.656E+01	0	0.000E+00
2.656E+01	2.657E+01	0	0.000E+00
2.657E+01	2.658E+01	0	0.000E+00
2.658E+01	2.659E+01	0	0.000E+00
2.659E+01	2.660E+01	0	0.000E+00
2.660E+01	2.661E+01	0	0.000E+00
2.661E+01	2.662E+01	0	0.000E+00
2.662E+01	2.663E+01	0	0.000E+00
2.663E+01	2.664E+01	0	0.000E+00
2.664E+01	2.665E+01	0	0.000E+00
2.665E+01	2.666E+01	0	0.000E+00
2.666E+01	2.667E+01	0	0.000E+00
2.667E+01	2.668E+01	0	0.000E+00
2.668E+01	2.669E+01	0	0.000E+00
2.669E+01	2.670E+01	0	0.000E+00
2.670E+01	2.671E+01	0	0.000E+00
2.671E+01	2.672E+01	0	0.000E+00
2.672E+01	2.673E+01	0	0.000E+00
2.673E+01	2.674E+01	0	0.000E+00
2.674E+01	2.675E+01	0	0.000E+00
2.675E+01	2.676E+01	0	0.000E+00
2.676E+01	2.677E+01	0	0.000E+00
2.677E+01	2.678E+01	0	0.000E+00
2.678E+01	2.679E+01	0	0.000E+00
2.679E+01	2.680E+01	0	0.000E+00
2.680E+01	2.681E+01	0	0.000E+00
2.681E+01	2.682E+01	0	0.000E+00
2.682E+01	2.683E+01	0	0.000E+00
2.683E+01	2.684E+01	0	0.000E+00
2.684E+01	2.685E+01	0	0.000E+00
2.685E+01	2.686E+01	0	0.000E+00
2.686E+01	2.687E+01	0	0.000E+00
2.687E+01	2.688E+01	0	0.000E+00
2.688E+01	2.689E+01	0	0.000E+00
2.689E+01	2.690E+01	0	0.000E+00
2.690E+01	2.691E+01	0	0.000E+00
2.691E+01	2.692E+01	0	0.000E+00
2.692E+01	2.693E+01	0	0.000E+00
2.693E+01	2.694E+01	0	0.000E+00
2.694E+01	2.695E+01	0	0.000E+00
2.695E+01	2.696E+01	0	0.000E+00
2.696E+01	2.697E+01	0	0.000E+00
2.697E+01	2.698E+01	0	0.000E+00
2.698E+01	2.699E+01	0	0.000E+00
2.699E+01	2.700E+01	0	0.000E+00
2.700E+01	2.701E+01	0	0.000E+00
2.701E+01	2.702E+01	0	0.000E+00
2.702E+01	2.703E+01	0	0.000E+00
2.703E+01	2.704E+01	0	0.000E+00
2.704E+01	2.705E+01	0	0.000E+00
2.705E+01	2.706E+01	0	0.000E+00
2.706E+01	2.707E+01	0	0.000E+00
2.707E+01	2.708E+01	0	0.000E+00
2.708E+01	2.709E+01	0	0.000E+00
2.709E+01	2.710E+01	0	0.000E+00
2.710E+01	2.711E+01	0	0.000E+00
2.711E+01	2.712E+01	0	0.000E+00
2.712E+01	2.713E+01	0	0.000E+00
2.713E+01	2.714E+01	0	0.000E+00
2.714E+01	2.715E+01	0	0.000E+00
2.715E+01	2.716E+01	0	0.000E+00
2.716E+01	2.717E+01	0	0.000E+00
2.717E+01	2.718E+01	0	0.000E+00
2.718E+01	2.719E+01	0	0.000E+00
2.719E+01	2.720E+01	0	0.000E+00
2.720E+01	2.721E+01	0	0.000E+00
2.721E+01	2.722E+01	0	0.000E+00
2.722E+01	2.723E+01	0	0.000E+00
2.723E+01	2.724E+01	1	2.000E-06
2.724E+01	2.724E+01	0	0.000E+00
