m_start	m_end	count	relcount
0.000E+00	1.000E-02	8906	1.781E-02
1.000E-02	2.000E-02	8789	1.758E-02
2.000E-02	3.000E-02	8468	1.694E-02
3.000E-02	4.000E-02	7984	1.597E-02
4.000E-02	5.000E-02	8040	1.608E-02
5.000E-02	6.000E-02	7646	1.529E-02
6.000E-02	7.000E-02	7329	1.466E-02
7.000E-02	8.000E-02	7156	1.431E-02
8.000E-02	9.000E-02	7121	1.424E-02
9.000E-02	1.000E-01	6867	1.373E-02
1.000E-01	1.100E-01	6573	1.315E-02
1.100E-01	1.200E-01	6626	1.325E-02
1.200E-01	1.300E-01	6295	1.259E-02
1.300E-01	1.400E-01	6121	1.224E-02
1.400E-01	1.500E-01	5994	1.199E-02
1.500E-01	1.600E-01	5838	1.168E-02
1.600E-01	1.700E-01	5587	1.117E-02
1.700E-01	1.800E-01	5477	1.095E-02
1.800E-01	1.900E-01	5248	1.050E-02
1.900E-01	2.000E-01	5014	1.003E-02
2.000E-01	2.100E-01	5021	1.004E-02
2.100E-01	2.200E-01	4854	9.708E-03
2.200E-01	2.300E-01	4771	9.542E-03
2.300E-01	2.400E-01	4534	9.068E-03
2.400E-01	2.500E-01	4496	8.992E-03
2.500E-01	2.600E-01	4455	8.910E-03
2.600E-01	2.700E-01	4307	8.614E-03
2.700E-01	2.800E-01	4168	8.336E-03
2.800E-01	2.900E-01	4065	8.130E-03
2.900E-01	3.000E-01	3948	7.896E-03
3.000E-01	3.100E-01	4002	8.004E-03
3.100E-01	3.200E-01	3800	7.600E-03
3.200E-01	3.300E-01	3751	7.502E-03
3.300E-01	3.400E-01	3694	7.388E-03
3.400E-01	3.500E-01	3494	6.988E-03
3.500E-01	3.600E-01	3485	6.970E-03
3.600E-01	3.700E-01	3411	6.822E-03
3.700E-01	3.800E-01	3345	6.690E-03
3.800E-01	3.900E-01	3392	6.784E-03
3.900E-01	4.000E-01	3092	6.184E-03
4.000E-01	4.100E-01	3141	6.282E-03
4.100E-01	4.200E-01	3129	6.258E-03
4.200E-01	4.300E-01	2954	5.908E-03
4.300E-01	4.400E-01	3051	6.102E-03
4.400E-01	4.500E-01	2916	5.832E-03
4.500E-01	4.600E-01	2832	5.664E-03
4.600E-01	4.700E-01	2871	5.742E-03
4.700E-01	4.800E-01	2729	5.458E-03
4.800E-01	4.900E-01	2759	5.518E-03
4.900E-01	5.000E-01	2664	5.328E-03
5.000E-01	5.100E-01	2601	5.202E-03
5.100E-01	5.200E-01	2574	5.148E-03
5.200E-01	5.300E-01	2584	5.168E-03
5.300E-01	5.400E-01	2506	5.012E-03
5.400E-01	5.500E-01	2460	4.920E-03
5.500E-01	5.600E-01	2464	4.928E-03
5.600E-01	5.700E-01	2306	4.612E-03
5.700E-01	5.800E-01	2248	4.496E-03
5.800E-01	5.900E-01	2283	4.566E-03
5.900E-01	6.000E-01	2233	4.466E-03
6.000E-01	6.100E-01	2281	4.562E-03
6.100E-01	6.200E-01	2134	4.268E-03
6.200E-01	6.300E-01	2159	4.318E-03
6.300E-01	6.400E-01	2065	4.130E-03
6.400E-01	6.500E-01	2104	4.208E-03
6.500E-01	6.600E-01	2113	4.226E-03
6.600E-01	6.700E-01	2140	4.280E-03
6.700E-01	6.800E-01	1982	3.964E-03
6.800E-01	6.900E-01	2056	4.112E-03
6.900E-01	7.000E-01	2007	4.014E-03
7.000E-01	7.100E-01	1977	3.954E-03
7.100E-01	7.200E-01	1828	3.656E-03
7.200E-01	7.300E-01	1878	3.756E-03
7.300E-01	7.400E-01	1891	3.782E-03
7.400E-01	7.500E-01	1850	3.700E-03
7.500E-01	7.600E-01	1827	3.654E-03
7.600E-01	7.700E-01	1767	3.534E-03
7.700E-01	7.800E-01	1758	3.516E-03
7.800E-01	7.900E-01	1747	3.494E-03
7.900E-01	8.000E-01	1769	3.538E-03
8.000E-01	8.100E-01	1686	3.372E-03
8.100E-01	8.200E-01	1679	3.358E-03
8.200E-01	8.300E-01	1641	3.282E-03
8.300E-01	8.400E-01	1554	3.108E-03
8.400E-01	8.500E-01	1565	3.130E-03
8.500E-01	8.600E-01	1578	3.156E-03
8.600E-01	8.700E-01	1583	3.166E-03
8.700E-01	8.800E-01	1587	3.174E-03
8.800E-01	8.900E-01	1509	3.018E-03
8.900E-01	9.000E-01	1511	3.022E-03
9.000E-01	9.100E-01	1494	2.988E-03
9.100E-01	9.200E-01	1482	2.964E-03
9.200E-01	9.300E-01	1516	3.032E-03
9.300E-01	9.400E-01	1457	2.914E-03
9.400E-01	9.500E-01	1429	2.858E-03
9.500E-01	9.600E-01	1414	2.828E-03
9.600E-01	9.700E-01	1358	2.716E-03
9.700E-01	9.800E-01	1325	2.650E-03
9.800E-01	9.900E-01	1356	2.712E-03
9.900E-01	1.000E+00	1350	2.700E-03
1.000E+00	1.010E+00	1271	2.542E-03
1.010E+00	1.020E+00	1277	2.554E-03
1.020E+00	1.030E+00	1347	2.694E-03
1.030E+00	1.040E+00	1255	2.510E-03
1.040E+00	1.050E+00	1294	2.588E-03
1.050E+00	1.060E+00	1280	2.560E-03
1.060E+00	1.070E+00	1212	2.424E-03
1.070E+00	1.080E+00	1270	2.540E-03
1.080E+00	1.090E+00	1216	2.432E-03
1.090E+00	1.100E+00	1212	2.424E-03
1.100E+00	1.110E+00	1212	2.424E-03
1.110E+00	1.120E+00	1200	2.400E-03
1.120E+00	1.130E+00	1220	2.440E-03
1.130E+00	1.140E+00	1110	2.220E-03
1.140E+00	1.150E+00	1208	2.416E-03
1.150E+00	1.160E+00	1114	2.228E-03
1.160E+00	1.170E+00	1102	2.204E-03
1.170E+00	1.180E+00	1102	2.204E-03
1.180E+00	1.190E+00	1120	2.240E-03
1.190E+00	1.200E+00	1128	2.256E-03
1.200E+00	1.210E+00	1070	2.140E-03
1.210E+00	1.220E+00	1041	2.082E-03
1.220E+00	1.230E+00	1116	2.232E-03
1.230E+00	1.240E+00	1064	2.128E-03
1.240E+00	1.250E+00	1025	2.050E-03
1.250E+00	1.260E+00	998	1.996E-03
1.260E+00	1.270E+00	1039	2.078E-03
1.270E+00	1.280E+00	991	1.982E-03
1.280E+00	1.290E+00	1020	2.040E-03
1.290E+00	1.300E+00	1006	2.012E-03
1.300E+00	1.310E+00	979	1.958E-03
1.310E+00	1.320E+00	912	1.824E-03
1.320E+00	1.330E+00	941	1.882E-03
1.330E+00	1.340E+00	915	1.830E-03
1.340E+00	1.350E+00	945	1.890E-03
1.350E+00	1.360E+00	914	1.828E-03
1.360E+00	1.370E+00	859	1.718E-03
1.370E+00	1.380E+00	933	1.866E-03
1.380E+00	1.390E+00	900	1.800E-03
1.390E+00	1.400E+00	843	1.686E-03
1.400E+00	1.410E+00	860	1.720E-03
1.410E+00	1.420E+00	874	1.748E-03
1.420E+00	1.430E+00	849	1.698E-03
1.430E+00	1.440E+00	885	1.770E-03
1.440E+00	1.450E+00	810	1.620E-03
1.450E+00	1.460E+00	820	1.640E-03
1.460E+00	1.470E+00	850	1.700E-03
1.470E+00	1.480E+00	834	1.668E-03
1.480E+00	1.490E+00	762	1.524E-03
1.490E+00	1.500E+00	794	1.588E-03
1.500E+00	1.510E+00	799	1.598E-03
1.510E+00	1.520E+00	806	1.612E-03
1.520E+00	1.530E+00	792	1.584E-03
1.530E+00	1.540E+00	767	1.534E-03
1.540E+00	1.550E+00	783	1.566E-03
1.550E+00	1.560E+00	816	1.632E-03
1.560E+00	1.570E+00	767	1.534E-03
1.570E+00	1.580E+00	739	1.478E-03
1.580E+00	1.590E+00	724	1.448E-03
1.590E+00	1.600E+00	737	1.474E-03
1.600E+00	1.610E+00	732	1.464E-03
1.610E+00	1.620E+00	755	1.510E-03
1.620E+00	1.630E+00	707	1.414E-03
1.630E+00	1.640E+00	694	1.388E-03
1.640E+00	1.650E+00	734	1.468E-03
1.650E+00	1.660E+00	717	1.434E-03
1.660E+00	1.670E+00	713	1.426E-03
1.670E+00	1.680E+00	685	1.370E-03
1.680E+00	1.690E+00	680	1.360E-03
1.690E+00	1.700E+00	679	1.358E-03
1.700E+00	1.710E+00	672	1.344E-03
1.710E+00	1.720E+00	675	1.350E-03
1.720E+00	1.730E+00	649	1.298E-03
1.730E+00	1.740E+00	668	1.336E-03
1.740E+00	1.750E+00	655	1.310E-03
1.750E+00	1.760E+00	679	1.358E-03
1.760E+00	1.770E+00	640	1.280E-03
1.770E+00	1.780E+00	611	1.222E-03
1.780E+00	1.790E+00	662	1.324E-03
1.790E+00	1.800E+00	638	1.276E-03
1.800E+00	1.810E+00	647	1.294E-03
1.810E+00	1.820E+00	614	1.228E-03
1.820E+00	1.830E+00	577	1.154E-03
1.830E+00	1.840E+00	644	1.288E-03
1.840E+00	1.850E+00	609	1.218E-03
1.850E+00	1.860E+00	611	1.222E-03
1.860E+00	1.870E+00	621	1.242E-03
1.870E+00	1.880E+00	588	1.176E-03
1.880E+00	1.890E+00	559	1.118E-03
1.890E+00	1.900E+00	611	1.222E-03
1.900E+00	1.910E+00	575	1.150E-03
1.910E+00	1.920E+00	582	1.164E-03
1.920E+00	1.930E+00	582	1.164E-03
1.930E+00	1.940E+00	522	1.044E-03
1.940E+00	1.950E+00	549	1.098E-03
1.950E+00	1.960E+00	528	1.056E-03
1.960E+00	1.970E+00	548	1.096E-03
1.970E+00	1.980E+00	557	1.114E-03
1.980E+00	1.990E+00	502	1.004E-03
1.990E+00	2.000E+00	550	1.100E-03
2.000E+00	2.010E+00	521	1.042E-03
2.010E+00	2.020E+00	500	1.000E-03
2.020E+00	2.030E+00	500	1.000E-03
2.030E+00	2.040E+00	514	1.028E-03
2.040E+00	2.050E+00	499	9.980E-04
2.050E+00	2.060E+00	515	1.030E-03
2.060E+00	2.070E+00	499	9.980E-04
2.070E+00	2.080E+00	490	9.800E-04
2.080E+00	2.090E+00	458	9.160E-04
2.090E+00	2.100E+00	549	1.098E-03
2.100E+00	2.110E+00	503	1.006E-03
2.110E+00	2.120E+00	476	9.520E-04
2.120E+00	2.130E+00	460	9.200E-04
2.130E+00	2.140E+00	469	9.380E-04
2.140E+00	2.150E+00	485	9.700E-04
2.150E+00	2.160E+00	484	9.680E-04
2.160E+00	2.170E+00	433	8.660E-04
2.170E+00	2.180E+00	487	9.740E-04
2.180E+00	2.190E+00	482	9.640E-04
2.190E+00	2.200E+00	458	9.160E-04
2.200E+00	2.210E+00	411	8.220E-04
2.210E+00	2.220E+00	459	9.180E-04
2.220E+00	2.230E+00	406	8.120E-04
2.230E+00	2.240E+00	471	9.420E-04
2.240E+00	2.250E+00	466	9.320E-04
2.250E+00	2.260E+00	431	8.620E-04
2.260E+00	2.270E+00	443	8.860E-04
2.270E+00	2.280E+00	420	8.400E-04
2.280E+00	2.290E+00	411	8.220E-04
2.290E+00	2.300E+00	433	8.660E-04
2.300E+00	2.310E+00	446	8.920E-04
2.310E+00	2.320E+00	418	8.360E-04
2.320E+00	2.330E+00	414	8.280E-04
2.330E+00	2.340E+00	401	8.020E-04
2.340E+00	2.350E+00	421	8.420E-04
2.350E+00	2.360E+00	422	8.440E-04
2.360E+00	2.370E+00	415	8.300E-04
2.370E+00	2.380E+00	382	7.640E-04
2.380E+00	2.390E+00	402	8.040E-04
2.390E+00	2.400E+00	374	7.480E-04
2.400E+00	2.410E+00	426	8.520E-04
2.410E+00	2.420E+00	398	7.960E-04
2.420E+00	2.430E+00	369	7.380E-04
2.430E+00	2.440E+00	383	7.660E-04
2.440E+00	2.450E+00	385	7.700E-04
2.450E+00	2.460E+00	392	7.840E-04
2.460E+00	2.470E+00	368	7.360E-04
2.470E+00	2.480E+00	384	7.680E-04
2.480E+00	2.490E+00	378	7.560E-04
2.490E+00	2.500E+00	368	7.360E-04
2.500E+00	2.510E+00	375	7.500E-04
2.510E+00	2.520E+00	340	6.800E-04
2.520E+00	2.530E+00	349	6.980E-04
2.530E+00	2.540E+00	325	6.500E-04
2.540E+00	2.550E+00	339	6.780E-04
2.550E+00	2.560E+00	357	7.140E-04
2.560E+00	2.570E+00	358	7.160E-04
2.570E+00	2.580E+00	317	6.340E-04
2.580E+00	2.590E+00	351	7.020E-04
2.590E+00	2.600E+00	358	7.160E-04
2.600E+00	2.610E+00	322	6.440E-04
2.610E+00	2.620E+00	325	6.500E-04
2.620E+00	2.630E+00	336	6.720E-04
2.630E+00	2.640E+00	337	6.740E-04
2.640E+00	2.650E+00	307	6.140E-04
2.650E+00	2.660E+00	321	6.420E-04
2.660E+00	2.670E+00	330	6.600E-04
2.670E+00	2.680E+00	337	6.740E-04
2.680E+00	2.690E+00	300	6.000E-04
2.690E+00	2.700E+00	308	6.160E-04
2.700E+00	2.710E+00	283	5.660E-04
2.710E+00	2.720E+00	295	5.900E-04
2.720E+00	2.730E+00	345	6.900E-04
2.730E+00	2.740E+00	302	6.040E-04
2.740E+00	2.750E+00	274	5.480E-04
2.750E+00	2.760E+00	312	6.240E-04
2.760E+00	2.770E+00	278	5.560E-04
2.770E+00	2.780E+00	291	5.820E-04
2.780E+00	2.790E+00	290	5.800E-04
2.790E+00	2.800E+00	309	6.180E-04
2.800E+00	2.810E+00	253	5.060E-04
2.810E+00	2.820E+00	290	5.800E-04
2.820E+00	2.830E+00	284	5.680E-04
2.830E+00	2.840E+00	278	5.560E-04
2.840E+00	2.850E+00	291	5.820E-04
2.850E+00	2.860E+00	281	5.620E-04
2.860E+00	2.870E+00	282	5.640E-04
2.870E+00	2.880E+00	308	6.160E-04
2.880E+00	2.890E+00	287	5.740E-04
2.890E+00	2.900E+00	267	5.340E-04
2.900E+00	2.910E+00	282	5.640E-04
2.910E+00	2.920E+00	254	5.080E-04
2.920E+00	2.930E+00	297	5.940E-04
2.930E+00	2.940E+00	267	5.340E-04
2.940E+00	2.950E+00	283	5.660E-04
2.950E+00	2.960E+00	239	4.780E-04
2.960E+00	2.970E+00	283	5.660E-04
2.970E+00	2.980E+00	271	5.420E-04
2.980E+00	2.990E+00	260	5.200E-04
2.990E+00	3.000E+00	248	4.960E-04
3.000E+00	3.010E+00	258	5.160E-04
3.010E+00	3.020E+00	263	5.260E-04
3.020E+00	3.030E+00	244	4.880E-04
3.030E+00	3.040E+00	253	5.060E-04
3.040E+00	3.050E+00	252	5.040E-04
3.050E+00	3.060E+00	266	5.320E-04
3.060E+00	3.070E+00	239	4.780E-04
3.070E+00	3.080E+00	223	4.460E-04
3.080E+00	3.090E+00	242	4.840E-04
3.090E+00	3.100E+00	230	4.600E-04
3.100E+00	3.110E+00	225	4.500E-04
3.110E+00	3.120E+00	237	4.740E-04
3.120E+00	3.130E+00	255	5.100E-04
3.130E+00	3.140E+00	206	4.120E-04
3.140E+00	3.150E+00	206	4.120E-04
3.150E+00	3.160E+00	197	3.940E-04
3.160E+00	3.170E+00	225	4.500E-04
3.170E+00	3.180E+00	235	4.700E-04
3.180E+00	3.190E+00	226	4.520E-04
3.190E+00	3.200E+00	205	4.100E-04
3.200E+00	3.210E+00	210	4.200E-04
3.210E+00	3.220E+00	231	4.620E-04
3.220E+00	3.230E+00	223	4.460E-04
3.230E+00	3.240E+00	181	3.620E-04
3.240E+00	3.250E+00	203	4.060E-04
3.250E+00	3.260E+00	218	4.360E-04
3.260E+00	3.270E+00	229	4.580E-04
3.270E+00	3.280E+00	174	3.480E-04
3.280E+00	3.290E+00	194	3.880E-04
3.290E+00	3.300E+00	224	4.480E-04
3.300E+00	3.310E+00	207	4.140E-04
3.310E+00	3.320E+00	220	4.400E-04
3.320E+00	3.330E+00	219	4.380E-04
3.330E+00	3.340E+00	205	4.100E-04
3.340E+00	3.350E+00	189	3.780E-04
3.350E+00	3.360E+00	204	4.080E-04
3.360E+00	3.370E+00	201	4.020E-04
3.370E+00	3.380E+00	184	3.680E-04
3.380E+00	3.390E+00	204	4.080E-04
3.390E+00	3.400E+00	218	4.360E-04
3.400E+00	3.410E+00	173	3.460E-04
3.410E+00	3.420E+00	174	3.480E-04
3.420E+00	3.430E+00	205	4.100E-04
3.430E+00	3.440E+00	175	3.500E-04
3.440E+00	3.450E+00	181	3.620E-04
3.450E+00	3.460E+00	174	3.480E-04
3.460E+00	3.470E+00	179	3.580E-04
3.470E+00	3.480E+00	181	3.620E-04
3.480E+00	3.490E+00	178	3.560E-04
3.490E+00	3.500E+00	202	4.040E-04
3.500E+00	3.510E+00	211	4.220E-04
3.510E+00	3.520E+00	177	3.540E-04
3.520E+00	3.530E+00	156	3.120E-04
3.530E+00	3.540E+00	178	3.560E-04
3.540E+00	3.550E+00	176	3.520E-04
3.550E+00	3.560E+00	172	3.440E-04
3.560E+00	3.570E+00	171	3.420E-04
3.570E+00	3.580E+00	157	3.140E-04
3.580E+00	3.590E+00	168	3.360E-04
3.590E+00	3.600E+00	148	2.960E-04
3.600E+00	3.610E+00	166	3.320E-04
3.610E+00	3.620E+00	137	2.740E-04
3.620E+00	3.630E+00	166	3.320E-04
3.630E+00	3.640E+00	153	3.060E-04
3.640E+00	3.650E+00	148	2.960E-04
3.650E+00	3.660E+00	175	3.500E-04
3.660E+00	3.670E+00	154	3.080E-04
3.670E+00	3.680E+00	166	3.320E-04
3.680E+00	3.690E+00	128	2.560E-04
3.690E+00	3.700E+00	175	3.500E-04
3.700E+00	3.710E+00	145	2.900E-04
3.710E+00	3.720E+00	179	3.580E-04
3.720E+00	3.730E+00	146	2.920E-04
3.730E+00	3.740E+00	157	3.140E-04
3.740E+00	3.750E+00	149	2.980E-04
3.750E+00	3.760E+00	138	2.760E-04
3.760E+00	3.770E+00	168	3.360E-04
3.770E+00	3.780E+00	147	2.940E-04
3.780E+00	3.790E+00	130	2.600E-04
3.790E+00	3.800E+00	153	3.060E-04
3.800E+00	3.810E+00	151	3.020E-04
3.810E+00	3.820E+00	144	2.880E-04
3.820E+00	3.830E+00	159	3.180E-04
3.830E+00	3.840E+00	143	2.860E-04
3.840E+00	3.850E+00	138	2.760E-04
3.850E+00	3.860E+00	136	2.720E-04
3.860E+00	3.870E+00	142	2.840E-04
3.870E+00	3.880E+00	139	2.780E-04
3.880E+00	3.890E+00	153	3.060E-04
3.890E+00	3.900E+00	114	2.280E-04
3.900E+00	3.910E+00	150	3.000E-04
3.910E+00	3.920E+00	134	2.680E-04
3.920E+00	3.930E+00	114	2.280E-04
3.930E+00	3.940E+00	136	2.720E-04
3.940E+00	3.950E+00	146	2.920E-04
3.950E+00	3.960E+00	124	2.480E-04
3.960E+00	3.970E+00	130	2.600E-04
3.970E+00	3.980E+00	130	2.600E-04
3.980E+00	3.990E+00	130	2.600E-04
3.990E+00	4.000E+00	123	2.460E-04
4.000E+00	4.010E+00	138	2.760E-04
4.010E+00	4.020E+00	137	2.740E-04
4.020E+00	4.030E+00	124	2.480E-04
4.030E+00	4.040E+00	124	2.480E-04
4.040E+00	4.050E+00	141	2.820E-04
4.050E+00	4.060E+00	142	2.840E-04
4.060E+00	4.070E+00	119	2.380E-04
4.070E+00	4.080E+00	122	2.440E-04
4.080E+00	4.090E+00	134	2.680E-04
4.090E+00	4.100E+00	118	2.360E-04
4.100E+00	4.110E+00	109	2.180E-04
4.110E+00	4.120E+00	112	2.240E-04
4.120E+00	4.130E+00	131	2.620E-04
4.130E+00	4.140E+00	128	2.560E-04
4.140E+00	4.150E+00	118	2.360E-04
4.150E+00	4.160E+00	101	2.020E-04
4.160E+00	4.170E+00	107	2.140E-04
4.170E+00	4.180E+00	127	2.540E-04
4.180E+00	4.190E+00	114	2.280E-04
4.190E+00	4.200E+00	128	2.560E-04
4.200E+00	4.210E+00	112	2.240E-04
4.210E+00	4.220E+00	107	2.140E-04
4.220E+00	4.230E+00	116	2.320E-04
4.230E+00	4.240E+00	101	2.020E-04
4.240E+00	4.250E+00	115	2.300E-04
4.250E+00	4.260E+00	117	2.340E-04
4.260E+00	4.270E+00	113	2.260E-04
4.270E+00	4.280E+00	88	1.760E-04
4.280E+00	4.290E+00	124	2.480E-04
4.290E+00	4.300E+00	128	2.560E-04
4.300E+00	4.310E+00	118	2.360E-04
4.310E+00	4.320E+00	103	2.060E-04
4.320E+00	4.330E+00	122	2.440E-04
4.330E+00	4.340E+00	104	2.080E-04
4.340E+00	4.350E+00	97	1.940E-04
4.350E+00	4.360E+00	110	2.200E-04
4.360E+00	4.370E+00	122	2.440E-04
4.370E+00	4.380E+00	104	2.080E-04
4.380E+00	4.390E+00	111	2.220E-04
4.390E+00	4.400E+00	110	2.200E-04
4.400E+00	4.410E+00	96	1.920E-04
4.410E+00	4.420E+00	81	1.620E-04
4.420E+00	4.430E+00	92	1.840E-04
4.430E+00	4.440E+00	106	2.120E-04
4.440E+00	4.450E+00	88	1.760E-04
4.450E+00	4.460E+00	93	1.860E-04
4.460E+00	4.470E+00	96	1.920E-04
4.470E+00	4.480E+00	116	2.320E-04
4.480E+00	4.490E+00	104	2.080E-04
4.490E+00	4.500E+00	109	2.180E-04
4.500E+00	4.510E+00	78	1.560E-04
4.510E+00	4.520E+00	78	1.560E-04
4.520E+00	4.530E+00	88	1.760E-04
4.530E+00	4.540E+00	88	1.760E-04
4.540E+00	4.550E+00	96	1.920E-04
4.550E+00	4.560E+00	91	1.820E-04
4.560E+00	4.570E+00	91	1.820E-04
4.570E+00	4.580E+00	87	1.740E-04
4.580E+00	4.590E+00	85	1.700E-04
4.590E+00	4.600E+00	81	1.620E-04
4.600E+00	4.610E+00	94	1.880E-04
4.610E+00	4.620E+00	82	1.640E-04
4.620E+00	4.630E+00	71	1.420E-04
4.630E+00	4.640E+00	85	1.700E-04
4.640E+00	4.650E+00	80	1.600E-04
4.650E+00	4.660E+00	78	1.560E-04
4.660E+00	4.670E+00	62	1.240E-04
4.670E+00	4.680E+00	94	1.880E-04
4.680E+00	4.690E+00	84	1.680E-04
4.690E+00	4.700E+00	83	1.660E-04
4.700E+00	4.710E+00	76	1.520E-04
4.710E+00	4.720E+00	90	1.800E-04
4.720E+00	4.730E+00	75	1.500E-04
4.730E+00	4.740E+00	71	1.420E-04
4.740E+00	4.750E+00	92	1.840E-04
4.750E+00	4.760E+00	88	1.760E-04
4.760E+00	4.770E+00	71	1.420E-04
4.770E+00	4.780E+00	67	1.340E-04
4.780E+00	4.790E+00	82	1.640E-04
4.790E+00	4.800E+00	59	1.180E-04
4.800E+00	4.810E+00	91	1.820E-04
4.810E+00	4.820E+00	76	1.520E-04
4.820E+00	4.830E+00	82	1.640E-04
4.830E+00	4.840E+00	83	1.660E-04
4.840E+00	4.850E+00	85	1.700E-04
4.850E+00	4.860E+00	64	1.280E-04
4.860E+00	4.870E+00	70	1.400E-04
4.870E+00	4.880E+00	61	1.220E-04
4.880E+00	4.890E+00	55	1.100E-04
4.890E+00	4.900E+00	63	1.260E-04
4.900E+00	4.910E+00	68	1.360E-04
4.910E+00	4.920E+00	77	1.540E-04
4.920E+00	4.930E+00	56	1.120E-04
4.930E+00	4.940E+00	68	1.360E-04
4.940E+00	4.950E+00	98	1.960E-04
4.950E+00	4.960E+00	62	1.240E-04
4.960E+00	4.970E+00	54	1.080E-04
4.970E+00	4.980E+00	74	1.480E-04
4.980E+00	4.990E+00	70	1.400E-04
4.990E+00	5.000E+00	58	1.160E-04
5.000E+00	5.010E+00	66	1.320E-04
5.010E+00	5.020E+00	71	1.420E-04
5.020E+00	5.030E+00	65	1.300E-04
5.030E+00	5.040E+00	60	1.200E-04
5.040E+00	5.050E+00	74	1.480E-04
5.050E+00	5.060E+00	63	1.260E-04
5.060E+00	5.070E+00	64	1.280E-04
5.070E+00	5.080E+00	61	1.220E-04
5.080E+00	5.090E+00	62	1.240E-04
5.090E+00	5.100E+00	81	1.620E-04
5.100E+00	5.110E+00	76	1.520E-04
5.110E+00	5.120E+00	63	1.260E-04
5.120E+00	5.130E+00	55	1.100E-04
5.130E+00	5.140E+00	59	1.180E-04
5.140E+00	5.150E+00	72	1.440E-04
5.150E+00	5.160E+00	74	1.480E-04
5.160E+00	5.170E+00	56	1.120E-04
5.170E+00	5.180E+00	57	1.140E-04
5.180E+00	5.190E+00	46	9.200E-05
5.190E+00	5.200E+00	44	8.800E-05
5.200E+00	5.210E+00	41	8.200E-05
5.210E+00	5.220E+00	69	1.380E-04
5.220E+00	5.230E+00	56	1.120E-04
5.230E+00	5.240E+00	59	1.180E-04
5.240E+00	5.250E+00	46	9.200E-05
5.250E+00	5.260E+00	64	1.280E-04
5.260E+00	5.270E+00	46	9.200E-05
5.270E+00	5.280E+00	61	1.220E-04
5.280E+00	5.290E+00	62	1.240E-04
5.290E+00	5.300E+00	53	1.060E-04
5.300E+00	5.310E+00	44	8.800E-05
5.310E+00	5.320E+00	59	1.180E-04
5.320E+00	5.330E+00	74	1.480E-04
5.330E+00	5.340E+00	45	9.000E-05
5.340E+00	5.350E+00	49	9.800E-05
5.350E+00	5.360E+00	60	1.200E-04
5.360E+00	5.370E+00	44	8.800E-05
5.370E+00	5.380E+00	57	1.140E-04
5.380E+00	5.390E+00	67	1.340E-04
5.390E+00	5.400E+00	57	1.140E-04
5.400E+00	5.410E+00	44	8.800E-05
5.410E+00	5.420E+00	33	6.600E-05
5.420E+00	5.430E+00	39	7.800E-05
5.430E+00	5.440E+00	53	1.060E-04
5.440E+00	5.450E+00	43	8.600E-05
5.450E+00	5.460E+00	58	1.160E-04
5.460E+00	5.470E+00	41	8.200E-05
5.470E+00	5.480E+00	40	8.000E-05
5.480E+00	5.490E+00	38	7.600E-05
5.490E+00	5.500E+00	49	9.800E-05
5.500E+00	5.510E+00	46	9.200E-05
5.510E+00	5.520E+00	62	1.240E-04
5.520E+00	5.530E+00	57	1.140E-04
5.530E+00	5.540E+00	59	1.180E-04
5.540E+00	5.550E+00	51	1.020E-04
5.550E+00	5.560E+00	45	9.000E-05
5.560E+00	5.570E+00	31	6.200E-05
5.570E+00	5.580E+00	45	9.000E-05
5.580E+00	5.590E+00	42	8.400E-05
5.590E+00	5.600E+00	46	9.200E-05
5.600E+00	5.610E+00	41	8.200E-05
5.610E+00	5.620E+00	53	1.060E-04
5.620E+00	5.630E+00	35	7.000E-05
5.630E+00	5.640E+00	50	1.000E-04
5.640E+00	5.650E+00	46	9.200E-05
5.650E+00	5.660E+00	46	9.200E-05
5.660E+00	5.670E+00	33	6.600E-05
5.670E+00	5.680E+00	51	1.020E-04
5.680E+00	5.690E+00	36	7.200E-05
5.690E+00	5.700E+00	39	7.800E-05
5.700E+00	5.710E+00	37	7.400E-05
5.710E+00	5.720E+00	41	8.200E-05
5.720E+00	5.730E+00	40	8.000E-05
5.730E+00	5.740E+00	36	7.200E-05
5.740E+00	5.750E+00	39	7.800E-05
5.750E+00	5.760E+00	47	9.400E-05
5.760E+00	5.770E+00	40	8.000E-05
5.770E+00	5.780E+00	41	8.200E-05
5.780E+00	5.790E+00	46	9.200E-05
5.790E+00	5.800E+00	37	7.400E-05
5.800E+00	5.810E+00	47	9.400E-05
5.810E+00	5.820E+00	41	8.200E-05
5.820E+00	5.830E+00	33	6.600E-05
5.830E+00	5.840E+00	37	7.400E-05
5.840E+00	5.850E+00	44	8.800E-05
5.850E+00	5.860E+00	37	7.400E-05
5.860E+00	5.870E+00	42	8.400E-05
5.870E+00	5.880E+00	50	1.000E-04
5.880E+00	5.890E+00	40	8.000E-05
5.890E+00	5.900E+00	38	7.600E-05
5.900E+00	5.910E+00	37	7.400E-05
5.910E+00	5.920E+00	42	8.400E-05
5.920E+00	5.930E+00	31	6.200E-05
5.930E+00	5.940E+00	30	6.000E-05
5.940E+00	5.950E+00	41	8.200E-05
5.950E+00	5.960E+00	36	7.200E-05
5.960E+00	5.970E+00	36	7.200E-05
5.970E+00	5.980E+00	28	5.600E-05
5.980E+00	5.990E+00	30	6.000E-05
5.990E+00	6.000E+00	31	6.200E-05
6.000E+00	6.010E+00	32	6.400E-05
6.010E+00	6.020E+00	27	5.400E-05
6.020E+00	6.030E+00	23	4.600E-05
6.030E+00	6.040E+00	30	6.000E-05
6.040E+00	6.050E+00	34	6.800E-05
6.050E+00	6.060E+00	30	6.000E-05
6.060E+00	6.070E+00	38	7.600E-05
6.070E+00	6.080E+00	31	6.200E-05
6.080E+00	6.090E+00	28	5.600E-05
6.090E+00	6.100E+00	38	7.600E-05
6.100E+00	6.110E+00	34	6.800E-05
6.110E+00	6.120E+00	32	6.400E-05
6.120E+00	6.130E+00	40	8.000E-05
6.130E+00	6.140E+00	31	6.200E-05
6.140E+00	6.150E+00	26	5.200E-05
6.150E+00	6.160E+00	26	5.200E-05
6.160E+00	6.170E+00	25	5.000E-05
6.170E+00	6.180E+00	34	6.800E-05
6.180E+00	6.190E+00	29	5.800E-05
6.190E+00	6.200E+00	35	7.000E-05
6.200E+00	6.210E+00	35	7.000E-05
6.210E+00	6.220E+00	33	6.600E-05
6.220E+00	6.230E+00	34	6.800E-05
6.230E+00	6.240E+00	28	5.600E-05
6.240E+00	6.250E+00	33	6.600E-05
6.250E+00	6.260E+00	33	6.600E-05
6.260E+00	6.270E+00	33	6.600E-05
6.270E+00	6.280E+00	31	6.200E-05
6.280E+00	6.290E+00	16	3.200E-05
6.290E+00	6.300E+00	37	7.400E-05
6.300E+00	6.310E+00	28	5.600E-05
6.310E+00	6.320E+00	23	4.600E-05
6.320E+00	6.330E+00	10	2.000E-05
6.330E+00	6.340E+00	32	6.400E-05
6.340E+00	6.350E+00	27	5.400E-05
6.350E+00	6.360E+00	35	7.000E-05
6.360E+00	6.370E+00	24	4.800E-05
6.370E+00	6.380E+00	18	3.600E-05
6.380E+00	6.390E+00	24	4.800E-05
6.390E+00	6.400E+00	22	4.400E-05
6.400E+00	6.410E+00	28	5.600E-05
6.410E+00	6.420E+00	22	4.400E-05
6.420E+00	6.430E+00	23	4.600E-05
6.430E+00	6.440E+00	27	5.400E-05
6.440E+00	6.450E+00	21	4.200E-05
6.450E+00	6.460E+00	24	4.800E-05
6.460E+00	6.470E+00	27	5.400E-05
6.470E+00	6.480E+00	22	4.400E-05
6.480E+00	6.490E+00	27	5.400E-05
6.490E+00	6.500E+00	15	3.000E-05
6.500E+00	6.510E+00	20	4.000E-05
6.510E+00	6.520E+00	29	5.800E-05
6.520E+00	6.530E+00	27	5.400E-05
6.530E+00	6.540E+00	23	4.600E-05
6.540E+00	6.550E+00	32	6.400E-05
6.550E+00	6.560E+00	21	4.200E-05
6.560E+00	6.570E+00	25	5.000E-05
6.570E+00	6.580E+00	17	3.400E-05
6.580E+00	6.590E+00	18	3.600E-05
6.590E+00	6.600E+00	25	5.000E-05
6.600E+00	6.610E+00	33	6.600E-05
6.610E+00	6.620E+00	29	5.800E-05
6.620E+00	6.630E+00	23	4.600E-05
6.630E+00	6.640E+00	16	3.200E-05
6.640E+00	6.650E+00	28	5.600E-05
6.650E+00	6.660E+00	22	4.400E-05
6.660E+00	6.670E+00	25	5.000E-05
6.670E+00	6.680E+00	19	3.800E-05
6.680E+00	6.690E+00	23	4.600E-05
6.690E+00	6.700E+00	29	5.800E-05
6.700E+00	6.710E+00	19	3.800E-05
6.710E+00	6.720E+00	25	5.000E-05
6.720E+00	6.730E+00	22	4.400E-05
6.730E+00	6.740E+00	26	5.200E-05
6.740E+00	6.750E+00	30	6.000E-05
6.750E+00	6.760E+00	20	4.000E-05
6.760E+00	6.770E+00	28	5.600E-05
6.770E+00	6.780E+00	25	5.000E-05
6.780E+00	6.790E+00	23	4.600E-05
6.790E+00	6.800E+00	19	3.800E-05
6.800E+00	6.810E+00	20	4.000E-05
6.810E+00	6.820E+00	24	4.800E-05
6.820E+00	6.830E+00	17	3.400E-05
6.830E+00	6.840E+00	21	4.200E-05
6.840E+00	6.850E+00	26	5.200E-05
6.850E+00	6.860E+00	18	3.600E-05
6.860E+00	6.870E+00	23	4.600E-05
6.870E+00	6.880E+00	21	4.200E-05
6.880E+00	6.890E+00	15	3.000E-05
6.890E+00	6.900E+00	13	2.600E-05
6.900E+00	6.910E+00	22	4.400E-05
6.910E+00	6.920E+00	15	3.000E-05
6.920E+00	6.930E+00	12	2.400E-05
6.930E+00	6.940E+00	20	4.000E-05
6.940E+00	6.950E+00	20	4.000E-05
6.950E+00	6.960E+00	30	6.000E-05
6.960E+00	6.970E+00	19	3.800E-05
6.970E+00	6.980E+00	15	3.000E-05
6.980E+00	6.990E+00	19	3.800E-05
6.990E+00	7.000E+00	19	3.800E-05
7.000E+00	7.010E+00	19	3.800E-05
7.010E+00	7.020E+00	16	3.200E-05
7.020E+00	7.030E+00	13	2.600E-05
7.030E+00	7.040E+00	19	3.800E-05
7.040E+00	7.050E+00	18	3.600E-05
7.050E+00	7.060E+00	12	2.400E-05
7.060E+00	7.070E+00	23	4.600E-05
7.070E+00	7.080E+00	20	4.000E-05
7.080E+00	7.090E+00	19	3.800E-05
7.090E+00	7.100E+00	11	2.200E-05
7.100E+00	7.110E+00	18	3.600E-05
7.110E+00	7.120E+00	18	3.600E-05
7.120E+00	7.130E+00	23	4.600E-05
7.130E+00	7.140E+00	15	3.000E-05
7.140E+00	7.150E+00	21	4.200E-05
7.150E+00	7.160E+00	22	4.400E-05
7.160E+00	7.170E+00	14	2.800E-05
7.170E+00	7.180E+00	16	3.200E-05
7.180E+00	7.190E+00	13	2.600E-05
7.190E+00	7.200E+00	11	2.200E-05
7.200E+00	7.210E+00	17	3.400E-05
7.210E+00	7.220E+00	12	2.400E-05
7.220E+00	7.230E+00	14	2.800E-05
7.230E+00	7.240E+00	21	4.200E-05
7.240E+00	7.250E+00	16	3.200E-05
7.250E+00	7.260E+00	11	2.200E-05
7.260E+00	7.270E+00	16	3.200E-05
7.270E+00	7.280E+00	14	2.800E-05
7.280E+00	7.290E+00	17	3.400E-05
7.290E+00	7.300E+00	16	3.200E-05
7.300E+00	7.310E+00	19	3.800E-05
7.310E+00	7.320E+00	17	3.400E-05
7.320E+00	7.330E+00	14	2.800E-05
7.330E+00	7.340E+00	19	3.800E-05
7.340E+00	7.350E+00	20	4.000E-05
7.350E+00	7.360E+00	15	3.000E-05
7.360E+00	7.370E+00	9	1.800E-05
7.370E+00	7.380E+00	9	1.800E-05
7.380E+00	7.390E+00	12	2.400E-05
7.390E+00	7.400E+00	13	2.600E-05
7.400E+00	7.410E+00	16	3.200E-05
7.410E+00	7.420E+00	9	1.800E-05
7.420E+00	7.430E+00	10	2.000E-05
7.430E+00	7.440E+00	19	3.800E-05
7.440E+00	7.450E+00	10	2.000E-05
7.450E+00	7.460E+00	20	4.000E-05
7.460E+00	7.470E+00	16	3.200E-05
7.470E+00	7.480E+00	11	2.200E-05
7.480E+00	7.490E+00	6	1.200E-05
7.490E+00	7.500E+00	13	2.600E-05
7.500E+00	7.510E+00	6	1.200E-05
7.510E+00	7.520E+00	16	3.200E-05
7.520E+00	7.530E+00	16	3.200E-05
7.530E+00	7.540E+00	13	2.600E-05
7.540E+00	7.550E+00	12	2.400E-05
7.550E+00	7.560E+00	10	2.000E-05
7.560E+00	7.570E+00	11	2.200E-05
7.570E+00	7.580E+00	11	2.200E-05
7.580E+00	7.590E+00	8	1.600E-05
7.590E+00	7.600E+00	14	2.800E-05
7.600E+00	7.610E+00	9	1.800E-05
7.610E+00	7.620E+00	12	2.400E-05
7.620E+00	7.630E+00	10	2.000E-05
7.630E+00	7.640E+00	20	4.000E-05
7.640E+00	7.650E+00	9	1.800E-05
7.650E+00	7.660E+00	6	1.200E-05
7.660E+00	7.670E+00	13	2.600E-05
7.670E+00	7.680E+00	11	2.200E-05
7.680E+00	7.690E+00	11	2.200E-05
7.690E+00	7.700E+00	10	2.000E-05
7.700E+00	7.710E+00	13	2.600E-05
7.710E+00	7.720E+00	11	2.200E-05
7.720E+00	7.730E+00	7	1.400E-05
7.730E+00	7.740E+00	11	2.200E-05
7.740E+00	7.750E+00	16	3.200E-05
7.750E+00	7.760E+00	10	2.000E-05
7.760E+00	7.770E+00	19	3.800E-05
7.770E+00	7.780E+00	10	2.000E-05
7.780E+00	7.790E+00	8	1.600E-05
7.790E+00	7.800E+00	8	1.600E-05
7.800E+00	7.810E+00	9	1.800E-05
7.810E+00	7.820E+00	14	2.800E-05
7.820E+00	7.830E+00	7	1.400E-05
7.830E+00	7.840E+00	12	2.400E-05
7.840E+00	7.850E+00	10	2.000E-05
7.850E+00	7.860E+00	13	2.600E-05
7.860E+00	7.870E+00	10	2.000E-05
7.870E+00	7.880E+00	8	1.600E-05
7.880E+00	7.890E+00	9	1.800E-05
7.890E+00	7.900E+00	13	2.600E-05
7.900E+00	7.910E+00	11	2.200E-05
7.910E+00	7.920E+00	5	1.000E-05
7.920E+00	7.930E+00	4	8.000E-06
7.930E+00	7.940E+00	9	1.800E-05
7.940E+00	7.950E+00	5	1.000E-05
7.950E+00	7.960E+00	8	1.600E-05
7.960E+00	7.970E+00	9	1.800E-05
7.970E+00	7.980E+00	9	1.800E-05
7.980E+00	7.990E+00	7	1.400E-05
7.990E+00	8.000E+00	11	2.200E-05
8.000E+00	8.010E+00	16	3.200E-05
8.010E+00	8.020E+00	12	2.400E-05
8.020E+00	8.030E+00	11	2.200E-05
8.030E+00	8.040E+00	9	1.800E-05
8.040E+00	8.050E+00	3	6.000E-06
8.050E+00	8.060E+00	9	1.800E-05
8.060E+00	8.070E+00	12	2.400E-05
8.070E+00	8.080E+00	9	1.800E-05
8.080E+00	8.090E+00	9	1.800E-05
8.090E+00	8.100E+00	11	2.200E-05
8.100E+00	8.110E+00	10	2.000E-05
8.110E+00	8.120E+00	8	1.600E-05
8.120E+00	8.130E+00	13	2.600E-05
8.130E+00	8.140E+00	11	2.200E-05
8.140E+00	8.150E+00	9	1.800E-05
8.150E+00	8.160E+00	13	2.600E-05
8.160E+00	8.170E+00	5	1.000E-05
8.170E+00	8.180E+00	9	1.800E-05
8.180E+00	8.190E+00	8	1.600E-05
8.190E+00	8.200E+00	11	2.200E-05
8.200E+00	8.210E+00	5	1.000E-05
8.210E+00	8.220E+00	4	8.000E-06
8.220E+00	8.230E+00	5	1.000E-05
8.230E+00	8.240E+00	10	2.000E-05
8.240E+00	8.250E+00	7	1.400E-05
8.250E+00	8.260E+00	5	1.000E-05
8.260E+00	8.270E+00	5	1.000E-05
8.270E+00	8.280E+00	11	2.200E-05
8.280E+00	8.290E+00	12	2.400E-05
8.290E+00	8.300E+00	8	1.600E-05
8.300E+00	8.310E+00	8	1.600E-05
8.310E+00	8.320E+00	10	2.000E-05
8.320E+00	8.330E+00	9	1.800E-05
8.330E+00	8.340E+00	4	8.000E-06
8.340E+00	8.350E+00	13	2.600E-05
8.350E+00	8.360E+00	6	1.200E-05
8.360E+00	8.370E+00	6	1.200E-05
8.370E+00	8.380E+00	8	1.600E-05
8.380E+00	8.390E+00	6	1.200E-05
8.390E+00	8.400E+00	7	1.400E-05
8.400E+00	8.410E+00	7	1.400E-05
8.410E+00	8.420E+00	2	4.000E-06
8.420E+00	8.430E+00	6	1.200E-05
8.430E+00	8.440E+00	5	1.000E-05
8.440E+00	8.450E+00	7	1.400E-05
8.450E+00	8.460E+00	10	2.000E-05
8.460E+00	8.470E+00	7	1.400E-05
8.470E+00	8.480E+00	10	2.000E-05
8.480E+00	8.490E+00	10	2.000E-05
8.490E+00	8.500E+00	6	1.200E-05
8.500E+00	8.510E+00	7	1.400E-05
8.510E+00	8.520E+00	4	8.000E-06
8.520E+00	8.530E+00	12	2.400E-05
8.530E+00	8.540E+00	3	6.000E-06
8.540E+00	8.550E+00	10	2.000E-05
8.550E+00	8.560E+00	12	2.400E-05
8.560E+00	8.570E+00	5	1.000E-05
8.570E+00	8.580E+00	9	1.800E-05
8.580E+00	8.590E+00	3	6.000E-06
8.590E+00	8.600E+00	6	1.200E-05
8.600E+00	8.610E+00	8	1.600E-05
8.610E+00	8.620E+00	6	1.200E-05
8.620E+00	8.630E+00	2	4.000E-06
8.630E+00	8.640E+00	6	1.200E-05
8.640E+00	8.650E+00	9	1.800E-05
8.650E+00	8.660E+00	7	1.400E-05
8.660E+00	8.670E+00	10	2.000E-05
8.670E+00	8.680E+00	4	8.000E-06
8.680E+00	8.690E+00	3	6.000E-06
8.690E+00	8.700E+00	7	1.400E-05
8.700E+00	8.710E+00	6	1.200E-05
8.710E+00	8.720E+00	7	1.400E-05
8.720E+00	8.730E+00	5	1.000E-05
8.730E+00	8.740E+00	3	6.000E-06
8.740E+00	8.750E+00	5	1.000E-05
8.750E+00	8.760E+00	6	1.200E-05
8.760E+00	8.770E+00	7	1.400E-05
8.770E+00	8.780E+00	6	1.200E-05
8.780E+00	8.790E+00	3	6.000E-06
8.790E+00	8.800E+00	5	1.000E-05
8.800E+00	8.810E+00	3	6.000E-06
8.810E+00	8.820E+00	10	2.000E-05
8.820E+00	8.830E+00	8	1.600E-05
8.830E+00	8.840E+00	6	1.200E-05
8.840E+00	8.850E+00	5	1.000E-05
8.850E+00	8.860E+00	5	1.000E-05
8.860E+00	8.870E+00	3	6.000E-06
8.870E+00	8.880E+00	9	1.800E-05
8.880E+00	8.890E+00	3	6.000E-06
8.890E+00	8.900E+00	4	8.000E-06
8.900E+00	8.910E+00	5	1.000E-05
8.910E+00	8.920E+00	7	1.400E-05
8.920E+00	8.930E+00	3	6.000E-06
8.930E+00	8.940E+00	7	1.400E-05
8.940E+00	8.950E+00	2	4.000E-06
8.950E+00	8.960E+00	6	1.200E-05
8.960E+00	8.970E+00	3	6.000E-06
8.970E+00	8.980E+00	8	1.600E-05
8.980E+00	8.990E+00	6	1.200E-05
8.990E+00	9.000E+00	5	1.000E-05
9.000E+00	9.010E+00	2	4.000E-06
9.010E+00	9.020E+00	7	1.400E-05
9.020E+00	9.030E+00	5	1.000E-05
9.030E+00	9.040E+00	3	6.000E-06
9.040E+00	9.050E+00	3	6.000E-06
9.050E+00	9.060E+00	3	6.000E-06
9.060E+00	9.070E+00	5	1.000E-05
9.070E+00	9.080E+00	4	8.000E-06
9.080E+00	9.090E+00	5	1.000E-05
9.090E+00	9.100E+00	3	6.000E-06
9.100E+00	9.110E+00	4	8.000E-06
9.110E+00	9.120E+00	2	4.000E-06
9.120E+00	9.130E+00	5	1.000E-05
9.130E+00	9.140E+00	2	4.000E-06
9.140E+00	9.150E+00	7	1.400E-05
9.150E+00	9.160E+00	1	2.000E-06
9.160E+00	9.170E+00	3	6.000E-06
9.170E+00	9.180E+00	6	1.200E-05
9.180E+00	9.190E+00	2	4.000E-06
9.190E+00	9.200E+00	5	1.000E-05
9.200E+00	9.210E+00	5	1.000E-05
9.210E+00	9.220E+00	5	1.000E-05
9.220E+00	9.230E+00	4	8.000E-06
9.230E+00	9.240E+00	7	1.400E-05
9.240E+00	9.250E+00	3	6.000E-06
9.250E+00	9.260E+00	4	8.000E-06
9.260E+00	9.270E+00	8	1.600E-05
9.270E+00	9.280E+00	4	8.000E-06
9.280E+00	9.290E+00	3	6.000E-06
9.290E+00	9.300E+00	6	1.200E-05
9.300E+00	9.310E+00	5	1.000E-05
9.310E+00	9.320E+00	5	1.000E-05
9.320E+00	9.330E+00	2	4.000E-06
9.330E+00	9.340E+00	7	1.400E-05
9.340E+00	9.350E+00	5	1.000E-05
9.350E+00	9.360E+00	10	2.000E-05
9.360E+00	9.370E+00	6	1.200E-05
9.370E+00	9.380E+00	5	1.000E-05
9.380E+00	9.390E+00	2	4.000E-06
9.390E+00	9.400E+00	3	6.000E-06
9.400E+00	9.410E+00	7	1.400E-05
9.410E+00	9.420E+00	3	6.000E-06
9.420E+00	9.430E+00	8	1.600E-05
9.430E+00	9.440E+00	4	8.000E-06
9.440E+00	9.450E+00	2	4.000E-06
9.450E+00	9.460E+00	3	6.000E-06
9.460E+00	9.470E+00	3	6.000E-06
9.470E+00	9.480E+00	4	8.000E-06
9.480E+00	9.490E+00	2	4.000E-06
9.490E+00	9.500E+00	5	1.000E-05
9.500E+00	9.510E+00	1	2.000E-06
9.510E+00	9.520E+00	2	4.000E-06
9.520E+00	9.530E+00	4	8.000E-06
9.530E+00	9.540E+00	2	4.000E-06
9.540E+00	9.550E+00	1	2.000E-06
9.550E+00	9.560E+00	3	6.000E-06
9.560E+00	9.570E+00	2	4.000E-06
9.570E+00	9.580E+00	6	1.200E-05
9.580E+00	9.590E+00	4	8.000E-06
9.590E+00	9.600E+00	3	6.000E-06
9.600E+00	9.610E+00	2	4.000E-06
9.610E+00	9.620E+00	2	4.000E-06
9.620E+00	9.630E+00	4	8.000E-06
9.630E+00	9.640E+00	2	4.000E-06
9.640E+00	9.650E+00	2	4.000E-06
9.650E+00	9.660E+00	5	1.000E-05
9.660E+00	9.670E+00	4	8.000E-06
9.670E+00	9.680E+00	5	1.000E-05
9.680E+00	9.690E+00	6	1.200E-05
9.690E+00	9.700E+00	5	1.000E-05
9.700E+00	9.710E+00	3	6.000E-06
9.710E+00	9.720E+00	3	6.000E-06
9.720E+00	9.730E+00	6	1.200E-05
9.730E+00	9.740E+00	2	4.000E-06
9.740E+00	9.750E+00	2	4.000E-06
9.750E+00	9.760E+00	5	1.000E-05
9.760E+00	9.770E+00	4	8.000E-06
9.770E+00	9.780E+00	4	8.000E-06
9.780E+00	9.790E+00	2	4.000E-06
9.790E+00	9.800E+00	2	4.000E-06
9.800E+00	9.810E+00	2	4.000E-06
9.810E+00	9.820E+00	5	1.000E-05
9.820E+00	9.830E+00	5	1.000E-05
9.830E+00	9.840E+00	5	1.000E-05
9.840E+00	9.850E+00	3	6.000E-06
9.850E+00	9.860E+00	3	6.000E-06
9.860E+00	9.870E+00	3	6.000E-06
9.870E+00	9.880E+00	5	1.000E-05
9.880E+00	9.890E+00	4	8.000E-06
9.890E+00	9.900E+00	4	8.000E-06
9.900E+00	9.910E+00	3	6.000E-06
9.910E+00	9.920E+00	2	4.000E-06
9.920E+00	9.930E+00	3	6.000E-06
9.930E+00	9.940E+00	4	8.000E-06
9.940E+00	9.950E+00	3	6.000E-06
9.950E+00	9.960E+00	4	8.000E-06
9.960E+00	9.970E+00	3	6.000E-06
9.970E+00	9.980E+00	5	1.000E-05
9.980E+00	9.990E+00	6	1.200E-05
9.990E+00	1.000E+01	3	6.000E-06
1.000E+01	1.001E+01	4	8.000E-06
1.001E+01	1.002E+01	3	6.000E-06
1.002E+01	1.003E+01	4	8.000E-06
1.003E+01	1.004E+01	3	6.000E-06
1.004E+01	1.005E+01	1	2.000E-06
1.005E+01	1.006E+01	6	1.200E-05
1.006E+01	1.007E+01	2	4.000E-06
1.007E+01	1.008E+01	1	2.000E-06
1.008E+01	1.009E+01	4	8.000E-06
1.009E+01	1.010E+01	2	4.000E-06
1.010E+01	1.011E+01	1	2.000E-06
1.011E+01	1.012E+01	2	4.000E-06
1.012E+01	1.013E+01	4	8.000E-06
1.013E+01	1.014E+01	0	0.000E+00
1.014E+01	1.015E+01	1	2.000E-06
1.015E+01	1.016E+01	1	2.000E-06
1.016E+01	1.017E+01	2	4.000E-06
1.017E+01	1.018E+01	2	4.000E-06
1.018E+01	1.019E+01	2	4.000E-06
1.019E+01	1.020E+01	1	2.000E-06
1.020E+01	1.021E+01	1	2.000E-06
1.021E+01	1.022E+01	5	1.000E-05
1.022E+01	1.023E+01	2	4.000E-06
1.023E+01	1.024E+01	5	1.000E-05
1.024E+01	1.025E+01	2	4.000E-06
1.025E+01	1.026E+01	2	4.000E-06
1.026E+01	1.027E+01	3	6.000E-06
1.027E+01	1.028E+01	2	4.000E-06
1.028E+01	1.029E+01	1	2.000E-06
1.029E+01	1.030E+01	4	8.000E-06
1.030E+01	1.031E+01	4	8.000E-06
1.031E+01	1.032E+01	1	2.000E-06
1.032E+01	1.033E+01	1	2.000E-06
1.033E+01	1.034E+01	1	2.000E-06
1.034E+01	1.035E+01	6	1.200E-05
1.035E+01	1.036E+01	1	2.000E-06
1.036E+01	1.037E+01	2	4.000E-06
1.037E+01	1.038E+01	0	0.000E+00
1.038E+01	1.039E+01	2	4.000E-06
1.039E+01	1.040E+01	4	8.000E-06
1.040E+01	1.041E+01	3	6.000E-06
1.041E+01	1.042E+01	0	0.000E+00
1.042E+01	1.043E+01	2	4.000E-06
1.043E+01	1.044E+01	3	6.000E-06
1.044E+01	1.045E+01	0	0.000E+00
1.045E+01	1.046E+01	4	8.000E-06
1.046E+01	1.047E+01	2	4.000E-06
1.047E+01	1.048E+01	2	4.000E-06
1.048E+01	1.049E+01	2	4.000E-06
1.049E+01	1.050E+01	2	4.000E-06
1.050E+01	1.051E+01	4	8.000E-06
1.051E+01	1.052E+01	4	8.000E-06
1.052E+01	1.053E+01	1	2.000E-06
1.053E+01	1.054E+01	2	4.000E-06
1.054E+01	1.055E+01	1	2.000E-06
1.055E+01	1.056E+01	1	2.000E-06
1.056E+01	1.057E+01	1	2.000E-06
1.057E+01	1.058E+01	2	4.000E-06
1.058E+01	1.059E+01	2	4.000E-06
1.059E+01	1.060E+01	1	2.000E-06
1.060E+01	1.061E+01	6	1.200E-05
1.061E+01	1.062E+01	0	0.000E+00
1.062E+01	1.063E+01	0	0.000E+00
1.063E+01	1.064E+01	0	0.000E+00
1.064E+01	1.065E+01	0	0.000E+00
1.065E+01	1.066E+01	0	0.000E+00
1.066E+01	1.067E+01	1	2.000E-06
1.067E+01	1.068E+01	2	4.000E-06
1.068E+01	1.069E+01	5	1.000E-05
1.069E+01	1.070E+01	2	4.000E-06
1.070E+01	1.071E+01	2	4.000E-06
1.071E+01	1.072E+01	0	0.000E+00
1.072E+01	1.073E+01	2	4.000E-06
1.073E+01	1.074E+01	1	2.000E-06
1.074E+01	1.075E+01	0	0.000E+00
1.075E+01	1.076E+01	1	2.000E-06
1.076E+01	1.077E+01	3	6.000E-06
1.077E+01	1.078E+01	3	6.000E-06
1.078E+01	1.079E+01	1	2.000E-06
1.079E+01	1.080E+01	1	2.000E-06
1.080E+01	1.081E+01	0	0.000E+00
1.081E+01	1.082E+01	1	2.000E-06
1.082E+01	1.083E+01	0	0.000E+00
1.083E+01	1.084E+01	2	4.000E-06
1.084E+01	1.085E+01	0	0.000E+00
1.085E+01	1.086E+01	1	2.000E-06
1.086E+01	1.087E+01	0	0.000E+00
1.087E+01	1.088E+01	3	6.000E-06
1.088E+01	1.089E+01	2	4.000E-06
1.089E+01	1.090E+01	4	8.000E-06
1.090E+01	1.091E+01	4	8.000E-06
1.091E+01	1.092E+01	0	0.000E+00
1.092E+01	1.093E+01	1	2.000E-06
1.093E+01	1.094E+01	1	2.000E-06
1.094E+01	1.095E+01	1	2.000E-06
1.095E+01	1.096E+01	0	0.000E+00
1.096E+01	1.097E+01	1	2.000E-06
1.097E+01	1.098E+01	1	2.000E-06
1.098E+01	1.099E+01	1	2.000E-06
1.099E+01	1.100E+01	0	0.000E+00
1.100E+01	1.101E+01	1	2.000E-06
1.101E+01	1.102E+01	1	2.000E-06
1.102E+01	1.103E+01	0	0.000E+00
1.103E+01	1.104E+01	0	0.000E+00
1.104E+01	1.105E+01	1	2.000E-06
1.105E+01	1.106E+01	0	0.000E+00
1.106E+01	1.107E+01	2	4.000E-06
1.107E+01	1.108E+01	1	2.000E-06
1.108E+01	1.109E+01	1	2.000E-06
1.109E+01	1.110E+01	2	4.000E-06
1.110E+01	1.111E+01	1	2.000E-06
1.111E+01	1.112E+01	0	0.000E+00
1.112E+01	1.113E+01	3	6.000E-06
1.113E+01	1.114E+01	2	4.000E-06
1.114E+01	1.115E+01	1	2.000E-06
1.115E+01	1.116E+01	1	2.000E-06
1.116E+01	1.117E+01	0	0.000E+00
1.117E+01	1.118E+01	1	2.000E-06
1.118E+01	1.119E+01	2	4.000E-06
1.119E+01	1.120E+01	2	4.000E-06
1.120E+01	1.121E+01	1	2.000E-06
1.121E+01	1.122E+01	2	4.000E-06
1.122E+01	1.123E+01	0	0.000E+00
1.123E+01	1.124E+01	2	4.000E-06
1.124E+01	1.125E+01	2	4.000E-06
1.125E+01	1.126E+01	0	0.000E+00
1.126E+01	1.127E+01	0	0.000E+00
1.127E+01	1.128E+01	0	0.000E+00
1.128E+01	1.129E+01	0	0.000E+00
1.129E+01	1.130E+01	2	4.000E-06
1.130E+01	1.131E+01	2	4.000E-06
1.131E+01	1.132E+01	2	4.000E-06
1.132E+01	1.133E+01	2	4.000E-06
1.133E+01	1.134E+01	1	2.000E-06
1.134E+01	1.135E+01	0	0.000E+00
1.135E+01	1.136E+01	2	4.000E-06
1.136E+01	1.137E+01	0	0.000E+00
1.137E+01	1.138E+01	0	0.000E+00
1.138E+01	1.139E+01	2	4.000E-06
1.139E+01	1.140E+01	0	0.000E+00
1.140E+01	1.141E+01	1	2.000E-06
1.141E+01	1.142E+01	0	0.000E+00
1.142E+01	1.143E+01	2	4.000E-06
1.143E+01	1.144E+01	2	4.000E-06
1.144E+01	1.145E+01	2	4.000E-06
1.145E+01	1.146E+01	0	0.000E+00
1.146E+01	1.147E+01	1	2.000E-06
1.147E+01	1.148E+01	3	6.000E-06
1.148E+01	1.149E+01	1	2.000E-06
1.149E+01	1.150E+01	0	0.000E+00
1.150E+01	1.151E+01	2	4.000E-06
1.151E+01	1.152E+01	2	4.000E-06
1.152E+01	1.153E+01	0	0.000E+00
1.153E+01	1.154E+01	2	4.000E-06
1.154E+01	1.155E+01	1	2.000E-06
1.155E+01	1.156E+01	4	8.000E-06
1.156E+01	1.157E+01	1	2.000E-06
1.157E+01	1.158E+01	0	0.000E+00
1.158E+01	1.159E+01	3	6.000E-06
1.159E+01	1.160E+01	0	0.000E+00
1.160E+01	1.161E+01	0	0.000E+00
1.161E+01	1.162E+01	0	0.000E+00
1.162E+01	1.163E+01	1	2.000E-06
1.163E+01	1.164E+01	0	0.000E+00
1.164E+01	1.165E+01	0	0.000E+00
1.165E+01	1.166E+01	0	0.000E+00
1.166E+01	1.167E+01	0	0.000E+00
1.167E+01	1.168E+01	2	4.000E-06
1.168E+01	1.169E+01	2	4.000E-06
1.169E+01	1.170E+01	1	2.000E-06
1.170E+01	1.171E+01	0	0.000E+00
1.171E+01	1.172E+01	1	2.000E-06
1.172E+01	1.173E+01	0	0.000E+00
1.173E+01	1.174E+01	0	0.000E+00
1.174E+01	1.175E+01	0	0.000E+00
1.175E+01	1.176E+01	0	0.000E+00
1.176E+01	1.177E+01	0	0.000E+00
1.177E+01	1.178E+01	2	4.000E-06
1.178E+01	1.179E+01	2	4.000E-06
1.179E+01	1.180E+01	0	0.000E+00
1.180E+01	1.181E+01	1	2.000E-06
1.181E+01	1.182E+01	0	0.000E+00
1.182E+01	1.183E+01	1	2.000E-06
1.183E+01	1.184E+01	1	2.000E-06
1.184E+01	1.185E+01	1	2.000E-06
1.185E+01	1.186E+01	0	0.000E+00
1.186E+01	1.187E+01	0	0.000E+00
1.187E+01	1.188E+01	1	2.000E-06
1.188E+01	1.189E+01	1	2.000E-06
1.189E+01	1.190E+01	0	0.000E+00
1.190E+01	1.191E+01	1	2.000E-06
1.191E+01	1.192E+01	0	0.000E+00
1.192E+01	1.193E+01	0	0.000E+00
1.193E+01	1.194E+01	1	2.000E-06
1.194E+01	1.195E+01	1	2.000E-06
1.195E+01	1.196E+01	2	4.000E-06
1.196E+01	1.197E+01	2	4.000E-06
1.197E+01	1.198E+01	0	0.000E+00
1.198E+01	1.199E+01	2	4.000E-06
1.199E+01	1.200E+01	0	0.000E+00
1.200E+01	1.201E+01	0	0.000E+00
1.201E+01	1.202E+01	0	0.000E+00
1.202E+01	1.203E+01	1	2.000E-06
1.203E+01	1.204E+01	2	4.000E-06
1.204E+01	1.205E+01	1	2.000E-06
1.205E+01	1.206E+01	0	0.000E+00
1.206E+01	1.207E+01	1	2.000E-06
1.207E+01	1.208E+01	0	0.000E+00
1.208E+01	1.209E+01	1	2.000E-06
1.209E+01	1.210E+01	1	2.000E-06
1.210E+01	1.211E+01	1	2.000E-06
1.211E+01	1.212E+01	2	4.000E-06
1.212E+01	1.213E+01	1	2.000E-06
1.213E+01	1.214E+01	0	0.000E+00
1.214E+01	1.215E+01	0	0.000E+00
1.215E+01	1.216E+01	0	0.000E+00
1.216E+01	1.217E+01	1	2.000E-06
1.217E+01	1.218E+01	1	2.000E-06
1.218E+01	1.219E+01	0	0.000E+00
1.219E+01	1.220E+01	0	0.000E+00
1.220E+01	1.221E+01	1	2.000E-06
1.221E+01	1.222E+01	1	2.000E-06
1.222E+01	1.223E+01	0	0.000E+00
1.223E+01	1.224E+01	0	0.000E+00
1.224E+01	1.225E+01	1	2.000E-06
1.225E+01	1.226E+01	0	0.000E+00
1.226E+01	1.227E+01	2	4.000E-06
1.227E+01	1.228E+01	0	0.000E+00
1.228E+01	1.229E+01	0	0.000E+00
1.229E+01	1.230E+01	1	2.000E-06
1.230E+01	1.231E+01	1	2.000E-06
1.231E+01	1.232E+01	1	2.000E-06
1.232E+01	1.233E+01	0	0.000E+00
1.233E+01	1.234E+01	1	2.000E-06
1.234E+01	1.235E+01	1	2.000E-06
1.235E+01	1.236E+01	3	6.000E-06
1.236E+01	1.237E+01	2	4.000E-06
1.237E+01	1.238E+01	0	0.000E+00
1.238E+01	1.239E+01	0	0.000E+00
1.239E+01	1.240E+01	0	0.000E+00
1.240E+01	1.241E+01	2	4.000E-06
1.241E+01	1.242E+01	0	0.000E+00
1.242E+01	1.243E+01	0	0.000E+00
1.243E+01	1.244E+01	1	2.000E-06
1.244E+01	1.245E+01	0	0.000E+00
1.245E+01	1.246E+01	0	0.000E+00
1.246E+01	1.247E+01	1	2.000E-06
1.247E+01	1.248E+01	2	4.000E-06
1.248E+01	1.249E+01	0	0.000E+00
1.249E+01	1.250E+01	2	4.000E-06
1.250E+01	1.251E+01	0	0.000E+00
1.251E+01	1.252E+01	0	0.000E+00
1.252E+01	1.253E+01	0	0.000E+00
1.253E+01	1.254E+01	1	2.000E-06
1.254E+01	1.255E+01	0	0.000E+00
1.255E+01	1.256E+01	1	2.000E-06
1.256E+01	1.257E+01	0	0.000E+00
1.257E+01	1.258E+01	0	0.000E+00
1.258E+01	1.259E+01	0	0.000E+00
1.259E+01	1.260E+01	0	0.000E+00
1.260E+01	1.261E+01	1	2.000E-06
1.261E+01	1.262E+01	0	0.000E+00
1.262E+01	1.263E+01	0	0.000E+00
1.263E+01	1.264E+01	1	2.000E-06
1.264E+01	1.265E+01	0	0.000E+00
1.265E+01	1.266E+01	0	0.000E+00
1.266E+01	1.267E+01	0	0.000E+00
1.267E+01	1.268E+01	0	0.000E+00
1.268E+01	1.269E+01	1	2.000E-06
1.269E+01	1.270E+01	0	0.000E+00
1.270E+01	1.271E+01	0	0.000E+00
1.271E+01	1.272E+01	0	0.000E+00
1.272E+01	1.273E+01	0	0.000E+00
1.273E+01	1.274E+01	0	0.000E+00
1.274E+01	1.275E+01	0	0.000E+00
1.275E+01	1.276E+01	2	4.000E-06
1.276E+01	1.277E+01	1	2.000E-06
1.277E+01	1.278E+01	0	0.000E+00
1.278E+01	1.279E+01	1	2.000E-06
1.279E+01	1.280E+01	2	4.000E-06
1.280E+01	1.281E+01	1	2.000E-06
1.281E+01	1.282E+01	1	2.000E-06
1.282E+01	1.283E+01	0	0.000E+00
1.283E+01	1.284E+01	0	0.000E+00
1.284E+01	1.285E+01	0	0.000E+00
1.285E+01	1.286E+01	0	0.000E+00
1.286E+01	1.287E+01	2	4.000E-06
1.287E+01	1.288E+01	0	0.000E+00
1.288E+01	1.289E+01	0	0.000E+00
1.289E+01	1.290E+01	0	0.000E+00
1.290E+01	1.291E+01	0	0.000E+00
1.291E+01	1.292E+01	1	2.000E-06
1.292E+01	1.293E+01	0	0.000E+00
1.293E+01	1.294E+01	1	2.000E-06
1.294E+01	1.295E+01	1	2.000E-06
1.295E+01	1.296E+01	0	0.000E+00
1.296E+01	1.297E+01	0	0.000E+00
1.297E+01	1.298E+01	1	2.000E-06
1.298E+01	1.299E+01	1	2.000E-06
1.299E+01	1.300E+01	1	2.000E-06
1.300E+01	1.301E+01	0	0.000E+00
1.301E+01	1.302E+01	2	4.000E-06
1.302E+01	1.303E+01	0	0.000E+00
1.303E+01	1.304E+01	0	0.000E+00
1.304E+01	1.305E+01	0	0.000E+00
1.305E+01	1.306E+01	1	2.000E-06
1.306E+01	1.307E+01	0	0.000E+00
1.307E+01	1.308E+01	0	0.000E+00
1.308E+01	1.309E+01	1	2.000E-06
1.309E+01	1.310E+01	0	0.000E+00
1.310E+01	1.311E+01	0	0.000E+00
1.311E+01	1.312E+01	1	2.000E-06
1.312E+01	1.313E+01	1	2.000E-06
1.313E+01	1.314E+01	0	0.000E+00
1.314E+01	1.315E+01	1	2.000E-06
1.315E+01	1.316E+01	2	4.000E-06
1.316E+01	1.317E+01	1	2.000E-06
1.317E+01	1.318E+01	0	0.000E+00
1.318E+01	1.319E+01	0	0.000E+00
1.319E+01	1.320E+01	0	0.000E+00
1.320E+01	1.321E+01	1	2.000E-06
1.321E+01	1.322E+01	0	0.000E+00
1.322E+01	1.323E+01	1	2.000E-06
1.323E+01	1.324E+01	0	0.000E+00
1.324E+01	1.325E+01	0	0.000E+00
1.325E+01	1.326E+01	1	2.000E-06
1.326E+01	1.327E+01	0	0.000E+00
1.327E+01	1.328E+01	0	0.000E+00
1.328E+01	1.329E+01	0	0.000E+00
1.329E+01	1.330E+01	0	0.000E+00
1.330E+01	1.331E+01	0	0.000E+00
1.331E+01	1.332E+01	0	0.000E+00
1.332E+01	1.333E+01	0	0.000E+00
1.333E+01	1.334E+01	0	0.000E+00
1.334E+01	1.335E+01	2	4.000E-06
1.335E+01	1.336E+01	1	2.000E-06
1.336E+01	1.337E+01	0	0.000E+00
1.337E+01	1.338E+01	0	0.000E+00
1.338E+01	1.339E+01	0	0.000E+00
1.339E+01	1.340E+01	0	0.000E+00
1.340E+01	1.341E+01	0	0.000E+00
1.341E+01	1.342E+01	1	2.000E-06
1.342E+01	1.343E+01	0	0.000E+00
1.343E+01	1.344E+01	0	0.000E+00
1.344E+01	1.345E+01	0	0.000E+00
1.345E+01	1.346E+01	0	0.000E+00
1.346E+01	1.347E+01	0	0.000E+00
1.347E+01	1.348E+01	0	0.000E+00
1.348E+01	1.349E+01	0	0.000E+00
1.349E+01	1.350E+01	0	0.000E+00
1.350E+01	1.351E+01	0	0.000E+00
1.351E+01	1.352E+01	0	0.000E+00
1.352E+01	1.353E+01	0	0.000E+00
1.353E+01	1.354E+01	0	0.000E+00
1.354E+01	1.355E+01	0	0.000E+00
1.355E+01	1.356E+01	0	0.000E+00
1.356E+01	1.357E+01	0	0.000E+00
1.357E+01	1.358E+01	1	2.000E-06
1.358E+01	1.359E+01	0	0.000E+00
1.359E+01	1.360E+01	0	0.000E+00
1.360E+01	1.361E+01	0	0.000E+00
1.361E+01	1.362E+01	0	0.000E+00
1.362E+01	1.363E+01	0	0.000E+00
1.363E+01	1.364E+01	0	0.000E+00
1.364E+01	1.365E+01	0	0.000E+00
1.365E+01	1.366E+01	0	0.000E+00
1.366E+01	1.367E+01	0	0.000E+00
1.367E+01	1.368E+01	0	0.000E+00
1.368E+01	1.369E+01	0	0.000E+00
1.369E+01	1.370E+01	1	2.000E-06
1.370E+01	1.371E+01	0	0.000E+00
1.371E+01	1.372E+01	0	0.000E+00
1.372E+01	1.373E+01	0	0.000E+00
1.373E+01	1.374E+01	0	0.000E+00
1.374E+01	1.375E+01	0	0.000E+00
1.375E+01	1.376E+01	0	0.000E+00
1.376E+01	1.377E+01	1	2.000E-06
1.377E+01	1.378E+01	0	0.000E+00
1.378E+01	1.379E+01	0	0.000E+00
1.379E+01	1.380E+01	1	2.000E-06
1.380E+01	1.381E+01	0	0.000E+00
1.381E+01	1.382E+01	1	2.000E-06
1.382E+01	1.383E+01	1	2.000E-06
1.383E+01	1.384E+01	0	0.000E+00
1.384E+01	1.385E+01	0	0.000E+00
1.385E+01	1.386E+01	0	0.000E+00
1.386E+01	1.387E+01	0	0.000E+00
1.387E+01	1.388E+01	0	0.000E+00
1.388E+01	1.389E+01	1	2.000E-06
1.389E+01	1.390E+01	1	2.000E-06
1.390E+01	1.391E+01	0	0.000E+00
1.391E+01	1.392E+01	0	0.000E+00
1.392E+01	1.393E+01	0	0.000E+00
1.393E+01	1.394E+01	0	0.000E+00
1.394E+01	1.395E+01	0	0.000E+00
1.395E+01	1.396E+01	0	0.000E+00
1.396E+01	1.397E+01	0	0.000E+00
1.397E+01	1.398E+01	0	0.000E+00
1.398E+01	1.399E+01	0	0.000E+00
1.399E+01	1.400E+01	0	0.000E+00
1.400E+01	1.401E+01	0	0.000E+00
1.401E+01	1.402E+01	1	2.000E-06
1.402E+01	1.403E+01	0	0.000E+00
1.403E+01	1.404E+01	0	0.000E+00
1.404E+01	1.405E+01	0	0.000E+00
1.405E+01	1.406E+01	0	0.000E+00
1.406E+01	1.407E+01	0	0.000E+00
1.407E+01	1.408E+01	0	0.000E+00
1.408E+01	1.409E+01	0	0.000E+00
1.409E+01	1.410E+01	0	0.000E+00
1.410E+01	1.411E+01	0	0.000E+00
1.411E+01	1.412E+01	0	0.000E+00
1.412E+01	1.413E+01	0	0.000E+00
1.413E+01	1.414E+01	0	0.000E+00
1.414E+01	1.415E+01	0	0.000E+00
1.415E+01	1.416E+01	0	0.000E+00
1.416E+01	1.417E+01	0	0.000E+00
1.417E+01	1.418E+01	0	0.000E+00
1.418E+01	1.419E+01	1	2.000E-06
1.419E+01	1.420E+01	0	0.000E+00
1.420E+01	1.421E+01	0	0.000E+00
1.421E+01	1.422E+01	0	0.000E+00
1.422E+01	1.423E+01	0	0.000E+00
1.423E+01	1.424E+01	0	0.000E+00
1.424E+01	1.425E+01	0	0.000E+00
1.425E+01	1.426E+01	0	0.000E+00
1.426E+01	1.427E+01	0	0.000E+00
1.427E+01	1.428E+01	0	0.000E+00
1.428E+01	1.429E+01	0	0.000E+00
1.429E+01	1.430E+01	0	0.000E+00
1.430E+01	1.431E+01	1	2.000E-06
1.431E+01	1.432E+01	0	0.000E+00
1.432E+01	1.433E+01	0	0.000E+00
1.433E+01	1.434E+01	0	0.000E+00
1.434E+01	1.435E+01	0	0.000E+00
1.435E+01	1.436E+01	0	0.000E+00
1.436E+01	1.437E+01	0	0.000E+00
1.437E+01	1.438E+01	0	0.000E+00
1.438E+01	1.439E+01	0	0.000E+00
1.439E+01	1.440E+01	0	0.000E+00
1.440E+01	1.441E+01	0	0.000E+00
1.441E+01	1.442E+01	0	0.000E+00
1.442E+01	1.443E+01	0	0.000E+00
1.443E+01	1.444E+01	0	0.000E+00
1.444E+01	1.445E+01	0	0.000E+00
1.445E+01	1.446E+01	0	0.000E+00
1.446E+01	1.447E+01	0	0.000E+00
1.447E+01	1.448E+01	0	0.000E+00
1.448E+01	1.449E+01	0	0.000E+00
1.449E+01	1.450E+01	0	0.000E+00
1.450E+01	1.451E+01	0	0.000E+00
1.451E+01	1.452E+01	0	0.000E+00
1.452E+01	1.453E+01	0	0.000E+00
1.453E+01	1.454E+01	0	0.000E+00
1.454E+01	1.455E+01	0	0.000E+00
1.455E+01	1.456E+01	0	0.000E+00
1.456E+01	1.457E+01	0	0.000E+00
1.457E+01	1.458E+01	1	2.000E-06
1.458E+01	1.459E+01	0	0.000E+00
1.459E+01	1.460E+01	0	0.000E+00
1.460E+01	1.461E+01	0	0.000E+00
1.461E+01	1.462E+01	0	0.000E+00
1.462E+01	1.463E+01	0	0.000E+00
1.463E+01	1.464E+01	0	0.000E+00
1.464E+01	1.465E+01	0	0.000E+00
1.465E+01	1.466E+01	0	0.000E+00
1.466E+01	1.467E+01	0	0.000E+00
1.467E+01	1.468E+01	0	0.000E+00
1.468E+01	1.469E+01	0	0.000E+00
1.469E+01	1.470E+01	0	0.000E+00
1.470E+01	1.471E+01	0	0.000E+00
1.471E+01	1.472E+01	1	2.000E-06
1.472E+01	1.473E+01	0	0.000E+00
1.473E+01	1.474E+01	0	0.000E+00
1.474E+01	1.475E+01	0	0.000E+00
1.475E+01	1.476E+01	0	0.000E+00
1.476E+01	1.477E+01	2	4.000E-06
1.477E+01	1.478E+01	1	2.000E-06
1.478E+01	1.479E+01	0	0.000E+00
1.479E+01	1.480E+01	0	0.000E+00
1.480E+01	1.481E+01	0	0.000E+00
1.481E+01	1.482E+01	0	0.000E+00
1.482E+01	1.483E+01	0	0.000E+00
1.483E+01	1.484E+01	0	0.000E+00
1.484E+01	1.485E+01	0	0.000E+00
1.485E+01	1.486E+01	0	0.000E+00
1.486E+01	1.487E+01	0	0.000E+00
1.487E+01	1.488E+01	0	0.000E+00
1.488E+01	1.489E+01	0	0.000E+00
1.489E+01	1.490E+01	0	0.000E+00
1.490E+01	1.491E+01	0	0.000E+00
1.491E+01	1.492E+01	0	0.000E+00
1.492E+01	1.493E+01	0	0.000E+00
1.493E+01	1.494E+01	0	0.000E+00
1.494E+01	1.495E+01	2	4.000E-06
1.495E+01	1.496E+01	0	0.000E+00
1.496E+01	1.497E+01	0	0.000E+00
1.497E+01	1.498E+01	0	0.000E+00
1.498E+01	1.499E+01	0	0.000E+00
1.499E+01	1.500E+01	0	0.000E+00
1.500E+01	1.501E+01	0	0.000E+00
1.501E+01	1.502E+01	0	0.000E+00
1.502E+01	1.503E+01	0	0.000E+00
1.503E+01	1.504E+01	1	2.000E-06
1.504E+01	1.505E+01	0	0.000E+00
1.505E+01	1.506E+01	0	0.000E+00
1.506E+01	1.507E+01	0	0.000E+00
1.507E+01	1.508E+01	0	0.000E+00
1.508E+01	1.509E+01	0	0.000E+00
1.509E+01	1.510E+01	0	0.000E+00
1.510E+01	1.511E+01	1	2.000E-06
1.511E+01	1.512E+01	0	0.000E+00
1.512E+01	1.513E+01	0	0.000E+00
1.513E+01	1.514E+01	0	0.000E+00
1.514E+01	1.515E+01	0	0.000E+00
1.515E+01	1.516E+01	0	0.000E+00
1.516E+01	1.517E+01	0	0.000E+00
1.517E+01	1.518E+01	0	0.000E+00
1.518E+01	1.519E+01	0	0.000E+00
1.519E+01	1.520E+01	0	0.000E+00
1.520E+01	1.521E+01	0	0.000E+00
1.521E+01	1.522E+01	0	0.000E+00
1.522E+01	1.523E+01	0	0.000E+00
1.523E+01	1.524E+01	0	0.000E+00
1.524E+01	1.525E+01	0	0.000E+00
1.525E+01	1.526E+01	0	0.000E+00
1.526E+01	1.527E+01	0	0.000E+00
1.527E+01	1.528E+01	0	0.000E+00
1.528E+01	1.529E+01	0	0.000E+00
1.529E+01	1.530E+01	0	0.000E+00
1.530E+01	1.531E+01	0	0.000E+00
1.531E+01	1.532E+01	0	0.000E+00
1.532E+01	1.533E+01	0	0.000E+00
1.533E+01	1.534E+01	0	0.000E+00
1.534E+01	1.535E+01	0	0.000E+00
1.535E+01	1.536E+01	0	0.000E+00
1.536E+01	1.537E+01	0	0.000E+00
1.537E+01	1.538E+01	0	0.000E+00
1.538E+01	1.539E+01	0	0.000E+00
1.539E+01	1.540E+01	0	0.000E+00
1.540E+01	1.541E+01	0	0.000E+00
1.541E+01	1.542E+01	0	0.000E+00
1.542E+01	1.543E+01	0	0.000E+00
1.543E+01	1.544E+01	0	0.000E+00
1.544E+01	1.545E+01	0	0.000E+00
1.545E+01	1.546E+01	0	0.000E+00
1.546E+01	1.547E+01	0	0.000E+00
1.547E+01	1.548E+01	0	0.000E+00
1.548E+01	1.549E+01	1	2.000E-06
1.549E+01	1.550E+01	0	0.000E+00
1.550E+01	1.551E+01	0	0.000E+00
1.551E+01	1.552E+01	0	0.000E+00
1.552E+01	1.553E+01	0	0.000E+00
1.553E+01	1.554E+01	0	0.000E+00
1.554E+01	1.555E+01	0	0.000E+00
1.555E+01	1.556E+01	0	0.000E+00
1.556E+01	1.557E+01	0	0.000E+00
1.557E+01	1.558E+01	0	0.000E+00
1.558E+01	1.559E+01	0	0.000E+00
1.559E+01	1.560E+01	0	0.000E+00
1.560E+01	1.561E+01	0	0.000E+00
1.561E+01	1.562E+01	0	0.000E+00
1.562E+01	1.563E+01	0	0.000E+00
1.563E+01	1.564E+01	0	0.000E+00
1.564E+01	1.565E+01	0	0.000E+00
1.565E+01	1.566E+01	0	0.000E+00
1.566E+01	1.567E+01	0	0.000E+00
1.567E+01	1.568E+01	0	0.000E+00
1.568E+01	1.569E+01	0	0.000E+00
1.569E+01	1.570E+01	0	0.000E+00
1.570E+01	1.571E+01	0	0.000E+00
1.571E+01	1.572E+01	0	0.000E+00
1.572E+01	1.573E+01	0	0.000E+00
1.573E+01	1.574E+01	0	0.000E+00
1.574E+01	1.575E+01	0	0.000E+00
1.575E+01	1.576E+01	0	0.000E+00
1.576E+01	1.577E+01	0	0.000E+00
1.577E+01	1.578E+01	0	0.000E+00
1.578E+01	1.579E+01	0	0.000E+00
1.579E+01	1.580E+01	0	0.000E+00
1.580E+01	1.581E+01	0	0.000E+00
1.581E+01	1.582E+01	0	0.000E+00
1.582E+01	1.583E+01	0	0.000E+00
1.583E+01	1.584E+01	0	0.000E+00
1.584E+01	1.585E+01	0	0.000E+00
1.585E+01	1.586E+01	0	0.000E+00
1.586E+01	1.587E+01	0	0.000E+00
1.587E+01	1.588E+01	0	0.000E+00
1.588E+01	1.589E+01	0	0.000E+00
1.589E+01	1.590E+01	0	0.000E+00
1.590E+01	1.591E+01	0	0.000E+00
1.591E+01	1.592E+01	0	0.000E+00
1.592E+01	1.593E+01	0	0.000E+00
1.593E+01	1.594E+01	0	0.000E+00
1.594E+01	1.595E+01	0	0.000E+00
1.595E+01	1.596E+01	0	0.000E+00
1.596E+01	1.597E+01	0	0.000E+00
1.597E+01	1.598E+01	0	0.000E+00
1.598E+01	1.599E+01	0	0.000E+00
1.599E+01	1.600E+01	0	0.000E+00
1.600E+01	1.601E+01	0	0.000E+00
1.601E+01	1.602E+01	1	2.000E-06
1.602E+01	1.603E+01	0	0.000E+00
1.603E+01	1.604E+01	0	0.000E+00
1.604E+01	1.605E+01	0	0.000E+00
1.605E+01	1.606E+01	0	0.000E+00
1.606E+01	1.607E+01	0	0.000E+00
1.607E+01	1.608E+01	0	0.000E+00
1.608E+01	1.609E+01	0	0.000E+00
1.609E+01	1.610E+01	0	0.000E+00
1.610E+01	1.611E+01	0	0.000E+00
1.611E+01	1.612E+01	0	0.000E+00
1.612E+01	1.613E+01	0	0.000E+00
1.613E+01	1.614E+01	0	0.000E+00
1.614E+01	1.615E+01	1	2.000E-06
1.615E+01	1.616E+01	0	0.000E+00
1.616E+01	1.617E+01	0	0.000E+00
1.617E+01	1.618E+01	0	0.000E+00
1.618E+01	1.619E+01	0	0.000E+00
1.619E+01	1.620E+01	0	0.000E+00
1.620E+01	1.621E+01	0	0.000E+00
1.621E+01	1.622E+01	0	0.000E+00
1.622E+01	1.623E+01	0	0.000E+00
1.623E+01	1.624E+01	0	0.000E+00
1.624E+01	1.625E+01	0	0.000E+00
1.625E+01	1.626E+01	0	0.000E+00
1.626E+01	1.627E+01	0	0.000E+00
1.627E+01	1.628E+01	0	0.000E+00
1.628E+01	1.629E+01	0	0.000E+00
1.629E+01	1.630E+01	0	0.000E+00
1.630E+01	1.631E+01	0	0.000E+00
1.631E+01	1.632E+01	0	0.000E+00
1.632E+01	1.633E+01	0	0.000E+00
1.633E+01	1.634E+01	0	0.000E+00
1.634E+01	1.635E+01	0	0.000E+00
1.635E+01	1.636E+01	0	0.000E+00
1.636E+01	1.637E+01	0	0.000E+00
1.637E+01	1.638E+01	0	0.000E+00
1.638E+01	1.639E+01	0	0.000E+00
1.639E+01	1.640E+01	0	0.000E+00
1.640E+01	1.641E+01	0	0.000E+00
1.641E+01	1.642E+01	0	0.000E+00
1.642E+01	1.643E+01	0	0.000E+00
1.643E+01	1.644E+01	0	0.000E+00
1.644E+01	1.645E+01	1	2.000E-06
1.645E+01	1.646E+01	0	0.000E+00
1.646E+01	1.647E+01	0	0.000E+00
1.647E+01	1.648E+01	0	0.000E+00
1.648E+01	1.649E+01	0	0.000E+00
1.649E+01	1.650E+01	0	0.000E+00
1.650E+01	1.651E+01	0	0.000E+00
1.651E+01	1.652E+01	0	0.000E+00
1.652E+01	1.653E+01	0	0.000E+00
1.653E+01	1.654E+01	0	0.000E+00
1.654E+01	1.655E+01	1	2.000E-06
1.655E+01	1.656E+01	0	0.000E+00
1.656E+01	1.657E+01	0	0.000E+00
1.657E+01	1.658E+01	0	0.000E+00
1.658E+01	1.659E+01	0	0.000E+00
1.659E+01	1.660E+01	0	0.000E+00
1.660E+01	1.661E+01	0	0.000E+00
1.661E+01	1.662E+01	0	0.000E+00
1.662E+01	1.663E+01	0	0.000E+00
1.663E+01	1.664E+01	0	0.000E+00
1.664E+01	1.665E+01	0	0.000E+00
1.665E+01	1.666E+01	0	0.000E+00
1.666E+01	1.667E+01	0	0.000E+00
1.667E+01	1.668E+01	0	0.000E+00
1.668E+01	1.669E+01	0	0.000E+00
1.669E+01	1.670E+01	1	2.000E-06
1.670E+01	1.671E+01	0	0.000E+00
1.671E+01	1.672E+01	0	0.000E+00
1.672E+01	1.673E+01	0	0.000E+00
1.673E+01	1.674E+01	0	0.000E+00
1.674E+01	1.675E+01	0	0.000E+00
1.675E+01	1.676E+01	0	0.000E+00
1.676E+01	1.677E+01	0	0.000E+00
1.677E+01	1.678E+01	0	0.000E+00
1.678E+01	1.679E+01	1	2.000E-06
1.679E+01	1.680E+01	0	0.000E+00
1.680E+01	1.681E+01	0	0.000E+00
1.681E+01	1.682E+01	0	0.000E+00
1.682E+01	1.683E+01	0	0.000E+00
1.683E+01	1.684E+01	0	0.000E+00
1.684E+01	1.685E+01	0	0.000E+00
1.685E+01	1.686E+01	0	0.000E+00
1.686E+01	1.687E+01	0	0.000E+00
1.687E+01	1.688E+01	0	0.000E+00
1.688E+01	1.689E+01	0	0.000E+00
1.689E+01	1.690E+01	0	0.000E+00
1.690E+01	1.691E+01	0	0.000E+00
1.691E+01	1.692E+01	0	0.000E+00
1.692E+01	1.693E+01	0	0.000E+00
1.693E+01	1.694E+01	0	0.000E+00
1.694E+01	1.695E+01	0	0.000E+00
1.695E+01	1.696E+01	0	0.000E+00
1.696E+01	1.697E+01	0	0.000E+00
1.697E+01	1.698E+01	0	0.000E+00
1.698E+01	1.699E+01	0	0.000E+00
1.699E+01	1.700E+01	0	0.000E+00
1.700E+01	1.701E+01	0	0.000E+00
1.701E+01	1.702E+01	0	0.000E+00
1.702E+01	1.703E+01	0	0.000E+00
1.703E+01	1.704E+01	0	0.000E+00
1.704E+01	1.705E+01	0	0.000E+00
1.705E+01	1.706E+01	0	0.000E+00
1.706E+01	1.707E+01	0	0.000E+00
1.707E+01	1.708E+01	1	2.000E-06
1.708E+01	1.709E+01	0	0.000E+00
1.709E+01	1.710E+01	0	0.000E+00
1.710E+01	1.711E+01	0	0.000E+00
1.711E+01	1.712E+01	0	0.000E+00
1.712E+01	1.713E+01	0	0.000E+00
1.713E+01	1.714E+01	0	0.000E+00
1.714E+01	1.715E+01	0	0.000E+00
1.715E+01	1.716E+01	0	0.000E+00
1.716E+01	1.717E+01	0	0.000E+00
1.717E+01	1.718E+01	0	0.000E+00
1.718E+01	1.719E+01	0	0.000E+00
1.719E+01	1.720E+01	1	2.000E-06
1.720E+01	1.721E+01	0	0.000E+00
1.721E+01	1.722E+01	0	0.000E+00
1.722E+01	1.723E+01	0	0.000E+00
1.723E+01	1.724E+01	0	0.000E+00
1.724E+01	1.725E+01	0	0.000E+00
1.725E+01	1.726E+01	0	0.000E+00
1.726E+01	1.727E+01	1	2.000E-06
1.727E+01	1.728E+01	0	0.000E+00
1.728E+01	1.729E+01	0	0.000E+00
1.729E+01	1.730E+01	0	0.000E+00
1.730E+01	1.731E+01	0	0.000E+00
1.731E+01	1.732E+01	0	0.000E+00
1.732E+01	1.733E+01	0	0.000E+00
1.733E+01	1.734E+01	0	0.000E+00
1.734E+01	1.735E+01	0	0.000E+00
1.735E+01	1.736E+01	0	0.000E+00
1.736E+01	1.737E+01	0	0.000E+00
1.737E+01	1.738E+01	0	0.000E+00
1.738E+01	1.739E+01	0	0.000E+00
1.739E+01	1.740E+01	0	0.000E+00
1.740E+01	1.741E+01	0	0.000E+00
1.741E+01	1.742E+01	0	0.000E+00
1.742E+01	1.743E+01	0	0.000E+00
1.743E+01	1.744E+01	0	0.000E+00
1.744E+01	1.745E+01	0	0.000E+00
1.745E+01	1.746E+01	0	0.000E+00
1.746E+01	1.747E+01	0	0.000E+00
1.747E+01	1.748E+01	0	0.000E+00
1.748E+01	1.749E+01	0	0.000E+00
1.749E+01	1.750E+01	0	0.000E+00
1.750E+01	1.751E+01	0	0.000E+00
1.751E+01	1.752E+01	1	2.000E-06
1.752E+01	1.753E+01	0	0.000E+00
1.753E+01	1.754E+01	0	0.000E+00
1.754E+01	1.755E+01	0	0.000E+00
1.755E+01	1.756E+01	0	0.000E+00
1.756E+01	1.757E+01	0	0.000E+00
1.757E+01	1.758E+01	0	0.000E+00
1.758E+01	1.759E+01	0	0.000E+00
1.759E+01	1.760E+01	0	0.000E+00
1.760E+01	1.761E+01	0	0.000E+00
1.761E+01	1.762E+01	0	0.000E+00
1.762E+01	1.763E+01	0	0.000E+00
1.763E+01	1.764E+01	0	0.000E+00
1.764E+01	1.765E+01	0	0.000E+00
1.765E+01	1.766E+01	0	0.000E+00
1.766E+01	1.767E+01	0	0.000E+00
1.767E+01	1.768E+01	0	0.000E+00
1.768E+01	1.769E+01	0	0.000E+00
1.769E+01	1.770E+01	0	0.000E+00
1.770E+01	1.771E+01	1	2.000E-06
1.771E+01	1.772E+01	0	0.000E+00
1.772E+01	1.773E+01	0	0.000E+00
1.773E+01	1.774E+01	0	0.000E+00
1.774E+01	1.775E+01	0	0.000E+00
1.775E+01	1.776E+01	0	0.000E+00
1.776E+01	1.777E+01	0	0.000E+00
1.777E+01	1.778E+01	0	0.000E+00
1.778E+01	1.779E+01	0	0.000E+00
1.779E+01	1.780E+01	0	0.000E+00
1.780E+01	1.781E+01	0	0.000E+00
1.781E+01	1.782E+01	0	0.000E+00
1.782E+01	1.783E+01	0	0.000E+00
1.783E+01	1.784E+01	0	0.000E+00
1.784E+01	1.785E+01	0	0.000E+00
1.785E+01	1.786E+01	0	0.000E+00
1.786E+01	1.787E+01	0	0.000E+00
1.787E+01	1.788E+01	0	0.000E+00
1.788E+01	1.789E+01	1	2.000E-06
1.789E+01	1.790E+01	0	0.000E+00
1.790E+01	1.791E+01	0	0.000E+00
1.791E+01	1.792E+01	0	0.000E+00
1.792E+01	1.793E+01	0	0.000E+00
1.793E+01	1.794E+01	0	0.000E+00
1.794E+01	1.795E+01	0	0.000E+00
1.795E+01	1.796E+01	1	2.000E-06
1.796E+01	1.797E+01	0	0.000E+00
1.797E+01	1.798E+01	0	0.000E+00
1.798E+01	1.799E+01	0	0.000E+00
1.799E+01	1.800E+01	0	0.000E+00
1.800E+01	1.801E+01	0	0.000E+00
1.801E+01	1.802E+01	0	0.000E+00
1.802E+01	1.803E+01	0	0.000E+00
1.803E+01	1.804E+01	0	0.000E+00
1.804E+01	1.805E+01	0	0.000E+00
1.805E+01	1.806E+01	0	0.000E+00
1.806E+01	1.807E+01	0	0.000E+00
1.807E+01	1.808E+01	0	0.000E+00
1.808E+01	1.809E+01	0	0.000E+00
1.809E+01	1.810E+01	0	0.000E+00
1.810E+01	1.811E+01	0	0.000E+00
1.811E+01	1.812E+01	0	0.000E+00
1.812E+01	1.813E+01	0	0.000E+00
1.813E+01	1.814E+01	0	0.000E+00
1.814E+01	1.815E+01	0	0.000E+00
1.815E+01	1.816E+01	0	0.000E+00
1.816E+01	1.817E+01	1	2.000E-06
1.817E+01	1.818E+01	0	0.000E+00
1.818E+01	1.819E+01	0	0.000E+00
1.819E+01	1.820E+01	0	0.000E+00
1.820E+01	1.821E+01	0	0.000E+00
1.821E+01	1.822E+01	0	0.000E+00
1.822E+01	1.823E+01	0	0.000E+00
1.823E+01	1.824E+01	0	0.000E+00
1.824E+01	1.825E+01	0	0.000E+00
1.825E+01	1.826E+01	0	0.000E+00
1.826E+01	1.827E+01	1	2.000E-06
1.827E+01	1.827E+01	0	0.000E+00
