m_start	m_end	count	relcount
0.000E+00	1.000E-02	17894	1.789E-02
1.000E-02	2.000E-02	17358	1.736E-02
2.000E-02	3.000E-02	16742	1.674E-02
3.000E-02	4.000E-02	16313	1.631E-02
4.000E-02	5.000E-02	16061	1.606E-02
5.000E-02	6.000E-02	15246	1.525E-02
6.000E-02	7.000E-02	15071	1.507E-02
7.000E-02	8.000E-02	14505	1.450E-02
8.000E-02	9.000E-02	14088	1.409E-02
9.000E-02	1.000E-01	13442	1.344E-02
1.000E-01	1.100E-01	13176	1.318E-02
1.100E-01	1.200E-01	13005	1.300E-02
1.200E-01	1.300E-01	12322	1.232E-02
1.300E-01	1.400E-01	12073	1.207E-02
1.400E-01	1.500E-01	11817	1.182E-02
1.500E-01	1.600E-01	11639	1.164E-02
1.600E-01	1.700E-01	11107	1.111E-02
1.700E-01	1.800E-01	10963	1.096E-02
1.800E-01	1.900E-01	10630	1.063E-02
1.900E-01	2.000E-01	10225	1.022E-02
2.000E-01	2.100E-01	10093	1.009E-02
2.100E-01	2.200E-01	9764	9.764E-03
2.200E-01	2.300E-01	9557	9.557E-03
2.300E-01	2.400E-01	9229	9.229E-03
2.400E-01	2.500E-01	8854	8.854E-03
2.500E-01	2.600E-01	8836	8.836E-03
2.600E-01	2.700E-01	8719	8.719E-03
2.700E-01	2.800E-01	8336	8.336E-03
2.800E-01	2.900E-01	8178	8.178E-03
2.900E-01	3.000E-01	7776	7.776E-03
3.000E-01	3.100E-01	7880	7.880E-03
3.100E-01	3.200E-01	7536	7.536E-03
3.200E-01	3.300E-01	7408	7.408E-03
3.300E-01	3.400E-01	7282	7.282E-03
3.400E-01	3.500E-01	7133	7.133E-03
3.500E-01	3.600E-01	7005	7.005E-03
3.600E-01	3.700E-01	6945	6.945E-03
3.700E-01	3.800E-01	6839	6.839E-03
3.800E-01	3.900E-01	6683	6.683E-03
3.900E-01	4.000E-01	6242	6.242E-03
4.000E-01	4.100E-01	6197	6.197E-03
4.100E-01	4.200E-01	6142	6.142E-03
4.200E-01	4.300E-01	5946	5.946E-03
4.300E-01	4.400E-01	5954	5.954E-03
4.400E-01	4.500E-01	5697	5.697E-03
4.500E-01	4.600E-01	5801	5.801E-03
4.600E-01	4.700E-01	5586	5.586E-03
4.700E-01	4.800E-01	5506	5.506E-03
4.800E-01	4.900E-01	5387	5.387E-03
4.900E-01	5.000E-01	5256	5.256E-03
5.000E-01	5.100E-01	5291	5.291E-03
5.100E-01	5.200E-01	5132	5.132E-03
5.200E-01	5.300E-01	5108	5.108E-03
5.300E-01	5.400E-01	4941	4.941E-03
5.400E-01	5.500E-01	4991	4.991E-03
5.500E-01	5.600E-01	4759	4.759E-03
5.600E-01	5.700E-01	4880	4.880E-03
5.700E-01	5.800E-01	4751	4.751E-03
5.800E-01	5.900E-01	4684	4.684E-03
5.900E-01	6.000E-01	4549	4.549E-03
6.000E-01	6.100E-01	4345	4.345E-03
6.100E-01	6.200E-01	4398	4.398E-03
6.200E-01	6.300E-01	4351	4.351E-03
6.300E-01	6.400E-01	4396	4.396E-03
6.400E-01	6.500E-01	4300	4.300E-03
6.500E-01	6.600E-01	4092	4.092E-03
6.600E-01	6.700E-01	4223	4.223E-03
6.700E-01	6.800E-01	4077	4.077E-03
6.800E-01	6.900E-01	4055	4.055E-03
6.900E-01	7.000E-01	3994	3.994E-03
7.000E-01	7.100E-01	3764	3.764E-03
7.100E-01	7.200E-01	3758	3.758E-03
7.200E-01	7.300E-01	3677	3.677E-03
7.300E-01	7.400E-01	3697	3.697E-03
7.400E-01	7.500E-01	3578	3.578E-03
7.500E-01	7.600E-01	3593	3.593E-03
7.600E-01	7.700E-01	3543	3.543E-03
7.700E-01	7.800E-01	3527	3.527E-03
7.800E-01	7.900E-01	3445	3.445E-03
7.900E-01	8.000E-01	3376	3.376E-03
8.000E-01	8.100E-01	3342	3.342E-03
8.100E-01	8.200E-01	3404	3.404E-03
8.200E-01	8.300E-01	3332	3.332E-03
8.300E-01	8.400E-01	3302	3.302E-03
8.400E-01	8.500E-01	3308	3.308E-03
8.500E-01	8.600E-01	3215	3.215E-03
8.600E-01	8.700E-01	3228	3.228E-03
8.700E-01	8.800E-01	3098	3.098E-03
8.800E-01	8.900E-01	3087	3.087E-03
8.900E-01	9.000E-01	3006	3.006E-03
9.000E-01	9.100E-01	2998	2.998E-03
9.100E-01	9.200E-01	2979	2.979E-03
9.200E-01	9.300E-01	2917	2.917E-03
9.300E-01	9.400E-01	2915	2.915E-03
9.400E-01	9.500E-01	2909	2.909E-03
9.500E-01	9.600E-01	2773	2.773E-03
9.600E-01	9.700E-01	2761	2.761E-03
9.700E-01	9.800E-01	2697	2.697E-03
9.800E-01	9.900E-01	2612	2.612E-03
9.900E-01	1.000E+00	2707	2.707E-03
1.000E+00	1.010E+00	2626	2.626E-03
1.010E+00	1.020E+00	2576	2.576E-03
1.020E+00	1.030E+00	2628	2.628E-03
1.030E+00	1.040E+00	2593	2.593E-03
1.040E+00	1.050E+00	2615	2.615E-03
1.050E+00	1.060E+00	2513	2.513E-03
1.060E+00	1.070E+00	2506	2.506E-03
1.070E+00	1.080E+00	2398	2.398E-03
1.080E+00	1.090E+00	2460	2.460E-03
1.090E+00	1.100E+00	2418	2.418E-03
1.100E+00	1.110E+00	2406	2.406E-03
1.110E+00	1.120E+00	2333	2.333E-03
1.120E+00	1.130E+00	2262	2.262E-03
1.130E+00	1.140E+00	2262	2.262E-03
1.140E+00	1.150E+00	2225	2.225E-03
1.150E+00	1.160E+00	2269	2.269E-03
1.160E+00	1.170E+00	2244	2.244E-03
1.170E+00	1.180E+00	2220	2.220E-03
1.180E+00	1.190E+00	2175	2.175E-03
1.190E+00	1.200E+00	2176	2.176E-03
1.200E+00	1.210E+00	2142	2.142E-03
1.210E+00	1.220E+00	2206	2.206E-03
1.220E+00	1.230E+00	2080	2.080E-03
1.230E+00	1.240E+00	2121	2.121E-03
1.240E+00	1.250E+00	2002	2.002E-03
1.250E+00	1.260E+00	2094	2.094E-03
1.260E+00	1.270E+00	2069	2.069E-03
1.270E+00	1.280E+00	1966	1.966E-03
1.280E+00	1.290E+00	2002	2.002E-03
1.290E+00	1.300E+00	2006	2.006E-03
1.300E+00	1.310E+00	1943	1.943E-03
1.310E+00	1.320E+00	1879	1.879E-03
1.320E+00	1.330E+00	1881	1.881E-03
1.330E+00	1.340E+00	1859	1.859E-03
1.340E+00	1.350E+00	1909	1.909E-03
1.350E+00	1.360E+00	1998	1.998E-03
1.360E+00	1.370E+00	1748	1.748E-03
1.370E+00	1.380E+00	1749	1.749E-03
1.380E+00	1.390E+00	1808	1.808E-03
1.390E+00	1.400E+00	1811	1.811E-03
1.400E+00	1.410E+00	1807	1.807E-03
1.410E+00	1.420E+00	1747	1.747E-03
1.420E+00	1.430E+00	1731	1.731E-03
1.430E+00	1.440E+00	1812	1.812E-03
1.440E+00	1.450E+00	1781	1.781E-03
1.450E+00	1.460E+00	1684	1.684E-03
1.460E+00	1.470E+00	1638	1.638E-03
1.470E+00	1.480E+00	1584	1.584E-03
1.480E+00	1.490E+00	1627	1.627E-03
1.490E+00	1.500E+00	1604	1.604E-03
1.500E+00	1.510E+00	1622	1.622E-03
1.510E+00	1.520E+00	1645	1.645E-03
1.520E+00	1.530E+00	1691	1.691E-03
1.530E+00	1.540E+00	1504	1.504E-03
1.540E+00	1.550E+00	1618	1.618E-03
1.550E+00	1.560E+00	1564	1.564E-03
1.560E+00	1.570E+00	1591	1.591E-03
1.570E+00	1.580E+00	1584	1.584E-03
1.580E+00	1.590E+00	1500	1.500E-03
1.590E+00	1.600E+00	1529	1.529E-03
1.600E+00	1.610E+00	1507	1.507E-03
1.610E+00	1.620E+00	1481	1.481E-03
1.620E+00	1.630E+00	1481	1.481E-03
1.630E+00	1.640E+00	1479	1.479E-03
1.640E+00	1.650E+00	1419	1.419E-03
1.650E+00	1.660E+00	1396	1.396E-03
1.660E+00	1.670E+00	1412	1.412E-03
1.670E+00	1.680E+00	1427	1.427E-03
1.680E+00	1.690E+00	1406	1.406E-03
1.690E+00	1.700E+00	1409	1.409E-03
1.700E+00	1.710E+00	1431	1.431E-03
1.710E+00	1.720E+00	1293	1.293E-03
1.720E+00	1.730E+00	1341	1.341E-03
1.730E+00	1.740E+00	1345	1.345E-03
1.740E+00	1.750E+00	1264	1.264E-03
1.750E+00	1.760E+00	1293	1.293E-03
1.760E+00	1.770E+00	1307	1.307E-03
1.770E+00	1.780E+00	1274	1.274E-03
1.780E+00	1.790E+00	1333	1.333E-03
1.790E+00	1.800E+00	1280	1.280E-03
1.800E+00	1.810E+00	1260	1.260E-03
1.810E+00	1.820E+00	1235	1.235E-03
1.820E+00	1.830E+00	1197	1.197E-03
1.830E+00	1.840E+00	1185	1.185E-03
1.840E+00	1.850E+00	1173	1.173E-03
1.850E+00	1.860E+00	1160	1.160E-03
1.860E+00	1.870E+00	1207	1.207E-03
1.870E+00	1.880E+00	1156	1.156E-03
1.880E+00	1.890E+00	1191	1.191E-03
1.890E+00	1.900E+00	1174	1.174E-03
1.900E+00	1.910E+00	1162	1.162E-03
1.910E+00	1.920E+00	1210	1.210E-03
1.920E+00	1.930E+00	1160	1.160E-03
1.930E+00	1.940E+00	1193	1.193E-03
1.940E+00	1.950E+00	1092	1.092E-03
1.950E+00	1.960E+00	1061	1.061E-03
1.960E+00	1.970E+00	1132	1.132E-03
1.970E+00	1.980E+00	1133	1.133E-03
1.980E+00	1.990E+00	1046	1.046E-03
1.990E+00	2.000E+00	1081	1.081E-03
2.000E+00	2.010E+00	1078	1.078E-03
2.010E+00	2.020E+00	1075	1.075E-03
2.020E+00	2.030E+00	1083	1.083E-03
2.030E+00	2.040E+00	1071	1.071E-03
2.040E+00	2.050E+00	948	9.480E-04
2.050E+00	2.060E+00	1057	1.057E-03
2.060E+00	2.070E+00	1019	1.019E-03
2.070E+00	2.080E+00	999	9.990E-04
2.080E+00	2.090E+00	1010	1.010E-03
2.090E+00	2.100E+00	949	9.490E-04
2.100E+00	2.110E+00	979	9.790E-04
2.110E+00	2.120E+00	935	9.350E-04
2.120E+00	2.130E+00	984	9.840E-04
2.130E+00	2.140E+00	917	9.170E-04
2.140E+00	2.150E+00	982	9.820E-04
2.150E+00	2.160E+00	943	9.430E-04
2.160E+00	2.170E+00	900	9.000E-04
2.170E+00	2.180E+00	899	8.990E-04
2.180E+00	2.190E+00	930	9.300E-04
2.190E+00	2.200E+00	905	9.050E-04
2.200E+00	2.210E+00	916	9.160E-04
2.210E+00	2.220E+00	861	8.610E-04
2.220E+00	2.230E+00	892	8.920E-04
2.230E+00	2.240E+00	878	8.780E-04
2.240E+00	2.250E+00	890	8.900E-04
2.250E+00	2.260E+00	879	8.790E-04
2.260E+00	2.270E+00	909	9.090E-04
2.270E+00	2.280E+00	836	8.360E-04
2.280E+00	2.290E+00	811	8.110E-04
2.290E+00	2.300E+00	914	9.140E-04
2.300E+00	2.310E+00	830	8.300E-04
2.310E+00	2.320E+00	840	8.400E-04
2.320E+00	2.330E+00	828	8.280E-04
2.330E+00	2.340E+00	801	8.010E-04
2.340E+00	2.350E+00	815	8.150E-04
2.350E+00	2.360E+00	808	8.080E-04
2.360E+00	2.370E+00	750	7.500E-04
2.370E+00	2.380E+00	806	8.060E-04
2.380E+00	2.390E+00	766	7.660E-04
2.390E+00	2.400E+00	756	7.560E-04
2.400E+00	2.410E+00	785	7.850E-04
2.410E+00	2.420E+00	693	6.930E-04
2.420E+00	2.430E+00	759	7.590E-04
2.430E+00	2.440E+00	799	7.990E-04
2.440E+00	2.450E+00	795	7.950E-04
2.450E+00	2.460E+00	745	7.450E-04
2.460E+00	2.470E+00	804	8.040E-04
2.470E+00	2.480E+00	730	7.300E-04
2.480E+00	2.490E+00	717	7.170E-04
2.490E+00	2.500E+00	737	7.370E-04
2.500E+00	2.510E+00	694	6.940E-04
2.510E+00	2.520E+00	717	7.170E-04
2.520E+00	2.530E+00	701	7.010E-04
2.530E+00	2.540E+00	745	7.450E-04
2.540E+00	2.550E+00	689	6.890E-04
2.550E+00	2.560E+00	709	7.090E-04
2.560E+00	2.570E+00	679	6.790E-04
2.570E+00	2.580E+00	677	6.770E-04
2.580E+00	2.590E+00	706	7.060E-04
2.590E+00	2.600E+00	722	7.220E-04
2.600E+00	2.610E+00	669	6.690E-04
2.610E+00	2.620E+00	657	6.570E-04
2.620E+00	2.630E+00	705	7.050E-04
2.630E+00	2.640E+00	643	6.430E-04
2.640E+00	2.650E+00	679	6.790E-04
2.650E+00	2.660E+00	600	6.000E-04
2.660E+00	2.670E+00	629	6.290E-04
2.670E+00	2.680E+00	619	6.190E-04
2.680E+00	2.690E+00	652	6.520E-04
2.690E+00	2.700E+00	689	6.890E-04
2.700E+00	2.710E+00	609	6.090E-04
2.710E+00	2.720E+00	553	5.530E-04
2.720E+00	2.730E+00	639	6.390E-04
2.730E+00	2.740E+00	633	6.330E-04
2.740E+00	2.750E+00	602	6.020E-04
2.750E+00	2.760E+00	599	5.990E-04
2.760E+00	2.770E+00	583	5.830E-04
2.770E+00	2.780E+00	635	6.350E-04
2.780E+00	2.790E+00	592	5.920E-04
2.790E+00	2.800E+00	573	5.730E-04
2.800E+00	2.810E+00	563	5.630E-04
2.810E+00	2.820E+00	625	6.250E-04
2.820E+00	2.830E+00	570	5.700E-04
2.830E+00	2.840E+00	574	5.740E-04
2.840E+00	2.850E+00	546	5.460E-04
2.850E+00	2.860E+00	584	5.840E-04
2.860E+00	2.870E+00	569	5.690E-04
2.870E+00	2.880E+00	566	5.660E-04
2.880E+00	2.890E+00	563	5.630E-04
2.890E+00	2.900E+00	527	5.270E-04
2.900E+00	2.910E+00	521	5.210E-04
2.910E+00	2.920E+00	508	5.080E-04
2.920E+00	2.930E+00	532	5.320E-04
2.930E+00	2.940E+00	529	5.290E-04
2.940E+00	2.950E+00	522	5.220E-04
2.950E+00	2.960E+00	533	5.330E-04
2.960E+00	2.970E+00	545	5.450E-04
2.970E+00	2.980E+00	513	5.130E-04
2.980E+00	2.990E+00	503	5.030E-04
2.990E+00	3.000E+00	523	5.230E-04
3.000E+00	3.010E+00	501	5.010E-04
3.010E+00	3.020E+00	492	4.920E-04
3.020E+00	3.030E+00	491	4.910E-04
3.030E+00	3.040E+00	461	4.610E-04
3.040E+00	3.050E+00	495	4.950E-04
3.050E+00	3.060E+00	486	4.860E-04
3.060E+00	3.070E+00	508	5.080E-04
3.070E+00	3.080E+00	462	4.620E-04
3.080E+00	3.090E+00	471	4.710E-04
3.090E+00	3.100E+00	473	4.730E-04
3.100E+00	3.110E+00	459	4.590E-04
3.110E+00	3.120E+00	479	4.790E-04
3.120E+00	3.130E+00	490	4.900E-04
3.130E+00	3.140E+00	502	5.020E-04
3.140E+00	3.150E+00	474	4.740E-04
3.150E+00	3.160E+00	447	4.470E-04
3.160E+00	3.170E+00	458	4.580E-04
3.170E+00	3.180E+00	440	4.400E-04
3.180E+00	3.190E+00	443	4.430E-04
3.190E+00	3.200E+00	429	4.290E-04
3.200E+00	3.210E+00	440	4.400E-04
3.210E+00	3.220E+00	413	4.130E-04
3.220E+00	3.230E+00	401	4.010E-04
3.230E+00	3.240E+00	410	4.100E-04
3.240E+00	3.250E+00	441	4.410E-04
3.250E+00	3.260E+00	388	3.880E-04
3.260E+00	3.270E+00	402	4.020E-04
3.270E+00	3.280E+00	394	3.940E-04
3.280E+00	3.290E+00	384	3.840E-04
3.290E+00	3.300E+00	419	4.190E-04
3.300E+00	3.310E+00	410	4.100E-04
3.310E+00	3.320E+00	392	3.920E-04
3.320E+00	3.330E+00	431	4.310E-04
3.330E+00	3.340E+00	393	3.930E-04
3.340E+00	3.350E+00	411	4.110E-04
3.350E+00	3.360E+00	371	3.710E-04
3.360E+00	3.370E+00	382	3.820E-04
3.370E+00	3.380E+00	397	3.970E-04
3.380E+00	3.390E+00	371	3.710E-04
3.390E+00	3.400E+00	402	4.020E-04
3.400E+00	3.410E+00	375	3.750E-04
3.410E+00	3.420E+00	374	3.740E-04
3.420E+00	3.430E+00	361	3.610E-04
3.430E+00	3.440E+00	382	3.820E-04
3.440E+00	3.450E+00	366	3.660E-04
3.450E+00	3.460E+00	342	3.420E-04
3.460E+00	3.470E+00	393	3.930E-04
3.470E+00	3.480E+00	348	3.480E-04
3.480E+00	3.490E+00	342	3.420E-04
3.490E+00	3.500E+00	363	3.630E-04
3.500E+00	3.510E+00	371	3.710E-04
3.510E+00	3.520E+00	349	3.490E-04
3.520E+00	3.530E+00	350	3.500E-04
3.530E+00	3.540E+00	335	3.350E-04
3.540E+00	3.550E+00	342	3.420E-04
3.550E+00	3.560E+00	326	3.260E-04
3.560E+00	3.570E+00	335	3.350E-04
3.570E+00	3.580E+00	367	3.670E-04
3.580E+00	3.590E+00	303	3.030E-04
3.590E+00	3.600E+00	354	3.540E-04
3.600E+00	3.610E+00	324	3.240E-04
3.610E+00	3.620E+00	321	3.210E-04
3.620E+00	3.630E+00	330	3.300E-04
3.630E+00	3.640E+00	331	3.310E-04
3.640E+00	3.650E+00	301	3.010E-04
3.650E+00	3.660E+00	322	3.220E-04
3.660E+00	3.670E+00	319	3.190E-04
3.670E+00	3.680E+00	335	3.350E-04
3.680E+00	3.690E+00	303	3.030E-04
3.690E+00	3.700E+00	345	3.450E-04
3.700E+00	3.710E+00	307	3.070E-04
3.710E+00	3.720E+00	297	2.970E-04
3.720E+00	3.730E+00	312	3.120E-04
3.730E+00	3.740E+00	271	2.710E-04
3.740E+00	3.750E+00	271	2.710E-04
3.750E+00	3.760E+00	278	2.780E-04
3.760E+00	3.770E+00	293	2.930E-04
3.770E+00	3.780E+00	301	3.010E-04
3.780E+00	3.790E+00	307	3.070E-04
3.790E+00	3.800E+00	267	2.670E-04
3.800E+00	3.810E+00	288	2.880E-04
3.810E+00	3.820E+00	285	2.850E-04
3.820E+00	3.830E+00	294	2.940E-04
3.830E+00	3.840E+00	281	2.810E-04
3.840E+00	3.850E+00	283	2.830E-04
3.850E+00	3.860E+00	265	2.650E-04
3.860E+00	3.870E+00	279	2.790E-04
3.870E+00	3.880E+00	262	2.620E-04
3.880E+00	3.890E+00	278	2.780E-04
3.890E+00	3.900E+00	278	2.780E-04
3.900E+00	3.910E+00	255	2.550E-04
3.910E+00	3.920E+00	287	2.870E-04
3.920E+00	3.930E+00	259	2.590E-04
3.930E+00	3.940E+00	273	2.730E-04
3.940E+00	3.950E+00	268	2.680E-04
3.950E+00	3.960E+00	266	2.660E-04
3.960E+00	3.970E+00	259	2.590E-04
3.970E+00	3.980E+00	253	2.530E-04
3.980E+00	3.990E+00	258	2.580E-04
3.990E+00	4.000E+00	268	2.680E-04
4.000E+00	4.010E+00	272	2.720E-04
4.010E+00	4.020E+00	263	2.630E-04
4.020E+00	4.030E+00	240	2.400E-04
4.030E+00	4.040E+00	254	2.540E-04
4.040E+00	4.050E+00	252	2.520E-04
4.050E+00	4.060E+00	244	2.440E-04
4.060E+00	4.070E+00	260	2.600E-04
4.070E+00	4.080E+00	246	2.460E-04
4.080E+00	4.090E+00	244	2.440E-04
4.090E+00	4.100E+00	224	2.240E-04
4.100E+00	4.110E+00	251	2.510E-04
4.110E+00	4.120E+00	211	2.110E-04
4.120E+00	4.130E+00	229	2.290E-04
4.130E+00	4.140E+00	227	2.270E-04
4.140E+00	4.150E+00	234	2.340E-04
4.150E+00	4.160E+00	234	2.340E-04
4.160E+00	4.170E+00	232	2.320E-04
4.170E+00	4.180E+00	238	2.380E-04
4.180E+00	4.190E+00	208	2.080E-04
4.190E+00	4.200E+00	217	2.170E-04
4.200E+00	4.210E+00	234	2.340E-04
4.210E+00	4.220E+00	229	2.290E-04
4.220E+00	4.230E+00	220	2.200E-04
4.230E+00	4.240E+00	238	2.380E-04
4.240E+00	4.250E+00	236	2.360E-04
4.250E+00	4.260E+00	219	2.190E-04
4.260E+00	4.270E+00	232	2.320E-04
4.270E+00	4.280E+00	206	2.060E-04
4.280E+00	4.290E+00	212	2.120E-04
4.290E+00	4.300E+00	210	2.100E-04
4.300E+00	4.310E+00	190	1.900E-04
4.310E+00	4.320E+00	197	1.970E-04
4.320E+00	4.330E+00	185	1.850E-04
4.330E+00	4.340E+00	205	2.050E-04
4.340E+00	4.350E+00	189	1.890E-04
4.350E+00	4.360E+00	188	1.880E-04
4.360E+00	4.370E+00	188	1.880E-04
4.370E+00	4.380E+00	189	1.890E-04
4.380E+00	4.390E+00	181	1.810E-04
4.390E+00	4.400E+00	194	1.940E-04
4.400E+00	4.410E+00	210	2.100E-04
4.410E+00	4.420E+00	189	1.890E-04
4.420E+00	4.430E+00	190	1.900E-04
4.430E+00	4.440E+00	192	1.920E-04
4.440E+00	4.450E+00	190	1.900E-04
4.450E+00	4.460E+00	194	1.940E-04
4.460E+00	4.470E+00	201	2.010E-04
4.470E+00	4.480E+00	182	1.820E-04
4.480E+00	4.490E+00	199	1.990E-04
4.490E+00	4.500E+00	187	1.870E-04
4.500E+00	4.510E+00	173	1.730E-04
4.510E+00	4.520E+00	195	1.950E-04
4.520E+00	4.530E+00	157	1.570E-04
4.530E+00	4.540E+00	178	1.780E-04
4.540E+00	4.550E+00	167	1.670E-04
4.550E+00	4.560E+00	195	1.950E-04
4.560E+00	4.570E+00	162	1.620E-04
4.570E+00	4.580E+00	186	1.860E-04
4.580E+00	4.590E+00	174	1.740E-04
4.590E+00	4.600E+00	181	1.810E-04
4.600E+00	4.610E+00	177	1.770E-04
4.610E+00	4.620E+00	162	1.620E-04
4.620E+00	4.630E+00	163	1.630E-04
4.630E+00	4.640E+00	164	1.640E-04
4.640E+00	4.650E+00	180	1.800E-04
4.650E+00	4.660E+00	167	1.670E-04
4.660E+00	4.670E+00	176	1.760E-04
4.670E+00	4.680E+00	147	1.470E-04
4.680E+00	4.690E+00	172	1.720E-04
4.690E+00	4.700E+00	170	1.700E-04
4.700E+00	4.710E+00	141	1.410E-04
4.710E+00	4.720E+00	148	1.480E-04
4.720E+00	4.730E+00	170	1.700E-04
4.730E+00	4.740E+00	178	1.780E-04
4.740E+00	4.750E+00	156	1.560E-04
4.750E+00	4.760E+00	181	1.810E-04
4.760E+00	4.770E+00	154	1.540E-04
4.770E+00	4.780E+00	139	1.390E-04
4.780E+00	4.790E+00	154	1.540E-04
4.790E+00	4.800E+00	151	1.510E-04
4.800E+00	4.810E+00	146	1.460E-04
4.810E+00	4.820E+00	126	1.260E-04
4.820E+00	4.830E+00	151	1.510E-04
4.830E+00	4.840E+00	134	1.340E-04
4.840E+00	4.850E+00	150	1.500E-04
4.850E+00	4.860E+00	150	1.500E-04
4.860E+00	4.870E+00	139	1.390E-04
4.870E+00	4.880E+00	145	1.450E-04
4.880E+00	4.890E+00	152	1.520E-04
4.890E+00	4.900E+00	138	1.380E-04
4.900E+00	4.910E+00	135	1.350E-04
4.910E+00	4.920E+00	138	1.380E-04
4.920E+00	4.930E+00	150	1.500E-04
4.930E+00	4.940E+00	147	1.470E-04
4.940E+00	4.950E+00	133	1.330E-04
4.950E+00	4.960E+00	155	1.550E-04
4.960E+00	4.970E+00	135	1.350E-04
4.970E+00	4.980E+00	128	1.280E-04
4.980E+00	4.990E+00	146	1.460E-04
4.990E+00	5.000E+00	120	1.200E-04
5.000E+00	5.010E+00	127	1.270E-04
5.010E+00	5.020E+00	140	1.400E-04
5.020E+00	5.030E+00	131	1.310E-04
5.030E+00	5.040E+00	133	1.330E-04
5.040E+00	5.050E+00	122	1.220E-04
5.050E+00	5.060E+00	108	1.080E-04
5.060E+00	5.070E+00	130	1.300E-04
5.070E+00	5.080E+00	109	1.090E-04
5.080E+00	5.090E+00	120	1.200E-04
5.090E+00	5.100E+00	133	1.330E-04
5.100E+00	5.110E+00	119	1.190E-04
5.110E+00	5.120E+00	130	1.300E-04
5.120E+00	5.130E+00	136	1.360E-04
5.130E+00	5.140E+00	106	1.060E-04
5.140E+00	5.150E+00	109	1.090E-04
5.150E+00	5.160E+00	143	1.430E-04
5.160E+00	5.170E+00	115	1.150E-04
5.170E+00	5.180E+00	101	1.010E-04
5.180E+00	5.190E+00	139	1.390E-04
5.190E+00	5.200E+00	123	1.230E-04
5.200E+00	5.210E+00	117	1.170E-04
5.210E+00	5.220E+00	119	1.190E-04
5.220E+00	5.230E+00	106	1.060E-04
5.230E+00	5.240E+00	99	9.900E-05
5.240E+00	5.250E+00	118	1.180E-04
5.250E+00	5.260E+00	109	1.090E-04
5.260E+00	5.270E+00	107	1.070E-04
5.270E+00	5.280E+00	112	1.120E-04
5.280E+00	5.290E+00	107	1.070E-04
5.290E+00	5.300E+00	110	1.100E-04
5.300E+00	5.310E+00	108	1.080E-04
5.310E+00	5.320E+00	114	1.140E-04
5.320E+00	5.330E+00	87	8.700E-05
5.330E+00	5.340E+00	120	1.200E-04
5.340E+00	5.350E+00	116	1.160E-04
5.350E+00	5.360E+00	104	1.040E-04
5.360E+00	5.370E+00	86	8.600E-05
5.370E+00	5.380E+00	140	1.400E-04
5.380E+00	5.390E+00	102	1.020E-04
5.390E+00	5.400E+00	85	8.500E-05
5.400E+00	5.410E+00	104	1.040E-04
5.410E+00	5.420E+00	108	1.080E-04
5.420E+00	5.430E+00	93	9.300E-05
5.430E+00	5.440E+00	103	1.030E-04
5.440E+00	5.450E+00	106	1.060E-04
5.450E+00	5.460E+00	105	1.050E-04
5.460E+00	5.470E+00	88	8.800E-05
5.470E+00	5.480E+00	88	8.800E-05
5.480E+00	5.490E+00	98	9.800E-05
5.490E+00	5.500E+00	91	9.100E-05
5.500E+00	5.510E+00	112	1.120E-04
5.510E+00	5.520E+00	98	9.800E-05
5.520E+00	5.530E+00	94	9.400E-05
5.530E+00	5.540E+00	92	9.200E-05
5.540E+00	5.550E+00	95	9.500E-05
5.550E+00	5.560E+00	94	9.400E-05
5.560E+00	5.570E+00	107	1.070E-04
5.570E+00	5.580E+00	91	9.100E-05
5.580E+00	5.590E+00	98	9.800E-05
5.590E+00	5.600E+00	90	9.000E-05
5.600E+00	5.610E+00	86	8.600E-05
5.610E+00	5.620E+00	90	9.000E-05
5.620E+00	5.630E+00	85	8.500E-05
5.630E+00	5.640E+00	92	9.200E-05
5.640E+00	5.650E+00	93	9.300E-05
5.650E+00	5.660E+00	74	7.400E-05
5.660E+00	5.670E+00	92	9.200E-05
5.670E+00	5.680E+00	84	8.400E-05
5.680E+00	5.690E+00	91	9.100E-05
5.690E+00	5.700E+00	82	8.200E-05
5.700E+00	5.710E+00	74	7.400E-05
5.710E+00	5.720E+00	91	9.100E-05
5.720E+00	5.730E+00	80	8.000E-05
5.730E+00	5.740E+00	83	8.300E-05
5.740E+00	5.750E+00	85	8.500E-05
5.750E+00	5.760E+00	93	9.300E-05
5.760E+00	5.770E+00	93	9.300E-05
5.770E+00	5.780E+00	81	8.100E-05
5.780E+00	5.790E+00	88	8.800E-05
5.790E+00	5.800E+00	83	8.300E-05
5.800E+00	5.810E+00	73	7.300E-05
5.810E+00	5.820E+00	64	6.400E-05
5.820E+00	5.830E+00	86	8.600E-05
5.830E+00	5.840E+00	85	8.500E-05
5.840E+00	5.850E+00	76	7.600E-05
5.850E+00	5.860E+00	68	6.800E-05
5.860E+00	5.870E+00	70	7.000E-05
5.870E+00	5.880E+00	72	7.200E-05
5.880E+00	5.890E+00	61	6.100E-05
5.890E+00	5.900E+00	70	7.000E-05
5.900E+00	5.910E+00	80	8.000E-05
5.910E+00	5.920E+00	76	7.600E-05
5.920E+00	5.930E+00	80	8.000E-05
5.930E+00	5.940E+00	70	7.000E-05
5.940E+00	5.950E+00	58	5.800E-05
5.950E+00	5.960E+00	70	7.000E-05
5.960E+00	5.970E+00	73	7.300E-05
5.970E+00	5.980E+00	66	6.600E-05
5.980E+00	5.990E+00	79	7.900E-05
5.990E+00	6.000E+00	67	6.700E-05
6.000E+00	6.010E+00	68	6.800E-05
6.010E+00	6.020E+00	57	5.700E-05
6.020E+00	6.030E+00	66	6.600E-05
6.030E+00	6.040E+00	80	8.000E-05
6.040E+00	6.050E+00	73	7.300E-05
6.050E+00	6.060E+00	67	6.700E-05
6.060E+00	6.070E+00	68	6.800E-05
6.070E+00	6.080E+00	71	7.100E-05
6.080E+00	6.090E+00	60	6.000E-05
6.090E+00	6.100E+00	77	7.700E-05
6.100E+00	6.110E+00	57	5.700E-05
6.110E+00	6.120E+00	72	7.200E-05
6.120E+00	6.130E+00	53	5.300E-05
6.130E+00	6.140E+00	59	5.900E-05
6.140E+00	6.150E+00	42	4.200E-05
6.150E+00	6.160E+00	74	7.400E-05
6.160E+00	6.170E+00	59	5.900E-05
6.170E+00	6.180E+00	76	7.600E-05
6.180E+00	6.190E+00	73	7.300E-05
6.190E+00	6.200E+00	52	5.200E-05
6.200E+00	6.210E+00	65	6.500E-05
6.210E+00	6.220E+00	44	4.400E-05
6.220E+00	6.230E+00	57	5.700E-05
6.230E+00	6.240E+00	71	7.100E-05
6.240E+00	6.250E+00	52	5.200E-05
6.250E+00	6.260E+00	41	4.100E-05
6.260E+00	6.270E+00	51	5.100E-05
6.270E+00	6.280E+00	60	6.000E-05
6.280E+00	6.290E+00	74	7.400E-05
6.290E+00	6.300E+00	50	5.000E-05
6.300E+00	6.310E+00	51	5.100E-05
6.310E+00	6.320E+00	81	8.100E-05
6.320E+00	6.330E+00	54	5.400E-05
6.330E+00	6.340E+00	41	4.100E-05
6.340E+00	6.350E+00	59	5.900E-05
6.350E+00	6.360E+00	44	4.400E-05
6.360E+00	6.370E+00	51	5.100E-05
6.370E+00	6.380E+00	56	5.600E-05
6.380E+00	6.390E+00	46	4.600E-05
6.390E+00	6.400E+00	57	5.700E-05
6.400E+00	6.410E+00	56	5.600E-05
6.410E+00	6.420E+00	48	4.800E-05
6.420E+00	6.430E+00	67	6.700E-05
6.430E+00	6.440E+00	64	6.400E-05
6.440E+00	6.450E+00	44	4.400E-05
6.450E+00	6.460E+00	51	5.100E-05
6.460E+00	6.470E+00	48	4.800E-05
6.470E+00	6.480E+00	50	5.000E-05
6.480E+00	6.490E+00	41	4.100E-05
6.490E+00	6.500E+00	42	4.200E-05
6.500E+00	6.510E+00	52	5.200E-05
6.510E+00	6.520E+00	58	5.800E-05
6.520E+00	6.530E+00	51	5.100E-05
6.530E+00	6.540E+00	45	4.500E-05
6.540E+00	6.550E+00	54	5.400E-05
6.550E+00	6.560E+00	51	5.100E-05
6.560E+00	6.570E+00	44	4.400E-05
6.570E+00	6.580E+00	43	4.300E-05
6.580E+00	6.590E+00	43	4.300E-05
6.590E+00	6.600E+00	38	3.800E-05
6.600E+00	6.610E+00	49	4.900E-05
6.610E+00	6.620E+00	57	5.700E-05
6.620E+00	6.630E+00	48	4.800E-05
6.630E+00	6.640E+00	44	4.400E-05
6.640E+00	6.650E+00	47	4.700E-05
6.650E+00	6.660E+00	42	4.200E-05
6.660E+00	6.670E+00	46	4.600E-05
6.670E+00	6.680E+00	55	5.500E-05
6.680E+00	6.690E+00	36	3.600E-05
6.690E+00	6.700E+00	43	4.300E-05
6.700E+00	6.710E+00	39	3.900E-05
6.710E+00	6.720E+00	47	4.700E-05
6.720E+00	6.730E+00	45	4.500E-05
6.730E+00	6.740E+00	54	5.400E-05
6.740E+00	6.750E+00	45	4.500E-05
6.750E+00	6.760E+00	32	3.200E-05
6.760E+00	6.770E+00	30	3.000E-05
6.770E+00	6.780E+00	40	4.000E-05
6.780E+00	6.790E+00	45	4.500E-05
6.790E+00	6.800E+00	35	3.500E-05
6.800E+00	6.810E+00	45	4.500E-05
6.810E+00	6.820E+00	53	5.300E-05
6.820E+00	6.830E+00	51	5.100E-05
6.830E+00	6.840E+00	42	4.200E-05
6.840E+00	6.850E+00	50	5.000E-05
6.850E+00	6.860E+00	42	4.200E-05
6.860E+00	6.870E+00	40	4.000E-05
6.870E+00	6.880E+00	38	3.800E-05
6.880E+00	6.890E+00	31	3.100E-05
6.890E+00	6.900E+00	37	3.700E-05
6.900E+00	6.910E+00	40	4.000E-05
6.910E+00	6.920E+00	30	3.000E-05
6.920E+00	6.930E+00	40	4.000E-05
6.930E+00	6.940E+00	30	3.000E-05
6.940E+00	6.950E+00	25	2.500E-05
6.950E+00	6.960E+00	40	4.000E-05
6.960E+00	6.970E+00	34	3.400E-05
6.970E+00	6.980E+00	45	4.500E-05
6.980E+00	6.990E+00	49	4.900E-05
6.990E+00	7.000E+00	38	3.800E-05
7.000E+00	7.010E+00	42	4.200E-05
7.010E+00	7.020E+00	21	2.100E-05
7.020E+00	7.030E+00	34	3.400E-05
7.030E+00	7.040E+00	24	2.400E-05
7.040E+00	7.050E+00	34	3.400E-05
7.050E+00	7.060E+00	34	3.400E-05
7.060E+00	7.070E+00	37	3.700E-05
7.070E+00	7.080E+00	35	3.500E-05
7.080E+00	7.090E+00	38	3.800E-05
7.090E+00	7.100E+00	30	3.000E-05
7.100E+00	7.110E+00	29	2.900E-05
7.110E+00	7.120E+00	32	3.200E-05
7.120E+00	7.130E+00	33	3.300E-05
7.130E+00	7.140E+00	27	2.700E-05
7.140E+00	7.150E+00	41	4.100E-05
7.150E+00	7.160E+00	37	3.700E-05
7.160E+00	7.170E+00	30	3.000E-05
7.170E+00	7.180E+00	29	2.900E-05
7.180E+00	7.190E+00	35	3.500E-05
7.190E+00	7.200E+00	30	3.000E-05
7.200E+00	7.210E+00	40	4.000E-05
7.210E+00	7.220E+00	41	4.100E-05
7.220E+00	7.230E+00	27	2.700E-05
7.230E+00	7.240E+00	40	4.000E-05
7.240E+00	7.250E+00	34	3.400E-05
7.250E+00	7.260E+00	33	3.300E-05
7.260E+00	7.270E+00	26	2.600E-05
7.270E+00	7.280E+00	36	3.600E-05
7.280E+00	7.290E+00	25	2.500E-05
7.290E+00	7.300E+00	32	3.200E-05
7.300E+00	7.310E+00	30	3.000E-05
7.310E+00	7.320E+00	25	2.500E-05
7.320E+00	7.330E+00	34	3.400E-05
7.330E+00	7.340E+00	28	2.800E-05
7.340E+00	7.350E+00	26	2.600E-05
7.350E+00	7.360E+00	39	3.900E-05
7.360E+00	7.370E+00	23	2.300E-05
7.370E+00	7.380E+00	32	3.200E-05
7.380E+00	7.390E+00	33	3.300E-05
7.390E+00	7.400E+00	30	3.000E-05
7.400E+00	7.410E+00	33	3.300E-05
7.410E+00	7.420E+00	28	2.800E-05
7.420E+00	7.430E+00	22	2.200E-05
7.430E+00	7.440E+00	27	2.700E-05
7.440E+00	7.450E+00	22	2.200E-05
7.450E+00	7.460E+00	29	2.900E-05
7.460E+00	7.470E+00	29	2.900E-05
7.470E+00	7.480E+00	20	2.000E-05
7.480E+00	7.490E+00	23	2.300E-05
7.490E+00	7.500E+00	32	3.200E-05
7.500E+00	7.510E+00	28	2.800E-05
7.510E+00	7.520E+00	18	1.800E-05
7.520E+00	7.530E+00	20	2.000E-05
7.530E+00	7.540E+00	25	2.500E-05
7.540E+00	7.550E+00	31	3.100E-05
7.550E+00	7.560E+00	29	2.900E-05
7.560E+00	7.570E+00	21	2.100E-05
7.570E+00	7.580E+00	28	2.800E-05
7.580E+00	7.590E+00	19	1.900E-05
7.590E+00	7.600E+00	24	2.400E-05
7.600E+00	7.610E+00	20	2.000E-05
7.610E+00	7.620E+00	27	2.700E-05
7.620E+00	7.630E+00	20	2.000E-05
7.630E+00	7.640E+00	27	2.700E-05
7.640E+00	7.650E+00	17	1.700E-05
7.650E+00	7.660E+00	27	2.700E-05
7.660E+00	7.670E+00	24	2.400E-05
7.670E+00	7.680E+00	16	1.600E-05
7.680E+00	7.690E+00	22	2.200E-05
7.690E+00	7.700E+00	23	2.300E-05
7.700E+00	7.710E+00	26	2.600E-05
7.710E+00	7.720E+00	25	2.500E-05
7.720E+00	7.730E+00	29	2.900E-05
7.730E+00	7.740E+00	22	2.200E-05
7.740E+00	7.750E+00	17	1.700E-05
7.750E+00	7.760E+00	26	2.600E-05
7.760E+00	7.770E+00	22	2.200E-05
7.770E+00	7.780E+00	25	2.500E-05
7.780E+00	7.790E+00	20	2.000E-05
7.790E+00	7.800E+00	25	2.500E-05
7.800E+00	7.810E+00	27	2.700E-05
7.810E+00	7.820E+00	22	2.200E-05
7.820E+00	7.830E+00	21	2.100E-05
7.830E+00	7.840E+00	17	1.700E-05
7.840E+00	7.850E+00	17	1.700E-05
7.850E+00	7.860E+00	25	2.500E-05
7.860E+00	7.870E+00	23	2.300E-05
7.870E+00	7.880E+00	23	2.300E-05
7.880E+00	7.890E+00	16	1.600E-05
7.890E+00	7.900E+00	17	1.700E-05
7.900E+00	7.910E+00	18	1.800E-05
7.910E+00	7.920E+00	21	2.100E-05
7.920E+00	7.930E+00	27	2.700E-05
7.930E+00	7.940E+00	13	1.300E-05
7.940E+00	7.950E+00	26	2.600E-05
7.950E+00	7.960E+00	21	2.100E-05
7.960E+00	7.970E+00	15	1.500E-05
7.970E+00	7.980E+00	16	1.600E-05
7.980E+00	7.990E+00	27	2.700E-05
7.990E+00	8.000E+00	21	2.100E-05
8.000E+00	8.010E+00	19	1.900E-05
8.010E+00	8.020E+00	22	2.200E-05
8.020E+00	8.030E+00	21	2.100E-05
8.030E+00	8.040E+00	19	1.900E-05
8.040E+00	8.050E+00	16	1.600E-05
8.050E+00	8.060E+00	15	1.500E-05
8.060E+00	8.070E+00	22	2.200E-05
8.070E+00	8.080E+00	17	1.700E-05
8.080E+00	8.090E+00	16	1.600E-05
8.090E+00	8.100E+00	25	2.500E-05
8.100E+00	8.110E+00	12	1.200E-05
8.110E+00	8.120E+00	15	1.500E-05
8.120E+00	8.130E+00	19	1.900E-05
8.130E+00	8.140E+00	7	7.000E-06
8.140E+00	8.150E+00	16	1.600E-05
8.150E+00	8.160E+00	19	1.900E-05
8.160E+00	8.170E+00	24	2.400E-05
8.170E+00	8.180E+00	12	1.200E-05
8.180E+00	8.190E+00	15	1.500E-05
8.190E+00	8.200E+00	15	1.500E-05
8.200E+00	8.210E+00	22	2.200E-05
8.210E+00	8.220E+00	13	1.300E-05
8.220E+00	8.230E+00	18	1.800E-05
8.230E+00	8.240E+00	11	1.100E-05
8.240E+00	8.250E+00	17	1.700E-05
8.250E+00	8.260E+00	20	2.000E-05
8.260E+00	8.270E+00	11	1.100E-05
8.270E+00	8.280E+00	20	2.000E-05
8.280E+00	8.290E+00	14	1.400E-05
8.290E+00	8.300E+00	12	1.200E-05
8.300E+00	8.310E+00	17	1.700E-05
8.310E+00	8.320E+00	9	9.000E-06
8.320E+00	8.330E+00	11	1.100E-05
8.330E+00	8.340E+00	6	6.000E-06
8.340E+00	8.350E+00	16	1.600E-05
8.350E+00	8.360E+00	13	1.300E-05
8.360E+00	8.370E+00	23	2.300E-05
8.370E+00	8.380E+00	15	1.500E-05
8.380E+00	8.390E+00	14	1.400E-05
8.390E+00	8.400E+00	9	9.000E-06
8.400E+00	8.410E+00	18	1.800E-05
8.410E+00	8.420E+00	22	2.200E-05
8.420E+00	8.430E+00	18	1.800E-05
8.430E+00	8.440E+00	19	1.900E-05
8.440E+00	8.450E+00	26	2.600E-05
8.450E+00	8.460E+00	13	1.300E-05
8.460E+00	8.470E+00	15	1.500E-05
8.470E+00	8.480E+00	11	1.100E-05
8.480E+00	8.490E+00	12	1.200E-05
8.490E+00	8.500E+00	17	1.700E-05
8.500E+00	8.510E+00	14	1.400E-05
8.510E+00	8.520E+00	15	1.500E-05
8.520E+00	8.530E+00	14	1.400E-05
8.530E+00	8.540E+00	13	1.300E-05
8.540E+00	8.550E+00	19	1.900E-05
8.550E+00	8.560E+00	17	1.700E-05
8.560E+00	8.570E+00	16	1.600E-05
8.570E+00	8.580E+00	15	1.500E-05
8.580E+00	8.590E+00	13	1.300E-05
8.590E+00	8.600E+00	13	1.300E-05
8.600E+00	8.610E+00	12	1.200E-05
8.610E+00	8.620E+00	18	1.800E-05
8.620E+00	8.630E+00	19	1.900E-05
8.630E+00	8.640E+00	13	1.300E-05
8.640E+00	8.650E+00	6	6.000E-06
8.650E+00	8.660E+00	14	1.400E-05
8.660E+00	8.670E+00	11	1.100E-05
8.670E+00	8.680E+00	12	1.200E-05
8.680E+00	8.690E+00	9	9.000E-06
8.690E+00	8.700E+00	8	8.000E-06
8.700E+00	8.710E+00	12	1.200E-05
8.710E+00	8.720E+00	8	8.000E-06
8.720E+00	8.730E+00	15	1.500E-05
8.730E+00	8.740E+00	13	1.300E-05
8.740E+00	8.750E+00	12	1.200E-05
8.750E+00	8.760E+00	15	1.500E-05
8.760E+00	8.770E+00	6	6.000E-06
8.770E+00	8.780E+00	18	1.800E-05
8.780E+00	8.790E+00	11	1.100E-05
8.790E+00	8.800E+00	16	1.600E-05
8.800E+00	8.810E+00	9	9.000E-06
8.810E+00	8.820E+00	13	1.300E-05
8.820E+00	8.830E+00	10	1.000E-05
8.830E+00	8.840E+00	10	1.000E-05
8.840E+00	8.850E+00	11	1.100E-05
8.850E+00	8.860E+00	7	7.000E-06
8.860E+00	8.870E+00	4	4.000E-06
8.870E+00	8.880E+00	13	1.300E-05
8.880E+00	8.890E+00	12	1.200E-05
8.890E+00	8.900E+00	12	1.200E-05
8.900E+00	8.910E+00	15	1.500E-05
8.910E+00	8.920E+00	9	9.000E-06
8.920E+00	8.930E+00	11	1.100E-05
8.930E+00	8.940E+00	13	1.300E-05
8.940E+00	8.950E+00	3	3.000E-06
8.950E+00	8.960E+00	14	1.400E-05
8.960E+00	8.970E+00	11	1.100E-05
8.970E+00	8.980E+00	8	8.000E-06
8.980E+00	8.990E+00	7	7.000E-06
8.990E+00	9.000E+00	10	1.000E-05
9.000E+00	9.010E+00	8	8.000E-06
9.010E+00	9.020E+00	8	8.000E-06
9.020E+00	9.030E+00	10	1.000E-05
9.030E+00	9.040E+00	16	1.600E-05
9.040E+00	9.050E+00	8	8.000E-06
9.050E+00	9.060E+00	11	1.100E-05
9.060E+00	9.070E+00	14	1.400E-05
9.070E+00	9.080E+00	8	8.000E-06
9.080E+00	9.090E+00	12	1.200E-05
9.090E+00	9.100E+00	9	9.000E-06
9.100E+00	9.110E+00	10	1.000E-05
9.110E+00	9.120E+00	6	6.000E-06
9.120E+00	9.130E+00	13	1.300E-05
9.130E+00	9.140E+00	10	1.000E-05
9.140E+00	9.150E+00	6	6.000E-06
9.150E+00	9.160E+00	9	9.000E-06
9.160E+00	9.170E+00	10	1.000E-05
9.170E+00	9.180E+00	10	1.000E-05
9.180E+00	9.190E+00	4	4.000E-06
9.190E+00	9.200E+00	10	1.000E-05
9.200E+00	9.210E+00	9	9.000E-06
9.210E+00	9.220E+00	6	6.000E-06
9.220E+00	9.230E+00	17	1.700E-05
9.230E+00	9.240E+00	11	1.100E-05
9.240E+00	9.250E+00	6	6.000E-06
9.250E+00	9.260E+00	9	9.000E-06
9.260E+00	9.270E+00	13	1.300E-05
9.270E+00	9.280E+00	10	1.000E-05
9.280E+00	9.290E+00	12	1.200E-05
9.290E+00	9.300E+00	4	4.000E-06
9.300E+00	9.310E+00	3	3.000E-06
9.310E+00	9.320E+00	6	6.000E-06
9.320E+00	9.330E+00	6	6.000E-06
9.330E+00	9.340E+00	6	6.000E-06
9.340E+00	9.350E+00	10	1.000E-05
9.350E+00	9.360E+00	11	1.100E-05
9.360E+00	9.370E+00	8	8.000E-06
9.370E+00	9.380E+00	9	9.000E-06
9.380E+00	9.390E+00	6	6.000E-06
9.390E+00	9.400E+00	10	1.000E-05
9.400E+00	9.410E+00	6	6.000E-06
9.410E+00	9.420E+00	6	6.000E-06
9.420E+00	9.430E+00	13	1.300E-05
9.430E+00	9.440E+00	3	3.000E-06
9.440E+00	9.450E+00	14	1.400E-05
9.450E+00	9.460E+00	10	1.000E-05
9.460E+00	9.470E+00	6	6.000E-06
9.470E+00	9.480E+00	5	5.000E-06
9.480E+00	9.490E+00	4	4.000E-06
9.490E+00	9.500E+00	6	6.000E-06
9.500E+00	9.510E+00	7	7.000E-06
9.510E+00	9.520E+00	6	6.000E-06
9.520E+00	9.530E+00	5	5.000E-06
9.530E+00	9.540E+00	10	1.000E-05
9.540E+00	9.550E+00	4	4.000E-06
9.550E+00	9.560E+00	11	1.100E-05
9.560E+00	9.570E+00	7	7.000E-06
9.570E+00	9.580E+00	10	1.000E-05
9.580E+00	9.590E+00	6	6.000E-06
9.590E+00	9.600E+00	6	6.000E-06
9.600E+00	9.610E+00	9	9.000E-06
9.610E+00	9.620E+00	9	9.000E-06
9.620E+00	9.630E+00	9	9.000E-06
9.630E+00	9.640E+00	9	9.000E-06
9.640E+00	9.650E+00	6	6.000E-06
9.650E+00	9.660E+00	3	3.000E-06
9.660E+00	9.670E+00	2	2.000E-06
9.670E+00	9.680E+00	9	9.000E-06
9.680E+00	9.690E+00	8	8.000E-06
9.690E+00	9.700E+00	6	6.000E-06
9.700E+00	9.710E+00	5	5.000E-06
9.710E+00	9.720E+00	12	1.200E-05
9.720E+00	9.730E+00	5	5.000E-06
9.730E+00	9.740E+00	7	7.000E-06
9.740E+00	9.750E+00	5	5.000E-06
9.750E+00	9.760E+00	3	3.000E-06
9.760E+00	9.770E+00	6	6.000E-06
9.770E+00	9.780E+00	8	8.000E-06
9.780E+00	9.790E+00	10	1.000E-05
9.790E+00	9.800E+00	5	5.000E-06
9.800E+00	9.810E+00	3	3.000E-06
9.810E+00	9.820E+00	4	4.000E-06
9.820E+00	9.830E+00	3	3.000E-06
9.830E+00	9.840E+00	6	6.000E-06
9.840E+00	9.850E+00	7	7.000E-06
9.850E+00	9.860E+00	5	5.000E-06
9.860E+00	9.870E+00	7	7.000E-06
9.870E+00	9.880E+00	3	3.000E-06
9.880E+00	9.890E+00	3	3.000E-06
9.890E+00	9.900E+00	6	6.000E-06
9.900E+00	9.910E+00	5	5.000E-06
9.910E+00	9.920E+00	8	8.000E-06
9.920E+00	9.930E+00	4	4.000E-06
9.930E+00	9.940E+00	4	4.000E-06
9.940E+00	9.950E+00	5	5.000E-06
9.950E+00	9.960E+00	3	3.000E-06
9.960E+00	9.970E+00	7	7.000E-06
9.970E+00	9.980E+00	4	4.000E-06
9.980E+00	9.990E+00	6	6.000E-06
9.990E+00	1.000E+01	5	5.000E-06
1.000E+01	1.001E+01	4	4.000E-06
1.001E+01	1.002E+01	4	4.000E-06
1.002E+01	1.003E+01	5	5.000E-06
1.003E+01	1.004E+01	7	7.000E-06
1.004E+01	1.005E+01	1	1.000E-06
1.005E+01	1.006E+01	5	5.000E-06
1.006E+01	1.007E+01	6	6.000E-06
1.007E+01	1.008E+01	2	2.000E-06
1.008E+01	1.009E+01	5	5.000E-06
1.009E+01	1.010E+01	4	4.000E-06
1.010E+01	1.011E+01	4	4.000E-06
1.011E+01	1.012E+01	3	3.000E-06
1.012E+01	1.013E+01	7	7.000E-06
1.013E+01	1.014E+01	2	2.000E-06
1.014E+01	1.015E+01	12	1.200E-05
1.015E+01	1.016E+01	7	7.000E-06
1.016E+01	1.017E+01	7	7.000E-06
1.017E+01	1.018E+01	3	3.000E-06
1.018E+01	1.019E+01	6	6.000E-06
1.019E+01	1.020E+01	1	1.000E-06
1.020E+01	1.021E+01	7	7.000E-06
1.021E+01	1.022E+01	5	5.000E-06
1.022E+01	1.023E+01	4	4.000E-06
1.023E+01	1.024E+01	4	4.000E-06
1.024E+01	1.025E+01	4	4.000E-06
1.025E+01	1.026E+01	7	7.000E-06
1.026E+01	1.027E+01	1	1.000E-06
1.027E+01	1.028E+01	5	5.000E-06
1.028E+01	1.029E+01	4	4.000E-06
1.029E+01	1.030E+01	5	5.000E-06
1.030E+01	1.031E+01	3	3.000E-06
1.031E+01	1.032E+01	4	4.000E-06
1.032E+01	1.033E+01	6	6.000E-06
1.033E+01	1.034E+01	3	3.000E-06
1.034E+01	1.035E+01	2	2.000E-06
1.035E+01	1.036E+01	9	9.000E-06
1.036E+01	1.037E+01	3	3.000E-06
1.037E+01	1.038E+01	1	1.000E-06
1.038E+01	1.039E+01	3	3.000E-06
1.039E+01	1.040E+01	4	4.000E-06
1.040E+01	1.041E+01	4	4.000E-06
1.041E+01	1.042E+01	4	4.000E-06
1.042E+01	1.043E+01	3	3.000E-06
1.043E+01	1.044E+01	2	2.000E-06
1.044E+01	1.045E+01	5	5.000E-06
1.045E+01	1.046E+01	2	2.000E-06
1.046E+01	1.047E+01	3	3.000E-06
1.047E+01	1.048E+01	2	2.000E-06
1.048E+01	1.049E+01	5	5.000E-06
1.049E+01	1.050E+01	4	4.000E-06
1.050E+01	1.051E+01	4	4.000E-06
1.051E+01	1.052E+01	7	7.000E-06
1.052E+01	1.053E+01	2	2.000E-06
1.053E+01	1.054E+01	7	7.000E-06
1.054E+01	1.055E+01	5	5.000E-06
1.055E+01	1.056E+01	4	4.000E-06
1.056E+01	1.057E+01	5	5.000E-06
1.057E+01	1.058E+01	6	6.000E-06
1.058E+01	1.059E+01	2	2.000E-06
1.059E+01	1.060E+01	5	5.000E-06
1.060E+01	1.061E+01	5	5.000E-06
1.061E+01	1.062E+01	4	4.000E-06
1.062E+01	1.063E+01	3	3.000E-06
1.063E+01	1.064E+01	3	3.000E-06
1.064E+01	1.065E+01	5	5.000E-06
1.065E+01	1.066E+01	1	1.000E-06
1.066E+01	1.067E+01	7	7.000E-06
1.067E+01	1.068E+01	6	6.000E-06
1.068E+01	1.069E+01	5	5.000E-06
1.069E+01	1.070E+01	3	3.000E-06
1.070E+01	1.071E+01	4	4.000E-06
1.071E+01	1.072E+01	9	9.000E-06
1.072E+01	1.073E+01	2	2.000E-06
1.073E+01	1.074E+01	4	4.000E-06
1.074E+01	1.075E+01	3	3.000E-06
1.075E+01	1.076E+01	3	3.000E-06
1.076E+01	1.077E+01	4	4.000E-06
1.077E+01	1.078E+01	1	1.000E-06
1.078E+01	1.079E+01	4	4.000E-06
1.079E+01	1.080E+01	2	2.000E-06
1.080E+01	1.081E+01	1	1.000E-06
1.081E+01	1.082E+01	6	6.000E-06
1.082E+01	1.083E+01	0	0.000E+00
1.083E+01	1.084E+01	1	1.000E-06
1.084E+01	1.085E+01	1	1.000E-06
1.085E+01	1.086E+01	4	4.000E-06
1.086E+01	1.087E+01	3	3.000E-06
1.087E+01	1.088E+01	3	3.000E-06
1.088E+01	1.089E+01	4	4.000E-06
1.089E+01	1.090E+01	1	1.000E-06
1.090E+01	1.091E+01	2	2.000E-06
1.091E+01	1.092E+01	3	3.000E-06
1.092E+01	1.093E+01	2	2.000E-06
1.093E+01	1.094E+01	3	3.000E-06
1.094E+01	1.095E+01	3	3.000E-06
1.095E+01	1.096E+01	1	1.000E-06
1.096E+01	1.097E+01	3	3.000E-06
1.097E+01	1.098E+01	1	1.000E-06
1.098E+01	1.099E+01	3	3.000E-06
1.099E+01	1.100E+01	2	2.000E-06
1.100E+01	1.101E+01	2	2.000E-06
1.101E+01	1.102E+01	1	1.000E-06
1.102E+01	1.103E+01	3	3.000E-06
1.103E+01	1.104E+01	2	2.000E-06
1.104E+01	1.105E+01	1	1.000E-06
1.105E+01	1.106E+01	5	5.000E-06
1.106E+01	1.107E+01	2	2.000E-06
1.107E+01	1.108E+01	0	0.000E+00
1.108E+01	1.109E+01	5	5.000E-06
1.109E+01	1.110E+01	1	1.000E-06
1.110E+01	1.111E+01	4	4.000E-06
1.111E+01	1.112E+01	1	1.000E-06
1.112E+01	1.113E+01	3	3.000E-06
1.113E+01	1.114E+01	1	1.000E-06
1.114E+01	1.115E+01	2	2.000E-06
1.115E+01	1.116E+01	1	1.000E-06
1.116E+01	1.117E+01	2	2.000E-06
1.117E+01	1.118E+01	4	4.000E-06
1.118E+01	1.119E+01	5	5.000E-06
1.119E+01	1.120E+01	4	4.000E-06
1.120E+01	1.121E+01	4	4.000E-06
1.121E+01	1.122E+01	3	3.000E-06
1.122E+01	1.123E+01	2	2.000E-06
1.123E+01	1.124E+01	5	5.000E-06
1.124E+01	1.125E+01	2	2.000E-06
1.125E+01	1.126E+01	8	8.000E-06
1.126E+01	1.127E+01	3	3.000E-06
1.127E+01	1.128E+01	3	3.000E-06
1.128E+01	1.129E+01	1	1.000E-06
1.129E+01	1.130E+01	2	2.000E-06
1.130E+01	1.131E+01	4	4.000E-06
1.131E+01	1.132E+01	1	1.000E-06
1.132E+01	1.133E+01	1	1.000E-06
1.133E+01	1.134E+01	4	4.000E-06
1.134E+01	1.135E+01	1	1.000E-06
1.135E+01	1.136E+01	3	3.000E-06
1.136E+01	1.137E+01	3	3.000E-06
1.137E+01	1.138E+01	5	5.000E-06
1.138E+01	1.139E+01	0	0.000E+00
1.139E+01	1.140E+01	0	0.000E+00
1.140E+01	1.141E+01	2	2.000E-06
1.141E+01	1.142E+01	3	3.000E-06
1.142E+01	1.143E+01	3	3.000E-06
1.143E+01	1.144E+01	3	3.000E-06
1.144E+01	1.145E+01	1	1.000E-06
1.145E+01	1.146E+01	1	1.000E-06
1.146E+01	1.147E+01	2	2.000E-06
1.147E+01	1.148E+01	2	2.000E-06
1.148E+01	1.149E+01	3	3.000E-06
1.149E+01	1.150E+01	1	1.000E-06
1.150E+01	1.151E+01	2	2.000E-06
1.151E+01	1.152E+01	3	3.000E-06
1.152E+01	1.153E+01	4	4.000E-06
1.153E+01	1.154E+01	1	1.000E-06
1.154E+01	1.155E+01	1	1.000E-06
1.155E+01	1.156E+01	1	1.000E-06
1.156E+01	1.157E+01	5	5.000E-06
1.157E+01	1.158E+01	1	1.000E-06
1.158E+01	1.159E+01	2	2.000E-06
1.159E+01	1.160E+01	2	2.000E-06
1.160E+01	1.161E+01	1	1.000E-06
1.161E+01	1.162E+01	4	4.000E-06
1.162E+01	1.163E+01	2	2.000E-06
1.163E+01	1.164E+01	2	2.000E-06
1.164E+01	1.165E+01	4	4.000E-06
1.165E+01	1.166E+01	1	1.000E-06
1.166E+01	1.167E+01	0	0.000E+00
1.167E+01	1.168E+01	1	1.000E-06
1.168E+01	1.169E+01	0	0.000E+00
1.169E+01	1.170E+01	2	2.000E-06
1.170E+01	1.171E+01	1	1.000E-06
1.171E+01	1.172E+01	2	2.000E-06
1.172E+01	1.173E+01	0	0.000E+00
1.173E+01	1.174E+01	4	4.000E-06
1.174E+01	1.175E+01	1	1.000E-06
1.175E+01	1.176E+01	1	1.000E-06
1.176E+01	1.177E+01	0	0.000E+00
1.177E+01	1.178E+01	3	3.000E-06
1.178E+01	1.179E+01	3	3.000E-06
1.179E+01	1.180E+01	1	1.000E-06
1.180E+01	1.181E+01	0	0.000E+00
1.181E+01	1.182E+01	3	3.000E-06
1.182E+01	1.183E+01	2	2.000E-06
1.183E+01	1.184E+01	3	3.000E-06
1.184E+01	1.185E+01	1	1.000E-06
1.185E+01	1.186E+01	1	1.000E-06
1.186E+01	1.187E+01	0	0.000E+00
1.187E+01	1.188E+01	0	0.000E+00
1.188E+01	1.189E+01	3	3.000E-06
1.189E+01	1.190E+01	3	3.000E-06
1.190E+01	1.191E+01	2	2.000E-06
1.191E+01	1.192E+01	0	0.000E+00
1.192E+01	1.193E+01	0	0.000E+00
1.193E+01	1.194E+01	1	1.000E-06
1.194E+01	1.195E+01	3	3.000E-06
1.195E+01	1.196E+01	1	1.000E-06
1.196E+01	1.197E+01	0	0.000E+00
1.197E+01	1.198E+01	3	3.000E-06
1.198E+01	1.199E+01	2	2.000E-06
1.199E+01	1.200E+01	0	0.000E+00
1.200E+01	1.201E+01	0	0.000E+00
1.201E+01	1.202E+01	0	0.000E+00
1.202E+01	1.203E+01	4	4.000E-06
1.203E+01	1.204E+01	1	1.000E-06
1.204E+01	1.205E+01	0	0.000E+00
1.205E+01	1.206E+01	2	2.000E-06
1.206E+01	1.207E+01	1	1.000E-06
1.207E+01	1.208E+01	3	3.000E-06
1.208E+01	1.209E+01	1	1.000E-06
1.209E+01	1.210E+01	3	3.000E-06
1.210E+01	1.211E+01	1	1.000E-06
1.211E+01	1.212E+01	0	0.000E+00
1.212E+01	1.213E+01	2	2.000E-06
1.213E+01	1.214E+01	1	1.000E-06
1.214E+01	1.215E+01	1	1.000E-06
1.215E+01	1.216E+01	2	2.000E-06
1.216E+01	1.217E+01	3	3.000E-06
1.217E+01	1.218E+01	1	1.000E-06
1.218E+01	1.219E+01	3	3.000E-06
1.219E+01	1.220E+01	1	1.000E-06
1.220E+01	1.221E+01	1	1.000E-06
1.221E+01	1.222E+01	2	2.000E-06
1.222E+01	1.223E+01	0	0.000E+00
1.223E+01	1.224E+01	0	0.000E+00
1.224E+01	1.225E+01	3	3.000E-06
1.225E+01	1.226E+01	1	1.000E-06
1.226E+01	1.227E+01	2	2.000E-06
1.227E+01	1.228E+01	1	1.000E-06
1.228E+01	1.229E+01	0	0.000E+00
1.229E+01	1.230E+01	1	1.000E-06
1.230E+01	1.231E+01	2	2.000E-06
1.231E+01	1.232E+01	1	1.000E-06
1.232E+01	1.233E+01	1	1.000E-06
1.233E+01	1.234E+01	1	1.000E-06
1.234E+01	1.235E+01	0	0.000E+00
1.235E+01	1.236E+01	2	2.000E-06
1.236E+01	1.237E+01	2	2.000E-06
1.237E+01	1.238E+01	1	1.000E-06
1.238E+01	1.239E+01	2	2.000E-06
1.239E+01	1.240E+01	0	0.000E+00
1.240E+01	1.241E+01	2	2.000E-06
1.241E+01	1.242E+01	1	1.000E-06
1.242E+01	1.243E+01	1	1.000E-06
1.243E+01	1.244E+01	2	2.000E-06
1.244E+01	1.245E+01	0	0.000E+00
1.245E+01	1.246E+01	3	3.000E-06
1.246E+01	1.247E+01	0	0.000E+00
1.247E+01	1.248E+01	1	1.000E-06
1.248E+01	1.249E+01	0	0.000E+00
1.249E+01	1.250E+01	0	0.000E+00
1.250E+01	1.251E+01	3	3.000E-06
1.251E+01	1.252E+01	1	1.000E-06
1.252E+01	1.253E+01	0	0.000E+00
1.253E+01	1.254E+01	0	0.000E+00
1.254E+01	1.255E+01	2	2.000E-06
1.255E+01	1.256E+01	2	2.000E-06
1.256E+01	1.257E+01	1	1.000E-06
1.257E+01	1.258E+01	1	1.000E-06
1.258E+01	1.259E+01	1	1.000E-06
1.259E+01	1.260E+01	0	0.000E+00
1.260E+01	1.261E+01	0	0.000E+00
1.261E+01	1.262E+01	1	1.000E-06
1.262E+01	1.263E+01	0	0.000E+00
1.263E+01	1.264E+01	1	1.000E-06
1.264E+01	1.265E+01	1	1.000E-06
1.265E+01	1.266E+01	1	1.000E-06
1.266E+01	1.267E+01	0	0.000E+00
1.267E+01	1.268E+01	1	1.000E-06
1.268E+01	1.269E+01	0	0.000E+00
1.269E+01	1.270E+01	3	3.000E-06
1.270E+01	1.271E+01	1	1.000E-06
1.271E+01	1.272E+01	1	1.000E-06
1.272E+01	1.273E+01	1	1.000E-06
1.273E+01	1.274E+01	0	0.000E+00
1.274E+01	1.275E+01	1	1.000E-06
1.275E+01	1.276E+01	1	1.000E-06
1.276E+01	1.277E+01	1	1.000E-06
1.277E+01	1.278E+01	1	1.000E-06
1.278E+01	1.279E+01	1	1.000E-06
1.279E+01	1.280E+01	1	1.000E-06
1.280E+01	1.281E+01	3	3.000E-06
1.281E+01	1.282E+01	3	3.000E-06
1.282E+01	1.283E+01	2	2.000E-06
1.283E+01	1.284E+01	1	1.000E-06
1.284E+01	1.285E+01	1	1.000E-06
1.285E+01	1.286E+01	0	0.000E+00
1.286E+01	1.287E+01	1	1.000E-06
1.287E+01	1.288E+01	0	0.000E+00
1.288E+01	1.289E+01	2	2.000E-06
1.289E+01	1.290E+01	0	0.000E+00
1.290E+01	1.291E+01	0	0.000E+00
1.291E+01	1.292E+01	1	1.000E-06
1.292E+01	1.293E+01	0	0.000E+00
1.293E+01	1.294E+01	1	1.000E-06
1.294E+01	1.295E+01	1	1.000E-06
1.295E+01	1.296E+01	0	0.000E+00
1.296E+01	1.297E+01	0	0.000E+00
1.297E+01	1.298E+01	0	0.000E+00
1.298E+01	1.299E+01	0	0.000E+00
1.299E+01	1.300E+01	2	2.000E-06
1.300E+01	1.301E+01	1	1.000E-06
1.301E+01	1.302E+01	2	2.000E-06
1.302E+01	1.303E+01	1	1.000E-06
1.303E+01	1.304E+01	1	1.000E-06
1.304E+01	1.305E+01	1	1.000E-06
1.305E+01	1.306E+01	1	1.000E-06
1.306E+01	1.307E+01	0	0.000E+00
1.307E+01	1.308E+01	0	0.000E+00
1.308E+01	1.309E+01	1	1.000E-06
1.309E+01	1.310E+01	0	0.000E+00
1.310E+01	1.311E+01	0	0.000E+00
1.311E+01	1.312E+01	0	0.000E+00
1.312E+01	1.313E+01	1	1.000E-06
1.313E+01	1.314E+01	1	1.000E-06
1.314E+01	1.315E+01	0	0.000E+00
1.315E+01	1.316E+01	1	1.000E-06
1.316E+01	1.317E+01	1	1.000E-06
1.317E+01	1.318E+01	2	2.000E-06
1.318E+01	1.319E+01	0	0.000E+00
1.319E+01	1.320E+01	1	1.000E-06
1.320E+01	1.321E+01	2	2.000E-06
1.321E+01	1.322E+01	0	0.000E+00
1.322E+01	1.323E+01	1	1.000E-06
1.323E+01	1.324E+01	0	0.000E+00
1.324E+01	1.325E+01	0	0.000E+00
1.325E+01	1.326E+01	1	1.000E-06
1.326E+01	1.327E+01	1	1.000E-06
1.327E+01	1.328E+01	1	1.000E-06
1.328E+01	1.329E+01	0	0.000E+00
1.329E+01	1.330E+01	0	0.000E+00
1.330E+01	1.331E+01	0	0.000E+00
1.331E+01	1.332E+01	0	0.000E+00
1.332E+01	1.333E+01	3	3.000E-06
1.333E+01	1.334E+01	1	1.000E-06
1.334E+01	1.335E+01	1	1.000E-06
1.335E+01	1.336E+01	0	0.000E+00
1.336E+01	1.337E+01	0	0.000E+00
1.337E+01	1.338E+01	0	0.000E+00
1.338E+01	1.339E+01	1	1.000E-06
1.339E+01	1.340E+01	0	0.000E+00
1.340E+01	1.341E+01	3	3.000E-06
1.341E+01	1.342E+01	1	1.000E-06
1.342E+01	1.343E+01	0	0.000E+00
1.343E+01	1.344E+01	0	0.000E+00
1.344E+01	1.345E+01	1	1.000E-06
1.345E+01	1.346E+01	2	2.000E-06
1.346E+01	1.347E+01	0	0.000E+00
1.347E+01	1.348E+01	2	2.000E-06
1.348E+01	1.349E+01	0	0.000E+00
1.349E+01	1.350E+01	0	0.000E+00
1.350E+01	1.351E+01	0	0.000E+00
1.351E+01	1.352E+01	0	0.000E+00
1.352E+01	1.353E+01	1	1.000E-06
1.353E+01	1.354E+01	0	0.000E+00
1.354E+01	1.355E+01	0	0.000E+00
1.355E+01	1.356E+01	1	1.000E-06
1.356E+01	1.357E+01	0	0.000E+00
1.357E+01	1.358E+01	1	1.000E-06
1.358E+01	1.359E+01	1	1.000E-06
1.359E+01	1.360E+01	0	0.000E+00
1.360E+01	1.361E+01	0	0.000E+00
1.361E+01	1.362E+01	0	0.000E+00
1.362E+01	1.363E+01	0	0.000E+00
1.363E+01	1.364E+01	0	0.000E+00
1.364E+01	1.365E+01	0	0.000E+00
1.365E+01	1.366E+01	1	1.000E-06
1.366E+01	1.367E+01	1	1.000E-06
1.367E+01	1.368E+01	1	1.000E-06
1.368E+01	1.369E+01	1	1.000E-06
1.369E+01	1.370E+01	0	0.000E+00
1.370E+01	1.371E+01	1	1.000E-06
1.371E+01	1.372E+01	0	0.000E+00
1.372E+01	1.373E+01	2	2.000E-06
1.373E+01	1.374E+01	0	0.000E+00
1.374E+01	1.375E+01	0	0.000E+00
1.375E+01	1.376E+01	0	0.000E+00
1.376E+01	1.377E+01	0	0.000E+00
1.377E+01	1.378E+01	0	0.000E+00
1.378E+01	1.379E+01	0	0.000E+00
1.379E+01	1.380E+01	1	1.000E-06
1.380E+01	1.381E+01	0	0.000E+00
1.381E+01	1.382E+01	0	0.000E+00
1.382E+01	1.383E+01	1	1.000E-06
1.383E+01	1.384E+01	0	0.000E+00
1.384E+01	1.385E+01	0	0.000E+00
1.385E+01	1.386E+01	0	0.000E+00
1.386E+01	1.387E+01	0	0.000E+00
1.387E+01	1.388E+01	1	1.000E-06
1.388E+01	1.389E+01	0	0.000E+00
1.389E+01	1.390E+01	0	0.000E+00
1.390E+01	1.391E+01	1	1.000E-06
1.391E+01	1.392E+01	2	2.000E-06
1.392E+01	1.393E+01	2	2.000E-06
1.393E+01	1.394E+01	1	1.000E-06
1.394E+01	1.395E+01	0	0.000E+00
1.395E+01	1.396E+01	0	0.000E+00
1.396E+01	1.397E+01	0	0.000E+00
1.397E+01	1.398E+01	1	1.000E-06
1.398E+01	1.399E+01	0	0.000E+00
1.399E+01	1.400E+01	1	1.000E-06
1.400E+01	1.401E+01	0	0.000E+00
1.401E+01	1.402E+01	0	0.000E+00
1.402E+01	1.403E+01	0	0.000E+00
1.403E+01	1.404E+01	0	0.000E+00
1.404E+01	1.405E+01	0	0.000E+00
1.405E+01	1.406E+01	0	0.000E+00
1.406E+01	1.407E+01	0	0.000E+00
1.407E+01	1.408E+01	0	0.000E+00
1.408E+01	1.409E+01	0	0.000E+00
1.409E+01	1.410E+01	0	0.000E+00
1.410E+01	1.411E+01	1	1.000E-06
1.411E+01	1.412E+01	0	0.000E+00
1.412E+01	1.413E+01	0	0.000E+00
1.413E+01	1.414E+01	0	0.000E+00
1.414E+01	1.415E+01	0	0.000E+00
1.415E+01	1.416E+01	0	0.000E+00
1.416E+01	1.417E+01	0	0.000E+00
1.417E+01	1.418E+01	0	0.000E+00
1.418E+01	1.419E+01	0	0.000E+00
1.419E+01	1.420E+01	0	0.000E+00
1.420E+01	1.421E+01	0	0.000E+00
1.421E+01	1.422E+01	1	1.000E-06
1.422E+01	1.423E+01	0	0.000E+00
1.423E+01	1.424E+01	0	0.000E+00
1.424E+01	1.425E+01	0	0.000E+00
1.425E+01	1.426E+01	0	0.000E+00
1.426E+01	1.427E+01	0	0.000E+00
1.427E+01	1.428E+01	0	0.000E+00
1.428E+01	1.429E+01	1	1.000E-06
1.429E+01	1.430E+01	1	1.000E-06
1.430E+01	1.431E+01	1	1.000E-06
1.431E+01	1.432E+01	0	0.000E+00
1.432E+01	1.433E+01	1	1.000E-06
1.433E+01	1.434E+01	0	0.000E+00
1.434E+01	1.435E+01	1	1.000E-06
1.435E+01	1.436E+01	0	0.000E+00
1.436E+01	1.437E+01	0	0.000E+00
1.437E+01	1.438E+01	0	0.000E+00
1.438E+01	1.439E+01	0	0.000E+00
1.439E+01	1.440E+01	4	4.000E-06
1.440E+01	1.441E+01	1	1.000E-06
1.441E+01	1.442E+01	0	0.000E+00
1.442E+01	1.443E+01	0	0.000E+00
1.443E+01	1.444E+01	0	0.000E+00
1.444E+01	1.445E+01	0	0.000E+00
1.445E+01	1.446E+01	0	0.000E+00
1.446E+01	1.447E+01	0	0.000E+00
1.447E+01	1.448E+01	0	0.000E+00
1.448E+01	1.449E+01	0	0.000E+00
1.449E+01	1.450E+01	0	0.000E+00
1.450E+01	1.451E+01	0	0.000E+00
1.451E+01	1.452E+01	0	0.000E+00
1.452E+01	1.453E+01	0	0.000E+00
1.453E+01	1.454E+01	0	0.000E+00
1.454E+01	1.455E+01	2	2.000E-06
1.455E+01	1.456E+01	0	0.000E+00
1.456E+01	1.457E+01	1	1.000E-06
1.457E+01	1.458E+01	1	1.000E-06
1.458E+01	1.459E+01	0	0.000E+00
1.459E+01	1.460E+01	2	2.000E-06
1.460E+01	1.461E+01	0	0.000E+00
1.461E+01	1.462E+01	0	0.000E+00
1.462E+01	1.463E+01	0	0.000E+00
1.463E+01	1.464E+01	0	0.000E+00
1.464E+01	1.465E+01	0	0.000E+00
1.465E+01	1.466E+01	0	0.000E+00
1.466E+01	1.467E+01	0	0.000E+00
1.467E+01	1.468E+01	1	1.000E-06
1.468E+01	1.469E+01	0	0.000E+00
1.469E+01	1.470E+01	0	0.000E+00
1.470E+01	1.471E+01	1	1.000E-06
1.471E+01	1.472E+01	1	1.000E-06
1.472E+01	1.473E+01	0	0.000E+00
1.473E+01	1.474E+01	0	0.000E+00
1.474E+01	1.475E+01	0	0.000E+00
1.475E+01	1.476E+01	0	0.000E+00
1.476E+01	1.477E+01	0	0.000E+00
1.477E+01	1.478E+01	0	0.000E+00
1.478E+01	1.479E+01	0	0.000E+00
1.479E+01	1.480E+01	0	0.000E+00
1.480E+01	1.481E+01	1	1.000E-06
1.481E+01	1.482E+01	1	1.000E-06
1.482E+01	1.483E+01	0	0.000E+00
1.483E+01	1.484E+01	0	0.000E+00
1.484E+01	1.485E+01	0	0.000E+00
1.485E+01	1.486E+01	0	0.000E+00
1.486E+01	1.487E+01	0	0.000E+00
1.487E+01	1.488E+01	0	0.000E+00
1.488E+01	1.489E+01	0	0.000E+00
1.489E+01	1.490E+01	1	1.000E-06
1.490E+01	1.491E+01	0	0.000E+00
1.491E+01	1.492E+01	1	1.000E-06
1.492E+01	1.493E+01	0	0.000E+00
1.493E+01	1.494E+01	0	0.000E+00
1.494E+01	1.495E+01	1	1.000E-06
1.495E+01	1.496E+01	0	0.000E+00
1.496E+01	1.497E+01	0	0.000E+00
1.497E+01	1.498E+01	0	0.000E+00
1.498E+01	1.499E+01	0	0.000E+00
1.499E+01	1.500E+01	0	0.000E+00
1.500E+01	1.501E+01	1	1.000E-06
1.501E+01	1.502E+01	0	0.000E+00
1.502E+01	1.503E+01	0	0.000E+00
1.503E+01	1.504E+01	0	0.000E+00
1.504E+01	1.505E+01	2	2.000E-06
1.505E+01	1.506E+01	0	0.000E+00
1.506E+01	1.507E+01	0	0.000E+00
1.507E+01	1.508E+01	0	0.000E+00
1.508E+01	1.509E+01	1	1.000E-06
1.509E+01	1.510E+01	0	0.000E+00
1.510E+01	1.511E+01	0	0.000E+00
1.511E+01	1.512E+01	0	0.000E+00
1.512E+01	1.513E+01	0	0.000E+00
1.513E+01	1.514E+01	0	0.000E+00
1.514E+01	1.515E+01	0	0.000E+00
1.515E+01	1.516E+01	0	0.000E+00
1.516E+01	1.517E+01	2	2.000E-06
1.517E+01	1.518E+01	0	0.000E+00
1.518E+01	1.519E+01	0	0.000E+00
1.519E+01	1.520E+01	0	0.000E+00
1.520E+01	1.521E+01	0	0.000E+00
1.521E+01	1.522E+01	0	0.000E+00
1.522E+01	1.523E+01	1	1.000E-06
1.523E+01	1.524E+01	0	0.000E+00
1.524E+01	1.525E+01	0	0.000E+00
1.525E+01	1.526E+01	0	0.000E+00
1.526E+01	1.527E+01	1	1.000E-06
1.527E+01	1.528E+01	0	0.000E+00
1.528E+01	1.529E+01	0	0.000E+00
1.529E+01	1.530E+01	0	0.000E+00
1.530E+01	1.531E+01	0	0.000E+00
1.531E+01	1.532E+01	0	0.000E+00
1.532E+01	1.533E+01	0	0.000E+00
1.533E+01	1.534E+01	0	0.000E+00
1.534E+01	1.535E+01	0	0.000E+00
1.535E+01	1.536E+01	0	0.000E+00
1.536E+01	1.537E+01	0	0.000E+00
1.537E+01	1.538E+01	1	1.000E-06
1.538E+01	1.539E+01	0	0.000E+00
1.539E+01	1.540E+01	0	0.000E+00
1.540E+01	1.541E+01	0	0.000E+00
1.541E+01	1.542E+01	0	0.000E+00
1.542E+01	1.543E+01	0	0.000E+00
1.543E+01	1.544E+01	1	1.000E-06
1.544E+01	1.545E+01	0	0.000E+00
1.545E+01	1.546E+01	1	1.000E-06
1.546E+01	1.547E+01	0	0.000E+00
1.547E+01	1.548E+01	0	0.000E+00
1.548E+01	1.549E+01	0	0.000E+00
1.549E+01	1.550E+01	0	0.000E+00
1.550E+01	1.551E+01	0	0.000E+00
1.551E+01	1.552E+01	0	0.000E+00
1.552E+01	1.553E+01	0	0.000E+00
1.553E+01	1.554E+01	0	0.000E+00
1.554E+01	1.555E+01	0	0.000E+00
1.555E+01	1.556E+01	0	0.000E+00
1.556E+01	1.557E+01	1	1.000E-06
1.557E+01	1.558E+01	0	0.000E+00
1.558E+01	1.559E+01	0	0.000E+00
1.559E+01	1.560E+01	0	0.000E+00
1.560E+01	1.561E+01	0	0.000E+00
1.561E+01	1.562E+01	0	0.000E+00
1.562E+01	1.563E+01	0	0.000E+00
1.563E+01	1.564E+01	0	0.000E+00
1.564E+01	1.565E+01	0	0.000E+00
1.565E+01	1.566E+01	0	0.000E+00
1.566E+01	1.567E+01	1	1.000E-06
1.567E+01	1.568E+01	0	0.000E+00
1.568E+01	1.569E+01	0	0.000E+00
1.569E+01	1.570E+01	0	0.000E+00
1.570E+01	1.571E+01	0	0.000E+00
1.571E+01	1.572E+01	0	0.000E+00
1.572E+01	1.573E+01	0	0.000E+00
1.573E+01	1.574E+01	0	0.000E+00
1.574E+01	1.575E+01	0	0.000E+00
1.575E+01	1.576E+01	0	0.000E+00
1.576E+01	1.577E+01	0	0.000E+00
1.577E+01	1.578E+01	0	0.000E+00
1.578E+01	1.579E+01	0	0.000E+00
1.579E+01	1.580E+01	0	0.000E+00
1.580E+01	1.581E+01	0	0.000E+00
1.581E+01	1.582E+01	0	0.000E+00
1.582E+01	1.583E+01	1	1.000E-06
1.583E+01	1.584E+01	0	0.000E+00
1.584E+01	1.585E+01	0	0.000E+00
1.585E+01	1.586E+01	0	0.000E+00
1.586E+01	1.587E+01	0	0.000E+00
1.587E+01	1.588E+01	0	0.000E+00
1.588E+01	1.589E+01	0	0.000E+00
1.589E+01	1.590E+01	0	0.000E+00
1.590E+01	1.591E+01	0	0.000E+00
1.591E+01	1.592E+01	0	0.000E+00
1.592E+01	1.593E+01	0	0.000E+00
1.593E+01	1.594E+01	0	0.000E+00
1.594E+01	1.595E+01	0	0.000E+00
1.595E+01	1.596E+01	0	0.000E+00
1.596E+01	1.597E+01	0	0.000E+00
1.597E+01	1.598E+01	1	1.000E-06
1.598E+01	1.599E+01	1	1.000E-06
1.599E+01	1.600E+01	0	0.000E+00
1.600E+01	1.601E+01	0	0.000E+00
1.601E+01	1.602E+01	1	1.000E-06
1.602E+01	1.603E+01	0	0.000E+00
1.603E+01	1.604E+01	0	0.000E+00
1.604E+01	1.605E+01	1	1.000E-06
1.605E+01	1.606E+01	0	0.000E+00
1.606E+01	1.607E+01	0	0.000E+00
1.607E+01	1.608E+01	1	1.000E-06
1.608E+01	1.609E+01	0	0.000E+00
1.609E+01	1.610E+01	1	1.000E-06
1.610E+01	1.611E+01	0	0.000E+00
1.611E+01	1.612E+01	1	1.000E-06
1.612E+01	1.613E+01	0	0.000E+00
1.613E+01	1.614E+01	0	0.000E+00
1.614E+01	1.615E+01	0	0.000E+00
1.615E+01	1.616E+01	0	0.000E+00
1.616E+01	1.617E+01	0	0.000E+00
1.617E+01	1.618E+01	1	1.000E-06
1.618E+01	1.619E+01	0	0.000E+00
1.619E+01	1.620E+01	0	0.000E+00
1.620E+01	1.621E+01	0	0.000E+00
1.621E+01	1.622E+01	0	0.000E+00
1.622E+01	1.623E+01	0	0.000E+00
1.623E+01	1.624E+01	1	1.000E-06
1.624E+01	1.625E+01	0	0.000E+00
1.625E+01	1.626E+01	0	0.000E+00
1.626E+01	1.627E+01	1	1.000E-06
1.627E+01	1.628E+01	0	0.000E+00
1.628E+01	1.629E+01	1	1.000E-06
1.629E+01	1.630E+01	0	0.000E+00
1.630E+01	1.631E+01	0	0.000E+00
1.631E+01	1.632E+01	0	0.000E+00
1.632E+01	1.633E+01	0	0.000E+00
1.633E+01	1.634E+01	0	0.000E+00
1.634E+01	1.635E+01	0	0.000E+00
1.635E+01	1.636E+01	0	0.000E+00
1.636E+01	1.637E+01	0	0.000E+00
1.637E+01	1.638E+01	0	0.000E+00
1.638E+01	1.639E+01	1	1.000E-06
1.639E+01	1.640E+01	0	0.000E+00
1.640E+01	1.641E+01	0	0.000E+00
1.641E+01	1.642E+01	0	0.000E+00
1.642E+01	1.643E+01	0	0.000E+00
1.643E+01	1.644E+01	0	0.000E+00
1.644E+01	1.645E+01	0	0.000E+00
1.645E+01	1.646E+01	0	0.000E+00
1.646E+01	1.647E+01	0	0.000E+00
1.647E+01	1.648E+01	0	0.000E+00
1.648E+01	1.649E+01	0	0.000E+00
1.649E+01	1.650E+01	0	0.000E+00
1.650E+01	1.651E+01	0	0.000E+00
1.651E+01	1.652E+01	0	0.000E+00
1.652E+01	1.653E+01	0	0.000E+00
1.653E+01	1.654E+01	0	0.000E+00
1.654E+01	1.655E+01	0	0.000E+00
1.655E+01	1.656E+01	0	0.000E+00
1.656E+01	1.657E+01	0	0.000E+00
1.657E+01	1.658E+01	0	0.000E+00
1.658E+01	1.659E+01	0	0.000E+00
1.659E+01	1.660E+01	0	0.000E+00
1.660E+01	1.661E+01	0	0.000E+00
1.661E+01	1.662E+01	0	0.000E+00
1.662E+01	1.663E+01	0	0.000E+00
1.663E+01	1.664E+01	0	0.000E+00
1.664E+01	1.665E+01	0	0.000E+00
1.665E+01	1.666E+01	0	0.000E+00
1.666E+01	1.667E+01	0	0.000E+00
1.667E+01	1.668E+01	0	0.000E+00
1.668E+01	1.669E+01	0	0.000E+00
1.669E+01	1.670E+01	0	0.000E+00
1.670E+01	1.671E+01	0	0.000E+00
1.671E+01	1.672E+01	0	0.000E+00
1.672E+01	1.673E+01	0	0.000E+00
1.673E+01	1.674E+01	0	0.000E+00
1.674E+01	1.675E+01	0	0.000E+00
1.675E+01	1.676E+01	0	0.000E+00
1.676E+01	1.677E+01	0	0.000E+00
1.677E+01	1.678E+01	0	0.000E+00
1.678E+01	1.679E+01	0	0.000E+00
1.679E+01	1.680E+01	0	0.000E+00
1.680E+01	1.681E+01	0	0.000E+00
1.681E+01	1.682E+01	0	0.000E+00
1.682E+01	1.683E+01	0	0.000E+00
1.683E+01	1.684E+01	0	0.000E+00
1.684E+01	1.685E+01	0	0.000E+00
1.685E+01	1.686E+01	0	0.000E+00
1.686E+01	1.687E+01	1	1.000E-06
1.687E+01	1.688E+01	0	0.000E+00
1.688E+01	1.689E+01	0	0.000E+00
1.689E+01	1.690E+01	0	0.000E+00
1.690E+01	1.691E+01	0	0.000E+00
1.691E+01	1.692E+01	1	1.000E-06
1.692E+01	1.693E+01	0	0.000E+00
1.693E+01	1.694E+01	0	0.000E+00
1.694E+01	1.695E+01	0	0.000E+00
1.695E+01	1.696E+01	0	0.000E+00
1.696E+01	1.697E+01	0	0.000E+00
1.697E+01	1.698E+01	0	0.000E+00
1.698E+01	1.699E+01	0	0.000E+00
1.699E+01	1.700E+01	0	0.000E+00
1.700E+01	1.701E+01	0	0.000E+00
1.701E+01	1.702E+01	0	0.000E+00
1.702E+01	1.703E+01	0	0.000E+00
1.703E+01	1.704E+01	0	0.000E+00
1.704E+01	1.705E+01	0	0.000E+00
1.705E+01	1.706E+01	0	0.000E+00
1.706E+01	1.707E+01	0	0.000E+00
1.707E+01	1.708E+01	0	0.000E+00
1.708E+01	1.709E+01	0	0.000E+00
1.709E+01	1.710E+01	0	0.000E+00
1.710E+01	1.711E+01	0	0.000E+00
1.711E+01	1.712E+01	0	0.000E+00
1.712E+01	1.713E+01	0	0.000E+00
1.713E+01	1.714E+01	0	0.000E+00
1.714E+01	1.715E+01	0	0.000E+00
1.715E+01	1.716E+01	0	0.000E+00
1.716E+01	1.717E+01	0	0.000E+00
1.717E+01	1.718E+01	0	0.000E+00
1.718E+01	1.719E+01	0	0.000E+00
1.719E+01	1.720E+01	0	0.000E+00
1.720E+01	1.721E+01	0	0.000E+00
1.721E+01	1.722E+01	0	0.000E+00
1.722E+01	1.723E+01	0	0.000E+00
1.723E+01	1.724E+01	0	0.000E+00
1.724E+01	1.725E+01	1	1.000E-06
1.725E+01	1.726E+01	0	0.000E+00
1.726E+01	1.727E+01	0	0.000E+00
1.727E+01	1.728E+01	0	0.000E+00
1.728E+01	1.729E+01	0	0.000E+00
1.729E+01	1.730E+01	0	0.000E+00
1.730E+01	1.731E+01	0	0.000E+00
1.731E+01	1.732E+01	0	0.000E+00
1.732E+01	1.733E+01	0	0.000E+00
1.733E+01	1.734E+01	0	0.000E+00
1.734E+01	1.735E+01	0	0.000E+00
1.735E+01	1.736E+01	0	0.000E+00
1.736E+01	1.737E+01	1	1.000E-06
1.737E+01	1.738E+01	0	0.000E+00
1.738E+01	1.739E+01	0	0.000E+00
1.739E+01	1.740E+01	0	0.000E+00
1.740E+01	1.741E+01	0	0.000E+00
1.741E+01	1.742E+01	0	0.000E+00
1.742E+01	1.743E+01	0	0.000E+00
1.743E+01	1.744E+01	0	0.000E+00
1.744E+01	1.745E+01	0	0.000E+00
1.745E+01	1.746E+01	0	0.000E+00
1.746E+01	1.747E+01	0	0.000E+00
1.747E+01	1.748E+01	0	0.000E+00
1.748E+01	1.749E+01	1	1.000E-06
1.749E+01	1.750E+01	0	0.000E+00
1.750E+01	1.751E+01	0	0.000E+00
1.751E+01	1.752E+01	0	0.000E+00
1.752E+01	1.753E+01	0	0.000E+00
1.753E+01	1.754E+01	0	0.000E+00
1.754E+01	1.755E+01	0	0.000E+00
1.755E+01	1.756E+01	0	0.000E+00
1.756E+01	1.757E+01	0	0.000E+00
1.757E+01	1.758E+01	0	0.000E+00
1.758E+01	1.759E+01	0	0.000E+00
1.759E+01	1.760E+01	0	0.000E+00
1.760E+01	1.761E+01	0	0.000E+00
1.761E+01	1.762E+01	0	0.000E+00
1.762E+01	1.763E+01	0	0.000E+00
1.763E+01	1.764E+01	0	0.000E+00
1.764E+01	1.765E+01	0	0.000E+00
1.765E+01	1.766E+01	0	0.000E+00
1.766E+01	1.767E+01	0	0.000E+00
1.767E+01	1.768E+01	0	0.000E+00
1.768E+01	1.769E+01	0	0.000E+00
1.769E+01	1.770E+01	0	0.000E+00
1.770E+01	1.771E+01	0	0.000E+00
1.771E+01	1.772E+01	0	0.000E+00
1.772E+01	1.773E+01	0	0.000E+00
1.773E+01	1.774E+01	0	0.000E+00
1.774E+01	1.775E+01	0	0.000E+00
1.775E+01	1.776E+01	0	0.000E+00
1.776E+01	1.777E+01	0	0.000E+00
1.777E+01	1.778E+01	0	0.000E+00
1.778E+01	1.779E+01	0	0.000E+00
1.779E+01	1.780E+01	0	0.000E+00
1.780E+01	1.781E+01	0	0.000E+00
1.781E+01	1.782E+01	0	0.000E+00
1.782E+01	1.783E+01	0	0.000E+00
1.783E+01	1.784E+01	0	0.000E+00
1.784E+01	1.785E+01	0	0.000E+00
1.785E+01	1.786E+01	0	0.000E+00
1.786E+01	1.787E+01	0	0.000E+00
1.787E+01	1.788E+01	0	0.000E+00
1.788E+01	1.789E+01	0	0.000E+00
1.789E+01	1.790E+01	0	0.000E+00
1.790E+01	1.791E+01	0	0.000E+00
1.791E+01	1.792E+01	0	0.000E+00
1.792E+01	1.793E+01	0	0.000E+00
1.793E+01	1.794E+01	0	0.000E+00
1.794E+01	1.795E+01	0	0.000E+00
1.795E+01	1.796E+01	0	0.000E+00
1.796E+01	1.797E+01	0	0.000E+00
1.797E+01	1.798E+01	0	0.000E+00
1.798E+01	1.799E+01	0	0.000E+00
1.799E+01	1.800E+01	0	0.000E+00
1.800E+01	1.801E+01	0	0.000E+00
1.801E+01	1.802E+01	0	0.000E+00
1.802E+01	1.803E+01	0	0.000E+00
1.803E+01	1.804E+01	0	0.000E+00
1.804E+01	1.805E+01	0	0.000E+00
1.805E+01	1.806E+01	0	0.000E+00
1.806E+01	1.807E+01	1	1.000E-06
1.807E+01	1.808E+01	0	0.000E+00
1.808E+01	1.809E+01	0	0.000E+00
1.809E+01	1.810E+01	0	0.000E+00
1.810E+01	1.811E+01	0	0.000E+00
1.811E+01	1.812E+01	0	0.000E+00
1.812E+01	1.813E+01	0	0.000E+00
1.813E+01	1.814E+01	0	0.000E+00
1.814E+01	1.815E+01	0	0.000E+00
1.815E+01	1.816E+01	0	0.000E+00
1.816E+01	1.817E+01	0	0.000E+00
1.817E+01	1.818E+01	0	0.000E+00
1.818E+01	1.819E+01	0	0.000E+00
1.819E+01	1.820E+01	0	0.000E+00
1.820E+01	1.821E+01	0	0.000E+00
1.821E+01	1.822E+01	0	0.000E+00
1.822E+01	1.823E+01	0	0.000E+00
1.823E+01	1.824E+01	0	0.000E+00
1.824E+01	1.825E+01	0	0.000E+00
1.825E+01	1.826E+01	0	0.000E+00
1.826E+01	1.827E+01	0	0.000E+00
1.827E+01	1.828E+01	0	0.000E+00
1.828E+01	1.829E+01	1	1.000E-06
1.829E+01	1.830E+01	0	0.000E+00
1.830E+01	1.831E+01	0	0.000E+00
1.831E+01	1.832E+01	0	0.000E+00
1.832E+01	1.833E+01	0	0.000E+00
1.833E+01	1.834E+01	0	0.000E+00
1.834E+01	1.835E+01	0	0.000E+00
1.835E+01	1.836E+01	0	0.000E+00
1.836E+01	1.837E+01	0	0.000E+00
1.837E+01	1.838E+01	0	0.000E+00
1.838E+01	1.839E+01	0	0.000E+00
1.839E+01	1.840E+01	0	0.000E+00
1.840E+01	1.841E+01	0	0.000E+00
1.841E+01	1.842E+01	0	0.000E+00
1.842E+01	1.843E+01	0	0.000E+00
1.843E+01	1.844E+01	0	0.000E+00
1.844E+01	1.845E+01	0	0.000E+00
1.845E+01	1.846E+01	0	0.000E+00
1.846E+01	1.847E+01	0	0.000E+00
1.847E+01	1.848E+01	0	0.000E+00
1.848E+01	1.849E+01	0	0.000E+00
1.849E+01	1.850E+01	0	0.000E+00
1.850E+01	1.851E+01	0	0.000E+00
1.851E+01	1.852E+01	0	0.000E+00
1.852E+01	1.853E+01	0	0.000E+00
1.853E+01	1.854E+01	0	0.000E+00
1.854E+01	1.855E+01	0	0.000E+00
1.855E+01	1.856E+01	0	0.000E+00
1.856E+01	1.857E+01	0	0.000E+00
1.857E+01	1.858E+01	0	0.000E+00
1.858E+01	1.859E+01	0	0.000E+00
1.859E+01	1.860E+01	0	0.000E+00
1.860E+01	1.861E+01	0	0.000E+00
1.861E+01	1.862E+01	0	0.000E+00
1.862E+01	1.863E+01	0	0.000E+00
1.863E+01	1.864E+01	0	0.000E+00
1.864E+01	1.865E+01	0	0.000E+00
1.865E+01	1.866E+01	0	0.000E+00
1.866E+01	1.867E+01	0	0.000E+00
1.867E+01	1.868E+01	0	0.000E+00
1.868E+01	1.869E+01	0	0.000E+00
1.869E+01	1.870E+01	0	0.000E+00
1.870E+01	1.871E+01	0	0.000E+00
1.871E+01	1.872E+01	0	0.000E+00
1.872E+01	1.873E+01	0	0.000E+00
1.873E+01	1.874E+01	0	0.000E+00
1.874E+01	1.875E+01	0	0.000E+00
1.875E+01	1.876E+01	0	0.000E+00
1.876E+01	1.877E+01	0	0.000E+00
1.877E+01	1.878E+01	0	0.000E+00
1.878E+01	1.879E+01	0	0.000E+00
1.879E+01	1.880E+01	0	0.000E+00
1.880E+01	1.881E+01	0	0.000E+00
1.881E+01	1.882E+01	0	0.000E+00
1.882E+01	1.883E+01	0	0.000E+00
1.883E+01	1.884E+01	0	0.000E+00
1.884E+01	1.885E+01	0	0.000E+00
1.885E+01	1.886E+01	0	0.000E+00
1.886E+01	1.887E+01	0	0.000E+00
1.887E+01	1.888E+01	0	0.000E+00
1.888E+01	1.889E+01	0	0.000E+00
1.889E+01	1.890E+01	0	0.000E+00
1.890E+01	1.891E+01	0	0.000E+00
1.891E+01	1.892E+01	0	0.000E+00
1.892E+01	1.893E+01	0	0.000E+00
1.893E+01	1.894E+01	0	0.000E+00
1.894E+01	1.895E+01	0	0.000E+00
1.895E+01	1.896E+01	0	0.000E+00
1.896E+01	1.897E+01	0	0.000E+00
1.897E+01	1.898E+01	0	0.000E+00
1.898E+01	1.899E+01	1	1.000E-06
1.899E+01	1.900E+01	0	0.000E+00
1.900E+01	1.901E+01	0	0.000E+00
1.901E+01	1.902E+01	0	0.000E+00
1.902E+01	1.903E+01	0	0.000E+00
1.903E+01	1.904E+01	0	0.000E+00
1.904E+01	1.905E+01	0	0.000E+00
1.905E+01	1.906E+01	0	0.000E+00
1.906E+01	1.907E+01	0	0.000E+00
1.907E+01	1.908E+01	0	0.000E+00
1.908E+01	1.909E+01	0	0.000E+00
1.909E+01	1.910E+01	0	0.000E+00
1.910E+01	1.911E+01	0	0.000E+00
1.911E+01	1.912E+01	0	0.000E+00
1.912E+01	1.913E+01	0	0.000E+00
1.913E+01	1.914E+01	0	0.000E+00
1.914E+01	1.915E+01	0	0.000E+00
1.915E+01	1.916E+01	0	0.000E+00
1.916E+01	1.917E+01	0	0.000E+00
1.917E+01	1.918E+01	0	0.000E+00
1.918E+01	1.919E+01	0	0.000E+00
1.919E+01	1.920E+01	0	0.000E+00
1.920E+01	1.921E+01	0	0.000E+00
1.921E+01	1.922E+01	0	0.000E+00
1.922E+01	1.923E+01	0	0.000E+00
1.923E+01	1.924E+01	0	0.000E+00
1.924E+01	1.925E+01	0	0.000E+00
1.925E+01	1.926E+01	0	0.000E+00
1.926E+01	1.927E+01	0	0.000E+00
1.927E+01	1.928E+01	0	0.000E+00
1.928E+01	1.929E+01	0	0.000E+00
1.929E+01	1.930E+01	0	0.000E+00
1.930E+01	1.931E+01	0	0.000E+00
1.931E+01	1.932E+01	0	0.000E+00
1.932E+01	1.933E+01	0	0.000E+00
1.933E+01	1.934E+01	0	0.000E+00
1.934E+01	1.935E+01	0	0.000E+00
1.935E+01	1.936E+01	1	1.000E-06
1.936E+01	1.937E+01	0	0.000E+00
1.937E+01	1.938E+01	0	0.000E+00
1.938E+01	1.939E+01	0	0.000E+00
1.939E+01	1.940E+01	0	0.000E+00
1.940E+01	1.941E+01	0	0.000E+00
1.941E+01	1.942E+01	0	0.000E+00
1.942E+01	1.943E+01	0	0.000E+00
1.943E+01	1.944E+01	0	0.000E+00
1.944E+01	1.945E+01	0	0.000E+00
1.945E+01	1.946E+01	0	0.000E+00
1.946E+01	1.947E+01	0	0.000E+00
1.947E+01	1.948E+01	0	0.000E+00
1.948E+01	1.949E+01	0	0.000E+00
1.949E+01	1.950E+01	0	0.000E+00
1.950E+01	1.951E+01	0	0.000E+00
1.951E+01	1.952E+01	0	0.000E+00
1.952E+01	1.953E+01	0	0.000E+00
1.953E+01	1.954E+01	0	0.000E+00
1.954E+01	1.955E+01	0	0.000E+00
1.955E+01	1.956E+01	0	0.000E+00
1.956E+01	1.957E+01	0	0.000E+00
1.957E+01	1.958E+01	0	0.000E+00
1.958E+01	1.959E+01	0	0.000E+00
1.959E+01	1.960E+01	0	0.000E+00
1.960E+01	1.961E+01	0	0.000E+00
1.961E+01	1.962E+01	0	0.000E+00
1.962E+01	1.963E+01	0	0.000E+00
1.963E+01	1.964E+01	0	0.000E+00
1.964E+01	1.965E+01	0	0.000E+00
1.965E+01	1.966E+01	1	1.000E-06
1.966E+01	1.967E+01	0	0.000E+00
1.967E+01	1.968E+01	0	0.000E+00
1.968E+01	1.969E+01	0	0.000E+00
1.969E+01	1.970E+01	0	0.000E+00
1.970E+01	1.971E+01	0	0.000E+00
1.971E+01	1.972E+01	0	0.000E+00
1.972E+01	1.973E+01	0	0.000E+00
1.973E+01	1.974E+01	0	0.000E+00
1.974E+01	1.975E+01	0	0.000E+00
1.975E+01	1.976E+01	0	0.000E+00
1.976E+01	1.977E+01	0	0.000E+00
1.977E+01	1.978E+01	0	0.000E+00
1.978E+01	1.979E+01	0	0.000E+00
1.979E+01	1.980E+01	0	0.000E+00
1.980E+01	1.981E+01	0	0.000E+00
1.981E+01	1.982E+01	0	0.000E+00
1.982E+01	1.983E+01	0	0.000E+00
1.983E+01	1.984E+01	0	0.000E+00
1.984E+01	1.985E+01	0	0.000E+00
1.985E+01	1.986E+01	0	0.000E+00
1.986E+01	1.987E+01	0	0.000E+00
1.987E+01	1.988E+01	0	0.000E+00
1.988E+01	1.989E+01	0	0.000E+00
1.989E+01	1.990E+01	0	0.000E+00
1.990E+01	1.991E+01	0	0.000E+00
1.991E+01	1.992E+01	0	0.000E+00
1.992E+01	1.993E+01	0	0.000E+00
1.993E+01	1.994E+01	0	0.000E+00
1.994E+01	1.995E+01	0	0.000E+00
1.995E+01	1.996E+01	0	0.000E+00
1.996E+01	1.997E+01	0	0.000E+00
1.997E+01	1.998E+01	0	0.000E+00
1.998E+01	1.999E+01	0	0.000E+00
1.999E+01	2.000E+01	0	0.000E+00
2.000E+01	2.001E+01	0	0.000E+00
2.001E+01	2.002E+01	0	0.000E+00
2.002E+01	2.003E+01	0	0.000E+00
2.003E+01	2.004E+01	0	0.000E+00
2.004E+01	2.005E+01	0	0.000E+00
2.005E+01	2.006E+01	0	0.000E+00
2.006E+01	2.007E+01	0	0.000E+00
2.007E+01	2.008E+01	0	0.000E+00
2.008E+01	2.009E+01	0	0.000E+00
2.009E+01	2.010E+01	0	0.000E+00
2.010E+01	2.011E+01	0	0.000E+00
2.011E+01	2.012E+01	0	0.000E+00
2.012E+01	2.013E+01	0	0.000E+00
2.013E+01	2.014E+01	0	0.000E+00
2.014E+01	2.015E+01	0	0.000E+00
2.015E+01	2.016E+01	0	0.000E+00
2.016E+01	2.017E+01	0	0.000E+00
2.017E+01	2.018E+01	0	0.000E+00
2.018E+01	2.019E+01	0	0.000E+00
2.019E+01	2.020E+01	0	0.000E+00
2.020E+01	2.021E+01	0	0.000E+00
2.021E+01	2.022E+01	0	0.000E+00
2.022E+01	2.023E+01	0	0.000E+00
2.023E+01	2.024E+01	0	0.000E+00
2.024E+01	2.025E+01	0	0.000E+00
2.025E+01	2.026E+01	0	0.000E+00
2.026E+01	2.027E+01	0	0.000E+00
2.027E+01	2.028E+01	0	0.000E+00
2.028E+01	2.029E+01	0	0.000E+00
2.029E+01	2.030E+01	0	0.000E+00
2.030E+01	2.031E+01	0	0.000E+00
2.031E+01	2.032E+01	0	0.000E+00
2.032E+01	2.033E+01	0	0.000E+00
2.033E+01	2.034E+01	0	0.000E+00
2.034E+01	2.035E+01	0	0.000E+00
2.035E+01	2.036E+01	0	0.000E+00
2.036E+01	2.037E+01	0	0.000E+00
2.037E+01	2.038E+01	0	0.000E+00
2.038E+01	2.039E+01	0	0.000E+00
2.039E+01	2.040E+01	0	0.000E+00
2.040E+01	2.041E+01	0	0.000E+00
2.041E+01	2.042E+01	0	0.000E+00
2.042E+01	2.043E+01	0	0.000E+00
2.043E+01	2.044E+01	0	0.000E+00
2.044E+01	2.045E+01	0	0.000E+00
2.045E+01	2.046E+01	0	0.000E+00
2.046E+01	2.047E+01	0	0.000E+00
2.047E+01	2.048E+01	0	0.000E+00
2.048E+01	2.049E+01	0	0.000E+00
2.049E+01	2.050E+01	0	0.000E+00
2.050E+01	2.051E+01	0	0.000E+00
2.051E+01	2.052E+01	0	0.000E+00
2.052E+01	2.053E+01	0	0.000E+00
2.053E+01	2.054E+01	0	0.000E+00
2.054E+01	2.055E+01	0	0.000E+00
2.055E+01	2.056E+01	0	0.000E+00
2.056E+01	2.057E+01	0	0.000E+00
2.057E+01	2.058E+01	0	0.000E+00
2.058E+01	2.059E+01	0	0.000E+00
2.059E+01	2.060E+01	0	0.000E+00
2.060E+01	2.061E+01	0	0.000E+00
2.061E+01	2.062E+01	0	0.000E+00
2.062E+01	2.063E+01	0	0.000E+00
2.063E+01	2.064E+01	0	0.000E+00
2.064E+01	2.065E+01	0	0.000E+00
2.065E+01	2.066E+01	1	1.000E-06
2.066E+01	2.067E+01	0	0.000E+00
2.067E+01	2.068E+01	0	0.000E+00
2.068E+01	2.069E+01	0	0.000E+00
2.069E+01	2.070E+01	0	0.000E+00
2.070E+01	2.071E+01	0	0.000E+00
2.071E+01	2.072E+01	0	0.000E+00
2.072E+01	2.073E+01	0	0.000E+00
2.073E+01	2.074E+01	0	0.000E+00
2.074E+01	2.075E+01	0	0.000E+00
2.075E+01	2.076E+01	0	0.000E+00
2.076E+01	2.077E+01	0	0.000E+00
2.077E+01	2.078E+01	0	0.000E+00
2.078E+01	2.079E+01	0	0.000E+00
2.079E+01	2.080E+01	0	0.000E+00
2.080E+01	2.081E+01	0	0.000E+00
2.081E+01	2.082E+01	0	0.000E+00
2.082E+01	2.083E+01	0	0.000E+00
2.083E+01	2.084E+01	0	0.000E+00
2.084E+01	2.085E+01	0	0.000E+00
2.085E+01	2.086E+01	0	0.000E+00
2.086E+01	2.087E+01	0	0.000E+00
2.087E+01	2.088E+01	0	0.000E+00
2.088E+01	2.089E+01	0	0.000E+00
2.089E+01	2.090E+01	0	0.000E+00
2.090E+01	2.091E+01	0	0.000E+00
2.091E+01	2.092E+01	0	0.000E+00
2.092E+01	2.093E+01	0	0.000E+00
2.093E+01	2.094E+01	0	0.000E+00
2.094E+01	2.095E+01	0	0.000E+00
2.095E+01	2.096E+01	0	0.000E+00
2.096E+01	2.097E+01	0	0.000E+00
2.097E+01	2.098E+01	0	0.000E+00
2.098E+01	2.099E+01	0	0.000E+00
2.099E+01	2.100E+01	0	0.000E+00
2.100E+01	2.101E+01	0	0.000E+00
2.101E+01	2.102E+01	0	0.000E+00
2.102E+01	2.103E+01	0	0.000E+00
2.103E+01	2.104E+01	0	0.000E+00
2.104E+01	2.105E+01	0	0.000E+00
2.105E+01	2.106E+01	0	0.000E+00
2.106E+01	2.107E+01	0	0.000E+00
2.107E+01	2.108E+01	0	0.000E+00
2.108E+01	2.109E+01	0	0.000E+00
2.109E+01	2.110E+01	0	0.000E+00
2.110E+01	2.111E+01	0	0.000E+00
2.111E+01	2.112E+01	0	0.000E+00
2.112E+01	2.113E+01	0	0.000E+00
2.113E+01	2.114E+01	0	0.000E+00
2.114E+01	2.115E+01	0	0.000E+00
2.115E+01	2.116E+01	0	0.000E+00
2.116E+01	2.117E+01	0	0.000E+00
2.117E+01	2.118E+01	0	0.000E+00
2.118E+01	2.119E+01	0	0.000E+00
2.119E+01	2.120E+01	0	0.000E+00
2.120E+01	2.121E+01	0	0.000E+00
2.121E+01	2.122E+01	0	0.000E+00
2.122E+01	2.123E+01	0	0.000E+00
2.123E+01	2.124E+01	0	0.000E+00
2.124E+01	2.125E+01	0	0.000E+00
2.125E+01	2.126E+01	0	0.000E+00
2.126E+01	2.127E+01	0	0.000E+00
2.127E+01	2.128E+01	0	0.000E+00
2.128E+01	2.129E+01	0	0.000E+00
2.129E+01	2.130E+01	0	0.000E+00
2.130E+01	2.131E+01	0	0.000E+00
2.131E+01	2.132E+01	0	0.000E+00
2.132E+01	2.133E+01	0	0.000E+00
2.133E+01	2.134E+01	0	0.000E+00
2.134E+01	2.135E+01	0	0.000E+00
2.135E+01	2.136E+01	0	0.000E+00
2.136E+01	2.137E+01	0	0.000E+00
2.137E+01	2.138E+01	0	0.000E+00
2.138E+01	2.139E+01	0	0.000E+00
2.139E+01	2.140E+01	0	0.000E+00
2.140E+01	2.141E+01	0	0.000E+00
2.141E+01	2.142E+01	0	0.000E+00
2.142E+01	2.143E+01	0	0.000E+00
2.143E+01	2.144E+01	0	0.000E+00
2.144E+01	2.145E+01	0	0.000E+00
2.145E+01	2.146E+01	0	0.000E+00
2.146E+01	2.147E+01	0	0.000E+00
2.147E+01	2.148E+01	1	1.000E-06
2.148E+01	2.149E+01	0	0.000E+00
2.149E+01	2.150E+01	0	0.000E+00
2.150E+01	2.151E+01	0	0.000E+00
2.151E+01	2.152E+01	0	0.000E+00
2.152E+01	2.153E+01	0	0.000E+00
2.153E+01	2.154E+01	0	0.000E+00
2.154E+01	2.155E+01	0	0.000E+00
2.155E+01	2.156E+01	0	0.000E+00
2.156E+01	2.157E+01	0	0.000E+00
2.157E+01	2.158E+01	0	0.000E+00
2.158E+01	2.159E+01	0	0.000E+00
2.159E+01	2.160E+01	0	0.000E+00
2.160E+01	2.161E+01	0	0.000E+00
2.161E+01	2.162E+01	0	0.000E+00
2.162E+01	2.163E+01	0	0.000E+00
2.163E+01	2.164E+01	0	0.000E+00
2.164E+01	2.165E+01	1	1.000E-06
2.165E+01	2.165E+01	0	0.000E+00
