m_start	m_end	count	relcount
0.000E+00	1.000E-02	9971	9.971E-03
1.000E-02	2.000E-02	9837	9.837E-03
2.000E-02	3.000E-02	9761	9.761E-03
3.000E-02	4.000E-02	9785	9.785E-03
4.000E-02	5.000E-02	9530	9.530E-03
5.000E-02	6.000E-02	9617	9.617E-03
6.000E-02	7.000E-02	9561	9.561E-03
7.000E-02	8.000E-02	9199	9.199E-03
8.000E-02	9.000E-02	9221	9.221E-03
9.000E-02	1.000E-01	9097	9.097E-03
1.000E-01	1.100E-01	8864	8.864E-03
1.100E-01	1.200E-01	8807	8.807E-03
1.200E-01	1.300E-01	8779	8.779E-03
1.300E-01	1.400E-01	8846	8.846E-03
1.400E-01	1.500E-01	8720	8.720E-03
1.500E-01	1.600E-01	8547	8.547E-03
1.600E-01	1.700E-01	8442	8.442E-03
1.700E-01	1.800E-01	8455	8.455E-03
1.800E-01	1.900E-01	8214	8.214E-03
1.900E-01	2.000E-01	8210	8.210E-03
2.000E-01	2.100E-01	8301	8.301E-03
2.100E-01	2.200E-01	7991	7.991E-03
2.200E-01	2.300E-01	8002	8.002E-03
2.300E-01	2.400E-01	7860	7.860E-03
2.400E-01	2.500E-01	7740	7.740E-03
2.500E-01	2.600E-01	7644	7.644E-03
2.600E-01	2.700E-01	7593	7.593E-03
2.700E-01	2.800E-01	7622	7.622E-03
2.800E-01	2.900E-01	7478	7.478E-03
2.900E-01	3.000E-01	7322	7.322E-03
3.000E-01	3.100E-01	7409	7.409E-03
3.100E-01	3.200E-01	7288	7.288E-03
3.200E-01	3.300E-01	7245	7.245E-03
3.300E-01	3.400E-01	7250	7.250E-03
3.400E-01	3.500E-01	7064	7.064E-03
3.500E-01	3.600E-01	7081	7.081E-03
3.600E-01	3.700E-01	6888	6.888E-03
3.700E-01	3.800E-01	6867	6.867E-03
3.800E-01	3.900E-01	6612	6.612E-03
3.900E-01	4.000E-01	6794	6.794E-03
4.000E-01	4.100E-01	6676	6.676E-03
4.100E-01	4.200E-01	6595	6.595E-03
4.200E-01	4.300E-01	6536	6.536E-03
4.300E-01	4.400E-01	6432	6.432E-03
4.400E-01	4.500E-01	6279	6.279E-03
4.500E-01	4.600E-01	6319	6.319E-03
4.600E-01	4.700E-01	6265	6.265E-03
4.700E-01	4.800E-01	6267	6.267E-03
4.800E-01	4.900E-01	6131	6.131E-03
4.900E-01	5.000E-01	6091	6.091E-03
5.000E-01	5.100E-01	5904	5.904E-03
5.100E-01	5.200E-01	5993	5.993E-03
5.200E-01	5.300E-01	5793	5.793E-03
5.300E-01	5.400E-01	5799	5.799E-03
5.400E-01	5.500E-01	5893	5.893E-03
5.500E-01	5.600E-01	5749	5.749E-03
5.600E-01	5.700E-01	5807	5.807E-03
5.700E-01	5.800E-01	5535	5.535E-03
5.800E-01	5.900E-01	5604	5.604E-03
5.900E-01	6.000E-01	5419	5.419E-03
6.000E-01	6.100E-01	5553	5.553E-03
6.100E-01	6.200E-01	5486	5.486E-03
6.200E-01	6.300E-01	5441	5.441E-03
6.300E-01	6.400E-01	5264	5.264E-03
6.400E-01	6.500E-01	5302	5.302E-03
6.500E-01	6.600E-01	5258	5.258E-03
6.600E-01	6.700E-01	5183	5.183E-03
6.700E-01	6.800E-01	5122	5.122E-03
6.800E-01	6.900E-01	5083	5.083E-03
6.900E-01	7.000E-01	4926	4.926E-03
7.000E-01	7.100E-01	4910	4.910E-03
7.100E-01	7.200E-01	4739	4.739E-03
7.200E-01	7.300E-01	4840	4.840E-03
7.300E-01	7.400E-01	4802	4.802E-03
7.400E-01	7.500E-01	4801	4.801E-03
7.500E-01	7.600E-01	4629	4.629E-03
7.600E-01	7.700E-01	4742	4.742E-03
7.700E-01	7.800E-01	4672	4.672E-03
7.800E-01	7.900E-01	4497	4.497E-03
7.900E-01	8.000E-01	4611	4.611E-03
8.000E-01	8.100E-01	4485	4.485E-03
8.100E-01	8.200E-01	4415	4.415E-03
8.200E-01	8.300E-01	4264	4.264E-03
8.300E-01	8.400E-01	4372	4.372E-03
8.400E-01	8.500E-01	4304	4.304E-03
8.500E-01	8.600E-01	4272	4.272E-03
8.600E-01	8.700E-01	4217	4.217E-03
8.700E-01	8.800E-01	4181	4.181E-03
8.800E-01	8.900E-01	4127	4.127E-03
8.900E-01	9.000E-01	4079	4.079E-03
9.000E-01	9.100E-01	3982	3.982E-03
9.100E-01	9.200E-01	4009	4.009E-03
9.200E-01	9.300E-01	3884	3.884E-03
9.300E-01	9.400E-01	3917	3.917E-03
9.400E-01	9.500E-01	3944	3.944E-03
9.500E-01	9.600E-01	3761	3.761E-03
9.600E-01	9.700E-01	3784	3.784E-03
9.700E-01	9.800E-01	3849	3.849E-03
9.800E-01	9.900E-01	3739	3.739E-03
9.900E-01	1.000E+00	3665	3.665E-03
1.000E+00	1.010E+00	3642	3.642E-03
1.010E+00	1.020E+00	3609	3.609E-03
1.020E+00	1.030E+00	3672	3.672E-03
1.030E+00	1.040E+00	3640	3.640E-03
1.040E+00	1.050E+00	3507	3.507E-03
1.050E+00	1.060E+00	3437	3.437E-03
1.060E+00	1.070E+00	3580	3.580E-03
1.070E+00	1.080E+00	3394	3.394E-03
1.080E+00	1.090E+00	3476	3.476E-03
1.090E+00	1.100E+00	3249	3.249E-03
1.100E+00	1.110E+00	3257	3.257E-03
1.110E+00	1.120E+00	3208	3.208E-03
1.120E+00	1.130E+00	3218	3.218E-03
1.130E+00	1.140E+00	3342	3.342E-03
1.140E+00	1.150E+00	3103	3.103E-03
1.150E+00	1.160E+00	3170	3.170E-03
1.160E+00	1.170E+00	3074	3.074E-03
1.170E+00	1.180E+00	3135	3.135E-03
1.180E+00	1.190E+00	3131	3.131E-03
1.190E+00	1.200E+00	3052	3.052E-03
1.200E+00	1.210E+00	3048	3.048E-03
1.210E+00	1.220E+00	2910	2.910E-03
1.220E+00	1.230E+00	2950	2.950E-03
1.230E+00	1.240E+00	2903	2.903E-03
1.240E+00	1.250E+00	2862	2.862E-03
1.250E+00	1.260E+00	2722	2.722E-03
1.260E+00	1.270E+00	2834	2.834E-03
1.270E+00	1.280E+00	2775	2.775E-03
1.280E+00	1.290E+00	2818	2.818E-03
1.290E+00	1.300E+00	2756	2.756E-03
1.300E+00	1.310E+00	2797	2.797E-03
1.310E+00	1.320E+00	2718	2.718E-03
1.320E+00	1.330E+00	2651	2.651E-03
1.330E+00	1.340E+00	2599	2.599E-03
1.340E+00	1.350E+00	2580	2.580E-03
1.350E+00	1.360E+00	2575	2.575E-03
1.360E+00	1.370E+00	2636	2.636E-03
1.370E+00	1.380E+00	2552	2.552E-03
1.380E+00	1.390E+00	2504	2.504E-03
1.390E+00	1.400E+00	2530	2.530E-03
1.400E+00	1.410E+00	2542	2.542E-03
1.410E+00	1.420E+00	2418	2.418E-03
1.420E+00	1.430E+00	2450	2.450E-03
1.430E+00	1.440E+00	2471	2.471E-03
1.440E+00	1.450E+00	2331	2.331E-03
1.450E+00	1.460E+00	2444	2.444E-03
1.460E+00	1.470E+00	2344	2.344E-03
1.470E+00	1.480E+00	2289	2.289E-03
1.480E+00	1.490E+00	2236	2.236E-03
1.490E+00	1.500E+00	2149	2.149E-03
1.500E+00	1.510E+00	2300	2.300E-03
1.510E+00	1.520E+00	2115	2.115E-03
1.520E+00	1.530E+00	2227	2.227E-03
1.530E+00	1.540E+00	2197	2.197E-03
1.540E+00	1.550E+00	2098	2.098E-03
1.550E+00	1.560E+00	2124	2.124E-03
1.560E+00	1.570E+00	2024	2.024E-03
1.570E+00	1.580E+00	2135	2.135E-03
1.580E+00	1.590E+00	2023	2.023E-03
1.590E+00	1.600E+00	1993	1.993E-03
1.600E+00	1.610E+00	2012	2.012E-03
1.610E+00	1.620E+00	1950	1.950E-03
1.620E+00	1.630E+00	1962	1.962E-03
1.630E+00	1.640E+00	1920	1.920E-03
1.640E+00	1.650E+00	1862	1.862E-03
1.650E+00	1.660E+00	1861	1.861E-03
1.660E+00	1.670E+00	1961	1.961E-03
1.670E+00	1.680E+00	1887	1.887E-03
1.680E+00	1.690E+00	1826	1.826E-03
1.690E+00	1.700E+00	1927	1.927E-03
1.700E+00	1.710E+00	1830	1.830E-03
1.710E+00	1.720E+00	1788	1.788E-03
1.720E+00	1.730E+00	1802	1.802E-03
1.730E+00	1.740E+00	1770	1.770E-03
1.740E+00	1.750E+00	1700	1.700E-03
1.750E+00	1.760E+00	1781	1.781E-03
1.760E+00	1.770E+00	1766	1.766E-03
1.770E+00	1.780E+00	1666	1.666E-03
1.780E+00	1.790E+00	1661	1.661E-03
1.790E+00	1.800E+00	1724	1.724E-03
1.800E+00	1.810E+00	1688	1.688E-03
1.810E+00	1.820E+00	1642	1.642E-03
1.820E+00	1.830E+00	1627	1.627E-03
1.830E+00	1.840E+00	1604	1.604E-03
1.840E+00	1.850E+00	1581	1.581E-03
1.850E+00	1.860E+00	1587	1.587E-03
1.860E+00	1.870E+00	1518	1.518E-03
1.870E+00	1.880E+00	1505	1.505E-03
1.880E+00	1.890E+00	1593	1.593E-03
1.890E+00	1.900E+00	1529	1.529E-03
1.900E+00	1.910E+00	1503	1.503E-03
1.910E+00	1.920E+00	1520	1.520E-03
1.920E+00	1.930E+00	1478	1.478E-03
1.930E+00	1.940E+00	1458	1.458E-03
1.940E+00	1.950E+00	1387	1.387E-03
1.950E+00	1.960E+00	1457	1.457E-03
1.960E+00	1.970E+00	1404	1.404E-03
1.970E+00	1.980E+00	1379	1.379E-03
1.980E+00	1.990E+00	1336	1.336E-03
1.990E+00	2.000E+00	1315	1.315E-03
2.000E+00	2.010E+00	1351	1.351E-03
2.010E+00	2.020E+00	1348	1.348E-03
2.020E+00	2.030E+00	1301	1.301E-03
2.030E+00	2.040E+00	1256	1.256E-03
2.040E+00	2.050E+00	1247	1.247E-03
2.050E+00	2.060E+00	1263	1.263E-03
2.060E+00	2.070E+00	1213	1.213E-03
2.070E+00	2.080E+00	1303	1.303E-03
2.080E+00	2.090E+00	1244	1.244E-03
2.090E+00	2.100E+00	1182	1.182E-03
2.100E+00	2.110E+00	1129	1.129E-03
2.110E+00	2.120E+00	1164	1.164E-03
2.120E+00	2.130E+00	1167	1.167E-03
2.130E+00	2.140E+00	1186	1.186E-03
2.140E+00	2.150E+00	1169	1.169E-03
2.150E+00	2.160E+00	1228	1.228E-03
2.160E+00	2.170E+00	1164	1.164E-03
2.170E+00	2.180E+00	1133	1.133E-03
2.180E+00	2.190E+00	1035	1.035E-03
2.190E+00	2.200E+00	1114	1.114E-03
2.200E+00	2.210E+00	1134	1.134E-03
2.210E+00	2.220E+00	1084	1.084E-03
2.220E+00	2.230E+00	1122	1.122E-03
2.230E+00	2.240E+00	1036	1.036E-03
2.240E+00	2.250E+00	1040	1.040E-03
2.250E+00	2.260E+00	1060	1.060E-03
2.260E+00	2.270E+00	1098	1.098E-03
2.270E+00	2.280E+00	1076	1.076E-03
2.280E+00	2.290E+00	1029	1.029E-03
2.290E+00	2.300E+00	1024	1.024E-03
2.300E+00	2.310E+00	1008	1.008E-03
2.310E+00	2.320E+00	1052	1.052E-03
2.320E+00	2.330E+00	960	9.600E-04
2.330E+00	2.340E+00	977	9.770E-04
2.340E+00	2.350E+00	969	9.690E-04
2.350E+00	2.360E+00	918	9.180E-04
2.360E+00	2.370E+00	969	9.690E-04
2.370E+00	2.380E+00	919	9.190E-04
2.380E+00	2.390E+00	926	9.260E-04
2.390E+00	2.400E+00	924	9.240E-04
2.400E+00	2.410E+00	897	8.970E-04
2.410E+00	2.420E+00	873	8.730E-04
2.420E+00	2.430E+00	932	9.320E-04
2.430E+00	2.440E+00	894	8.940E-04
2.440E+00	2.450E+00	841	8.410E-04
2.450E+00	2.460E+00	783	7.830E-04
2.460E+00	2.470E+00	912	9.120E-04
2.470E+00	2.480E+00	815	8.150E-04
2.480E+00	2.490E+00	828	8.280E-04
2.490E+00	2.500E+00	860	8.600E-04
2.500E+00	2.510E+00	814	8.140E-04
2.510E+00	2.520E+00	833	8.330E-04
2.520E+00	2.530E+00	793	7.930E-04
2.530E+00	2.540E+00	757	7.570E-04
2.540E+00	2.550E+00	820	8.200E-04
2.550E+00	2.560E+00	764	7.640E-04
2.560E+00	2.570E+00	785	7.850E-04
2.570E+00	2.580E+00	754	7.540E-04
2.580E+00	2.590E+00	804	8.040E-04
2.590E+00	2.600E+00	714	7.140E-04
2.600E+00	2.610E+00	706	7.060E-04
2.610E+00	2.620E+00	720	7.200E-04
2.620E+00	2.630E+00	698	6.980E-04
2.630E+00	2.640E+00	695	6.950E-04
2.640E+00	2.650E+00	679	6.790E-04
2.650E+00	2.660E+00	750	7.500E-04
2.660E+00	2.670E+00	683	6.830E-04
2.670E+00	2.680E+00	725	7.250E-04
2.680E+00	2.690E+00	658	6.580E-04
2.690E+00	2.700E+00	641	6.410E-04
2.700E+00	2.710E+00	632	6.320E-04
2.710E+00	2.720E+00	670	6.700E-04
2.720E+00	2.730E+00	611	6.110E-04
2.730E+00	2.740E+00	648	6.480E-04
2.740E+00	2.750E+00	705	7.050E-04
2.750E+00	2.760E+00	629	6.290E-04
2.760E+00	2.770E+00	628	6.280E-04
2.770E+00	2.780E+00	625	6.250E-04
2.780E+00	2.790E+00	669	6.690E-04
2.790E+00	2.800E+00	621	6.210E-04
2.800E+00	2.810E+00	559	5.590E-04
2.810E+00	2.820E+00	614	6.140E-04
2.820E+00	2.830E+00	569	5.690E-04
2.830E+00	2.840E+00	562	5.620E-04
2.840E+00	2.850E+00	563	5.630E-04
2.850E+00	2.860E+00	601	6.010E-04
2.860E+00	2.870E+00	580	5.800E-04
2.870E+00	2.880E+00	512	5.120E-04
2.880E+00	2.890E+00	537	5.370E-04
2.890E+00	2.900E+00	559	5.590E-04
2.900E+00	2.910E+00	533	5.330E-04
2.910E+00	2.920E+00	497	4.970E-04
2.920E+00	2.930E+00	518	5.180E-04
2.930E+00	2.940E+00	544	5.440E-04
2.940E+00	2.950E+00	530	5.300E-04
2.950E+00	2.960E+00	530	5.300E-04
2.960E+00	2.970E+00	509	5.090E-04
2.970E+00	2.980E+00	495	4.950E-04
2.980E+00	2.990E+00	512	5.120E-04
2.990E+00	3.000E+00	503	5.030E-04
3.000E+00	3.010E+00	496	4.960E-04
3.010E+00	3.020E+00	482	4.820E-04
3.020E+00	3.030E+00	512	5.120E-04
3.030E+00	3.040E+00	499	4.990E-04
3.040E+00	3.050E+00	502	5.020E-04
3.050E+00	3.060E+00	491	4.910E-04
3.060E+00	3.070E+00	475	4.750E-04
3.070E+00	3.080E+00	462	4.620E-04
3.080E+00	3.090E+00	486	4.860E-04
3.090E+00	3.100E+00	461	4.610E-04
3.100E+00	3.110E+00	457	4.570E-04
3.110E+00	3.120E+00	457	4.570E-04
3.120E+00	3.130E+00	427	4.270E-04
3.130E+00	3.140E+00	430	4.300E-04
3.140E+00	3.150E+00	462	4.620E-04
3.150E+00	3.160E+00	450	4.500E-04
3.160E+00	3.170E+00	434	4.340E-04
3.170E+00	3.180E+00	383	3.830E-04
3.180E+00	3.190E+00	421	4.210E-04
3.190E+00	3.200E+00	378	3.780E-04
3.200E+00	3.210E+00	387	3.870E-04
3.210E+00	3.220E+00	434	4.340E-04
3.220E+00	3.230E+00	394	3.940E-04
3.230E+00	3.240E+00	386	3.860E-04
3.240E+00	3.250E+00	382	3.820E-04
3.250E+00	3.260E+00	408	4.080E-04
3.260E+00	3.270E+00	378	3.780E-04
3.270E+00	3.280E+00	388	3.880E-04
3.280E+00	3.290E+00	364	3.640E-04
3.290E+00	3.300E+00	357	3.570E-04
3.300E+00	3.310E+00	371	3.710E-04
3.310E+00	3.320E+00	345	3.450E-04
3.320E+00	3.330E+00	345	3.450E-04
3.330E+00	3.340E+00	309	3.090E-04
3.340E+00	3.350E+00	351	3.510E-04
3.350E+00	3.360E+00	343	3.430E-04
3.360E+00	3.370E+00	342	3.420E-04
3.370E+00	3.380E+00	328	3.280E-04
3.380E+00	3.390E+00	344	3.440E-04
3.390E+00	3.400E+00	310	3.100E-04
3.400E+00	3.410E+00	314	3.140E-04
3.410E+00	3.420E+00	370	3.700E-04
3.420E+00	3.430E+00	336	3.360E-04
3.430E+00	3.440E+00	326	3.260E-04
3.440E+00	3.450E+00	329	3.290E-04
3.450E+00	3.460E+00	318	3.180E-04
3.460E+00	3.470E+00	297	2.970E-04
3.470E+00	3.480E+00	297	2.970E-04
3.480E+00	3.490E+00	295	2.950E-04
3.490E+00	3.500E+00	297	2.970E-04
3.500E+00	3.510E+00	293	2.930E-04
3.510E+00	3.520E+00	324	3.240E-04
3.520E+00	3.530E+00	284	2.840E-04
3.530E+00	3.540E+00	280	2.800E-04
3.540E+00	3.550E+00	258	2.580E-04
3.550E+00	3.560E+00	311	3.110E-04
3.560E+00	3.570E+00	275	2.750E-04
3.570E+00	3.580E+00	284	2.840E-04
3.580E+00	3.590E+00	263	2.630E-04
3.590E+00	3.600E+00	288	2.880E-04
3.600E+00	3.610E+00	271	2.710E-04
3.610E+00	3.620E+00	284	2.840E-04
3.620E+00	3.630E+00	249	2.490E-04
3.630E+00	3.640E+00	254	2.540E-04
3.640E+00	3.650E+00	245	2.450E-04
3.650E+00	3.660E+00	262	2.620E-04
3.660E+00	3.670E+00	260	2.600E-04
3.670E+00	3.680E+00	273	2.730E-04
3.680E+00	3.690E+00	225	2.250E-04
3.690E+00	3.700E+00	229	2.290E-04
3.700E+00	3.710E+00	267	2.670E-04
3.710E+00	3.720E+00	268	2.680E-04
3.720E+00	3.730E+00	232	2.320E-04
3.730E+00	3.740E+00	233	2.330E-04
3.740E+00	3.750E+00	220	2.200E-04
3.750E+00	3.760E+00	247	2.470E-04
3.760E+00	3.770E+00	253	2.530E-04
3.770E+00	3.780E+00	259	2.590E-04
3.780E+00	3.790E+00	217	2.170E-04
3.790E+00	3.800E+00	223	2.230E-04
3.800E+00	3.810E+00	236	2.360E-04
3.810E+00	3.820E+00	213	2.130E-04
3.820E+00	3.830E+00	209	2.090E-04
3.830E+00	3.840E+00	235	2.350E-04
3.840E+00	3.850E+00	216	2.160E-04
3.850E+00	3.860E+00	196	1.960E-04
3.860E+00	3.870E+00	197	1.970E-04
3.870E+00	3.880E+00	206	2.060E-04
3.880E+00	3.890E+00	211	2.110E-04
3.890E+00	3.900E+00	177	1.770E-04
3.900E+00	3.910E+00	223	2.230E-04
3.910E+00	3.920E+00	192	1.920E-04
3.920E+00	3.930E+00	196	1.960E-04
3.930E+00	3.940E+00	180	1.800E-04
3.940E+00	3.950E+00	184	1.840E-04
3.950E+00	3.960E+00	189	1.890E-04
3.960E+00	3.970E+00	191	1.910E-04
3.970E+00	3.980E+00	207	2.070E-04
3.980E+00	3.990E+00	197	1.970E-04
3.990E+00	4.000E+00	178	1.780E-04
4.000E+00	4.010E+00	171	1.710E-04
4.010E+00	4.020E+00	185	1.850E-04
4.020E+00	4.030E+00	177	1.770E-04
4.030E+00	4.040E+00	164	1.640E-04
4.040E+00	4.050E+00	166	1.660E-04
4.050E+00	4.060E+00	178	1.780E-04
4.060E+00	4.070E+00	153	1.530E-04
4.070E+00	4.080E+00	162	1.620E-04
4.080E+00	4.090E+00	161	1.610E-04
4.090E+00	4.100E+00	146	1.460E-04
4.100E+00	4.110E+00	166	1.660E-04
4.110E+00	4.120E+00	164	1.640E-04
4.120E+00	4.130E+00	180	1.800E-04
4.130E+00	4.140E+00	144	1.440E-04
4.140E+00	4.150E+00	155	1.550E-04
4.150E+00	4.160E+00	173	1.730E-04
4.160E+00	4.170E+00	155	1.550E-04
4.170E+00	4.180E+00	134	1.340E-04
4.180E+00	4.190E+00	152	1.520E-04
4.190E+00	4.200E+00	141	1.410E-04
4.200E+00	4.210E+00	154	1.540E-04
4.210E+00	4.220E+00	131	1.310E-04
4.220E+00	4.230E+00	154	1.540E-04
4.230E+00	4.240E+00	165	1.650E-04
4.240E+00	4.250E+00	152	1.520E-04
4.250E+00	4.260E+00	124	1.240E-04
4.260E+00	4.270E+00	134	1.340E-04
4.270E+00	4.280E+00	158	1.580E-04
4.280E+00	4.290E+00	151	1.510E-04
4.290E+00	4.300E+00	147	1.470E-04
4.300E+00	4.310E+00	135	1.350E-04
4.310E+00	4.320E+00	130	1.300E-04
4.320E+00	4.330E+00	134	1.340E-04
4.330E+00	4.340E+00	120	1.200E-04
4.340E+00	4.350E+00	126	1.260E-04
4.350E+00	4.360E+00	137	1.370E-04
4.360E+00	4.370E+00	129	1.290E-04
4.370E+00	4.380E+00	128	1.280E-04
4.380E+00	4.390E+00	117	1.170E-04
4.390E+00	4.400E+00	123	1.230E-04
4.400E+00	4.410E+00	137	1.370E-04
4.410E+00	4.420E+00	126	1.260E-04
4.420E+00	4.430E+00	123	1.230E-04
4.430E+00	4.440E+00	113	1.130E-04
4.440E+00	4.450E+00	112	1.120E-04
4.450E+00	4.460E+00	117	1.170E-04
4.460E+00	4.470E+00	121	1.210E-04
4.470E+00	4.480E+00	100	1.000E-04
4.480E+00	4.490E+00	96	9.600E-05
4.490E+00	4.500E+00	109	1.090E-04
4.500E+00	4.510E+00	111	1.110E-04
4.510E+00	4.520E+00	100	1.000E-04
4.520E+00	4.530E+00	94	9.400E-05
4.530E+00	4.540E+00	116	1.160E-04
4.540E+00	4.550E+00	98	9.800E-05
4.550E+00	4.560E+00	115	1.150E-04
4.560E+00	4.570E+00	102	1.020E-04
4.570E+00	4.580E+00	101	1.010E-04
4.580E+00	4.590E+00	108	1.080E-04
4.590E+00	4.600E+00	80	8.000E-05
4.600E+00	4.610E+00	109	1.090E-04
4.610E+00	4.620E+00	96	9.600E-05
4.620E+00	4.630E+00	105	1.050E-04
4.630E+00	4.640E+00	100	1.000E-04
4.640E+00	4.650E+00	92	9.200E-05
4.650E+00	4.660E+00	99	9.900E-05
4.660E+00	4.670E+00	90	9.000E-05
4.670E+00	4.680E+00	89	8.900E-05
4.680E+00	4.690E+00	103	1.030E-04
4.690E+00	4.700E+00	101	1.010E-04
4.700E+00	4.710E+00	99	9.900E-05
4.710E+00	4.720E+00	95	9.500E-05
4.720E+00	4.730E+00	82	8.200E-05
4.730E+00	4.740E+00	77	7.700E-05
4.740E+00	4.750E+00	93	9.300E-05
4.750E+00	4.760E+00	91	9.100E-05
4.760E+00	4.770E+00	78	7.800E-05
4.770E+00	4.780E+00	105	1.050E-04
4.780E+00	4.790E+00	100	1.000E-04
4.790E+00	4.800E+00	70	7.000E-05
4.800E+00	4.810E+00	83	8.300E-05
4.810E+00	4.820E+00	84	8.400E-05
4.820E+00	4.830E+00	82	8.200E-05
4.830E+00	4.840E+00	62	6.200E-05
4.840E+00	4.850E+00	102	1.020E-04
4.850E+00	4.860E+00	74	7.400E-05
4.860E+00	4.870E+00	77	7.700E-05
4.870E+00	4.880E+00	87	8.700E-05
4.880E+00	4.890E+00	75	7.500E-05
4.890E+00	4.900E+00	74	7.400E-05
4.900E+00	4.910E+00	67	6.700E-05
4.910E+00	4.920E+00	67	6.700E-05
4.920E+00	4.930E+00	69	6.900E-05
4.930E+00	4.940E+00	70	7.000E-05
4.940E+00	4.950E+00	67	6.700E-05
4.950E+00	4.960E+00	71	7.100E-05
4.960E+00	4.970E+00	67	6.700E-05
4.970E+00	4.980E+00	57	5.700E-05
4.980E+00	4.990E+00	68	6.800E-05
4.990E+00	5.000E+00	65	6.500E-05
5.000E+00	5.010E+00	74	7.400E-05
5.010E+00	5.020E+00	67	6.700E-05
5.020E+00	5.030E+00	74	7.400E-05
5.030E+00	5.040E+00	62	6.200E-05
5.040E+00	5.050E+00	66	6.600E-05
5.050E+00	5.060E+00	78	7.800E-05
5.060E+00	5.070E+00	78	7.800E-05
5.070E+00	5.080E+00	65	6.500E-05
5.080E+00	5.090E+00	57	5.700E-05
5.090E+00	5.100E+00	69	6.900E-05
5.100E+00	5.110E+00	69	6.900E-05
5.110E+00	5.120E+00	49	4.900E-05
5.120E+00	5.130E+00	72	7.200E-05
5.130E+00	5.140E+00	69	6.900E-05
5.140E+00	5.150E+00	47	4.700E-05
5.150E+00	5.160E+00	54	5.400E-05
5.160E+00	5.170E+00	55	5.500E-05
5.170E+00	5.180E+00	50	5.000E-05
5.180E+00	5.190E+00	60	6.000E-05
5.190E+00	5.200E+00	63	6.300E-05
5.200E+00	5.210E+00	47	4.700E-05
5.210E+00	5.220E+00	54	5.400E-05
5.220E+00	5.230E+00	52	5.200E-05
5.230E+00	5.240E+00	48	4.800E-05
5.240E+00	5.250E+00	63	6.300E-05
5.250E+00	5.260E+00	60	6.000E-05
5.260E+00	5.270E+00	53	5.300E-05
5.270E+00	5.280E+00	56	5.600E-05
5.280E+00	5.290E+00	61	6.100E-05
5.290E+00	5.300E+00	55	5.500E-05
5.300E+00	5.310E+00	53	5.300E-05
5.310E+00	5.320E+00	49	4.900E-05
5.320E+00	5.330E+00	42	4.200E-05
5.330E+00	5.340E+00	45	4.500E-05
5.340E+00	5.350E+00	48	4.800E-05
5.350E+00	5.360E+00	54	5.400E-05
5.360E+00	5.370E+00	45	4.500E-05
5.370E+00	5.380E+00	51	5.100E-05
5.380E+00	5.390E+00	39	3.900E-05
5.390E+00	5.400E+00	52	5.200E-05
5.400E+00	5.410E+00	41	4.100E-05
5.410E+00	5.420E+00	48	4.800E-05
5.420E+00	5.430E+00	34	3.400E-05
5.430E+00	5.440E+00	42	4.200E-05
5.440E+00	5.450E+00	48	4.800E-05
5.450E+00	5.460E+00	30	3.000E-05
5.460E+00	5.470E+00	52	5.200E-05
5.470E+00	5.480E+00	36	3.600E-05
5.480E+00	5.490E+00	47	4.700E-05
5.490E+00	5.500E+00	40	4.000E-05
5.500E+00	5.510E+00	30	3.000E-05
5.510E+00	5.520E+00	44	4.400E-05
5.520E+00	5.530E+00	40	4.000E-05
5.530E+00	5.540E+00	49	4.900E-05
5.540E+00	5.550E+00	44	4.400E-05
5.550E+00	5.560E+00	49	4.900E-05
5.560E+00	5.570E+00	41	4.100E-05
5.570E+00	5.580E+00	36	3.600E-05
5.580E+00	5.590E+00	47	4.700E-05
5.590E+00	5.600E+00	36	3.600E-05
5.600E+00	5.610E+00	33	3.300E-05
5.610E+00	5.620E+00	39	3.900E-05
5.620E+00	5.630E+00	31	3.100E-05
5.630E+00	5.640E+00	40	4.000E-05
5.640E+00	5.650E+00	30	3.000E-05
5.650E+00	5.660E+00	25	2.500E-05
5.660E+00	5.670E+00	35	3.500E-05
5.670E+00	5.680E+00	34	3.400E-05
5.680E+00	5.690E+00	29	2.900E-05
5.690E+00	5.700E+00	45	4.500E-05
5.700E+00	5.710E+00	24	2.400E-05
5.710E+00	5.720E+00	47	4.700E-05
5.720E+00	5.730E+00	34	3.400E-05
5.730E+00	5.740E+00	30	3.000E-05
5.740E+00	5.750E+00	36	3.600E-05
5.750E+00	5.760E+00	35	3.500E-05
5.760E+00	5.770E+00	33	3.300E-05
5.770E+00	5.780E+00	27	2.700E-05
5.780E+00	5.790E+00	37	3.700E-05
5.790E+00	5.800E+00	32	3.200E-05
5.800E+00	5.810E+00	29	2.900E-05
5.810E+00	5.820E+00	35	3.500E-05
5.820E+00	5.830E+00	31	3.100E-05
5.830E+00	5.840E+00	26	2.600E-05
5.840E+00	5.850E+00	17	1.700E-05
5.850E+00	5.860E+00	28	2.800E-05
5.860E+00	5.870E+00	21	2.100E-05
5.870E+00	5.880E+00	28	2.800E-05
5.880E+00	5.890E+00	21	2.100E-05
5.890E+00	5.900E+00	28	2.800E-05
5.900E+00	5.910E+00	30	3.000E-05
5.910E+00	5.920E+00	37	3.700E-05
5.920E+00	5.930E+00	17	1.700E-05
5.930E+00	5.940E+00	29	2.900E-05
5.940E+00	5.950E+00	24	2.400E-05
5.950E+00	5.960E+00	23	2.300E-05
5.960E+00	5.970E+00	28	2.800E-05
5.970E+00	5.980E+00	20	2.000E-05
5.980E+00	5.990E+00	23	2.300E-05
5.990E+00	6.000E+00	30	3.000E-05
6.000E+00	6.010E+00	18	1.800E-05
6.010E+00	6.020E+00	20	2.000E-05
6.020E+00	6.030E+00	30	3.000E-05
6.030E+00	6.040E+00	16	1.600E-05
6.040E+00	6.050E+00	14	1.400E-05
6.050E+00	6.060E+00	29	2.900E-05
6.060E+00	6.070E+00	29	2.900E-05
6.070E+00	6.080E+00	29	2.900E-05
6.080E+00	6.090E+00	17	1.700E-05
6.090E+00	6.100E+00	12	1.200E-05
6.100E+00	6.110E+00	19	1.900E-05
6.110E+00	6.120E+00	23	2.300E-05
6.120E+00	6.130E+00	20	2.000E-05
6.130E+00	6.140E+00	29	2.900E-05
6.140E+00	6.150E+00	30	3.000E-05
6.150E+00	6.160E+00	21	2.100E-05
6.160E+00	6.170E+00	22	2.200E-05
6.170E+00	6.180E+00	24	2.400E-05
6.180E+00	6.190E+00	26	2.600E-05
6.190E+00	6.200E+00	16	1.600E-05
6.200E+00	6.210E+00	13	1.300E-05
6.210E+00	6.220E+00	22	2.200E-05
6.220E+00	6.230E+00	20	2.000E-05
6.230E+00	6.240E+00	21	2.100E-05
6.240E+00	6.250E+00	15	1.500E-05
6.250E+00	6.260E+00	17	1.700E-05
6.260E+00	6.270E+00	19	1.900E-05
6.270E+00	6.280E+00	22	2.200E-05
6.280E+00	6.290E+00	14	1.400E-05
6.290E+00	6.300E+00	20	2.000E-05
6.300E+00	6.310E+00	20	2.000E-05
6.310E+00	6.320E+00	23	2.300E-05
6.320E+00	6.330E+00	27	2.700E-05
6.330E+00	6.340E+00	20	2.000E-05
6.340E+00	6.350E+00	20	2.000E-05
6.350E+00	6.360E+00	20	2.000E-05
6.360E+00	6.370E+00	23	2.300E-05
6.370E+00	6.380E+00	22	2.200E-05
6.380E+00	6.390E+00	18	1.800E-05
6.390E+00	6.400E+00	6	6.000E-06
6.400E+00	6.410E+00	19	1.900E-05
6.410E+00	6.420E+00	17	1.700E-05
6.420E+00	6.430E+00	16	1.600E-05
6.430E+00	6.440E+00	20	2.000E-05
6.440E+00	6.450E+00	14	1.400E-05
6.450E+00	6.460E+00	17	1.700E-05
6.460E+00	6.470E+00	23	2.300E-05
6.470E+00	6.480E+00	19	1.900E-05
6.480E+00	6.490E+00	14	1.400E-05
6.490E+00	6.500E+00	15	1.500E-05
6.500E+00	6.510E+00	12	1.200E-05
6.510E+00	6.520E+00	16	1.600E-05
6.520E+00	6.530E+00	12	1.200E-05
6.530E+00	6.540E+00	16	1.600E-05
6.540E+00	6.550E+00	16	1.600E-05
6.550E+00	6.560E+00	12	1.200E-05
6.560E+00	6.570E+00	12	1.200E-05
6.570E+00	6.580E+00	6	6.000E-06
6.580E+00	6.590E+00	12	1.200E-05
6.590E+00	6.600E+00	17	1.700E-05
6.600E+00	6.610E+00	15	1.500E-05
6.610E+00	6.620E+00	10	1.000E-05
6.620E+00	6.630E+00	17	1.700E-05
6.630E+00	6.640E+00	13	1.300E-05
6.640E+00	6.650E+00	16	1.600E-05
6.650E+00	6.660E+00	11	1.100E-05
6.660E+00	6.670E+00	10	1.000E-05
6.670E+00	6.680E+00	11	1.100E-05
6.680E+00	6.690E+00	6	6.000E-06
6.690E+00	6.700E+00	11	1.100E-05
6.700E+00	6.710E+00	6	6.000E-06
6.710E+00	6.720E+00	14	1.400E-05
6.720E+00	6.730E+00	18	1.800E-05
6.730E+00	6.740E+00	15	1.500E-05
6.740E+00	6.750E+00	14	1.400E-05
6.750E+00	6.760E+00	17	1.700E-05
6.760E+00	6.770E+00	4	4.000E-06
6.770E+00	6.780E+00	9	9.000E-06
6.780E+00	6.790E+00	12	1.200E-05
6.790E+00	6.800E+00	10	1.000E-05
6.800E+00	6.810E+00	10	1.000E-05
6.810E+00	6.820E+00	12	1.200E-05
6.820E+00	6.830E+00	8	8.000E-06
6.830E+00	6.840E+00	12	1.200E-05
6.840E+00	6.850E+00	6	6.000E-06
6.850E+00	6.860E+00	5	5.000E-06
6.860E+00	6.870E+00	9	9.000E-06
6.870E+00	6.880E+00	9	9.000E-06
6.880E+00	6.890E+00	11	1.100E-05
6.890E+00	6.900E+00	15	1.500E-05
6.900E+00	6.910E+00	12	1.200E-05
6.910E+00	6.920E+00	2	2.000E-06
6.920E+00	6.930E+00	9	9.000E-06
6.930E+00	6.940E+00	7	7.000E-06
6.940E+00	6.950E+00	5	5.000E-06
6.950E+00	6.960E+00	10	1.000E-05
6.960E+00	6.970E+00	11	1.100E-05
6.970E+00	6.980E+00	6	6.000E-06
6.980E+00	6.990E+00	9	9.000E-06
6.990E+00	7.000E+00	7	7.000E-06
7.000E+00	7.010E+00	10	1.000E-05
7.010E+00	7.020E+00	7	7.000E-06
7.020E+00	7.030E+00	9	9.000E-06
7.030E+00	7.040E+00	6	6.000E-06
7.040E+00	7.050E+00	7	7.000E-06
7.050E+00	7.060E+00	9	9.000E-06
7.060E+00	7.070E+00	7	7.000E-06
7.070E+00	7.080E+00	13	1.300E-05
7.080E+00	7.090E+00	10	1.000E-05
7.090E+00	7.100E+00	4	4.000E-06
7.100E+00	7.110E+00	6	6.000E-06
7.110E+00	7.120E+00	5	5.000E-06
7.120E+00	7.130E+00	10	1.000E-05
7.130E+00	7.140E+00	6	6.000E-06
7.140E+00	7.150E+00	4	4.000E-06
7.150E+00	7.160E+00	7	7.000E-06
7.160E+00	7.170E+00	11	1.100E-05
7.170E+00	7.180E+00	12	1.200E-05
7.180E+00	7.190E+00	9	9.000E-06
7.190E+00	7.200E+00	3	3.000E-06
7.200E+00	7.210E+00	6	6.000E-06
7.210E+00	7.220E+00	4	4.000E-06
7.220E+00	7.230E+00	10	1.000E-05
7.230E+00	7.240E+00	10	1.000E-05
7.240E+00	7.250E+00	8	8.000E-06
7.250E+00	7.260E+00	9	9.000E-06
7.260E+00	7.270E+00	3	3.000E-06
7.270E+00	7.280E+00	8	8.000E-06
7.280E+00	7.290E+00	6	6.000E-06
7.290E+00	7.300E+00	6	6.000E-06
7.300E+00	7.310E+00	7	7.000E-06
7.310E+00	7.320E+00	6	6.000E-06
7.320E+00	7.330E+00	3	3.000E-06
7.330E+00	7.340E+00	7	7.000E-06
7.340E+00	7.350E+00	6	6.000E-06
7.350E+00	7.360E+00	9	9.000E-06
7.360E+00	7.370E+00	5	5.000E-06
7.370E+00	7.380E+00	9	9.000E-06
7.380E+00	7.390E+00	9	9.000E-06
7.390E+00	7.400E+00	11	1.100E-05
7.400E+00	7.410E+00	11	1.100E-05
7.410E+00	7.420E+00	6	6.000E-06
7.420E+00	7.430E+00	7	7.000E-06
7.430E+00	7.440E+00	7	7.000E-06
7.440E+00	7.450E+00	7	7.000E-06
7.450E+00	7.460E+00	7	7.000E-06
7.460E+00	7.470E+00	6	6.000E-06
7.470E+00	7.480E+00	5	5.000E-06
7.480E+00	7.490E+00	6	6.000E-06
7.490E+00	7.500E+00	4	4.000E-06
7.500E+00	7.510E+00	11	1.100E-05
7.510E+00	7.520E+00	5	5.000E-06
7.520E+00	7.530E+00	4	4.000E-06
7.530E+00	7.540E+00	2	2.000E-06
7.540E+00	7.550E+00	0	0.000E+00
7.550E+00	7.560E+00	2	2.000E-06
7.560E+00	7.570E+00	5	5.000E-06
7.570E+00	7.580E+00	4	4.000E-06
7.580E+00	7.590E+00	7	7.000E-06
7.590E+00	7.600E+00	7	7.000E-06
7.600E+00	7.610E+00	6	6.000E-06
7.610E+00	7.620E+00	6	6.000E-06
7.620E+00	7.630E+00	0	0.000E+00
7.630E+00	7.640E+00	4	4.000E-06
7.640E+00	7.650E+00	1	1.000E-06
7.650E+00	7.660E+00	5	5.000E-06
7.660E+00	7.670E+00	6	6.000E-06
7.670E+00	7.680E+00	7	7.000E-06
7.680E+00	7.690E+00	2	2.000E-06
7.690E+00	7.700E+00	11	1.100E-05
7.700E+00	7.710E+00	3	3.000E-06
7.710E+00	7.720E+00	5	5.000E-06
7.720E+00	7.730E+00	4	4.000E-06
7.730E+00	7.740E+00	5	5.000E-06
7.740E+00	7.750E+00	4	4.000E-06
7.750E+00	7.760E+00	3	3.000E-06
7.760E+00	7.770E+00	1	1.000E-06
7.770E+00	7.780E+00	2	2.000E-06
7.780E+00	7.790E+00	6	6.000E-06
7.790E+00	7.800E+00	1	1.000E-06
7.800E+00	7.810E+00	2	2.000E-06
7.810E+00	7.820E+00	6	6.000E-06
7.820E+00	7.830E+00	4	4.000E-06
7.830E+00	7.840E+00	2	2.000E-06
7.840E+00	7.850E+00	4	4.000E-06
7.850E+00	7.860E+00	4	4.000E-06
7.860E+00	7.870E+00	5	5.000E-06
7.870E+00	7.880E+00	4	4.000E-06
7.880E+00	7.890E+00	4	4.000E-06
7.890E+00	7.900E+00	1	1.000E-06
7.900E+00	7.910E+00	3	3.000E-06
7.910E+00	7.920E+00	2	2.000E-06
7.920E+00	7.930E+00	2	2.000E-06
7.930E+00	7.940E+00	1	1.000E-06
7.940E+00	7.950E+00	5	5.000E-06
7.950E+00	7.960E+00	1	1.000E-06
7.960E+00	7.970E+00	2	2.000E-06
7.970E+00	7.980E+00	3	3.000E-06
7.980E+00	7.990E+00	5	5.000E-06
7.990E+00	8.000E+00	3	3.000E-06
8.000E+00	8.010E+00	4	4.000E-06
8.010E+00	8.020E+00	1	1.000E-06
8.020E+00	8.030E+00	2	2.000E-06
8.030E+00	8.040E+00	5	5.000E-06
8.040E+00	8.050E+00	6	6.000E-06
8.050E+00	8.060E+00	4	4.000E-06
8.060E+00	8.070E+00	3	3.000E-06
8.070E+00	8.080E+00	4	4.000E-06
8.080E+00	8.090E+00	8	8.000E-06
8.090E+00	8.100E+00	6	6.000E-06
8.100E+00	8.110E+00	4	4.000E-06
8.110E+00	8.120E+00	4	4.000E-06
8.120E+00	8.130E+00	2	2.000E-06
8.130E+00	8.140E+00	0	0.000E+00
8.140E+00	8.150E+00	5	5.000E-06
8.150E+00	8.160E+00	1	1.000E-06
8.160E+00	8.170E+00	2	2.000E-06
8.170E+00	8.180E+00	3	3.000E-06
8.180E+00	8.190E+00	5	5.000E-06
8.190E+00	8.200E+00	5	5.000E-06
8.200E+00	8.210E+00	7	7.000E-06
8.210E+00	8.220E+00	2	2.000E-06
8.220E+00	8.230E+00	1	1.000E-06
8.230E+00	8.240E+00	2	2.000E-06
8.240E+00	8.250E+00	4	4.000E-06
8.250E+00	8.260E+00	2	2.000E-06
8.260E+00	8.270E+00	2	2.000E-06
8.270E+00	8.280E+00	4	4.000E-06
8.280E+00	8.290E+00	4	4.000E-06
8.290E+00	8.300E+00	5	5.000E-06
8.300E+00	8.310E+00	1	1.000E-06
8.310E+00	8.320E+00	4	4.000E-06
8.320E+00	8.330E+00	3	3.000E-06
8.330E+00	8.340E+00	2	2.000E-06
8.340E+00	8.350E+00	3	3.000E-06
8.350E+00	8.360E+00	3	3.000E-06
8.360E+00	8.370E+00	4	4.000E-06
8.370E+00	8.380E+00	2	2.000E-06
8.380E+00	8.390E+00	2	2.000E-06
8.390E+00	8.400E+00	1	1.000E-06
8.400E+00	8.410E+00	4	4.000E-06
8.410E+00	8.420E+00	1	1.000E-06
8.420E+00	8.430E+00	4	4.000E-06
8.430E+00	8.440E+00	6	6.000E-06
8.440E+00	8.450E+00	2	2.000E-06
8.450E+00	8.460E+00	4	4.000E-06
8.460E+00	8.470E+00	0	0.000E+00
8.470E+00	8.480E+00	3	3.000E-06
8.480E+00	8.490E+00	3	3.000E-06
8.490E+00	8.500E+00	2	2.000E-06
8.500E+00	8.510E+00	2	2.000E-06
8.510E+00	8.520E+00	2	2.000E-06
8.520E+00	8.530E+00	0	0.000E+00
8.530E+00	8.540E+00	3	3.000E-06
8.540E+00	8.550E+00	3	3.000E-06
8.550E+00	8.560E+00	3	3.000E-06
8.560E+00	8.570E+00	1	1.000E-06
8.570E+00	8.580E+00	3	3.000E-06
8.580E+00	8.590E+00	5	5.000E-06
8.590E+00	8.600E+00	3	3.000E-06
8.600E+00	8.610E+00	3	3.000E-06
8.610E+00	8.620E+00	0	0.000E+00
8.620E+00	8.630E+00	0	0.000E+00
8.630E+00	8.640E+00	1	1.000E-06
8.640E+00	8.650E+00	3	3.000E-06
8.650E+00	8.660E+00	0	0.000E+00
8.660E+00	8.670E+00	2	2.000E-06
8.670E+00	8.680E+00	0	0.000E+00
8.680E+00	8.690E+00	3	3.000E-06
8.690E+00	8.700E+00	1	1.000E-06
8.700E+00	8.710E+00	2	2.000E-06
8.710E+00	8.720E+00	0	0.000E+00
8.720E+00	8.730E+00	4	4.000E-06
8.730E+00	8.740E+00	1	1.000E-06
8.740E+00	8.750E+00	2	2.000E-06
8.750E+00	8.760E+00	2	2.000E-06
8.760E+00	8.770E+00	0	0.000E+00
8.770E+00	8.780E+00	3	3.000E-06
8.780E+00	8.790E+00	4	4.000E-06
8.790E+00	8.800E+00	0	0.000E+00
8.800E+00	8.810E+00	1	1.000E-06
8.810E+00	8.820E+00	1	1.000E-06
8.820E+00	8.830E+00	0	0.000E+00
8.830E+00	8.840E+00	1	1.000E-06
8.840E+00	8.850E+00	3	3.000E-06
8.850E+00	8.860E+00	1	1.000E-06
8.860E+00	8.870E+00	2	2.000E-06
8.870E+00	8.880E+00	0	0.000E+00
8.880E+00	8.890E+00	0	0.000E+00
8.890E+00	8.900E+00	1	1.000E-06
8.900E+00	8.910E+00	2	2.000E-06
8.910E+00	8.920E+00	3	3.000E-06
8.920E+00	8.930E+00	3	3.000E-06
8.930E+00	8.940E+00	1	1.000E-06
8.940E+00	8.950E+00	0	0.000E+00
8.950E+00	8.960E+00	0	0.000E+00
8.960E+00	8.970E+00	1	1.000E-06
8.970E+00	8.980E+00	2	2.000E-06
8.980E+00	8.990E+00	2	2.000E-06
8.990E+00	9.000E+00	1	1.000E-06
9.000E+00	9.010E+00	1	1.000E-06
9.010E+00	9.020E+00	2	2.000E-06
9.020E+00	9.030E+00	2	2.000E-06
9.030E+00	9.040E+00	1	1.000E-06
9.040E+00	9.050E+00	3	3.000E-06
9.050E+00	9.060E+00	2	2.000E-06
9.060E+00	9.070E+00	2	2.000E-06
9.070E+00	9.080E+00	1	1.000E-06
9.080E+00	9.090E+00	1	1.000E-06
9.090E+00	9.100E+00	2	2.000E-06
9.100E+00	9.110E+00	0	0.000E+00
9.110E+00	9.120E+00	1	1.000E-06
9.120E+00	9.130E+00	0	0.000E+00
9.130E+00	9.140E+00	1	1.000E-06
9.140E+00	9.150E+00	0	0.000E+00
9.150E+00	9.160E+00	1	1.000E-06
9.160E+00	9.170E+00	1	1.000E-06
9.170E+00	9.180E+00	2	2.000E-06
9.180E+00	9.190E+00	0	0.000E+00
9.190E+00	9.200E+00	0	0.000E+00
9.200E+00	9.210E+00	2	2.000E-06
9.210E+00	9.220E+00	2	2.000E-06
9.220E+00	9.230E+00	2	2.000E-06
9.230E+00	9.240E+00	0	0.000E+00
9.240E+00	9.250E+00	0	0.000E+00
9.250E+00	9.260E+00	0	0.000E+00
9.260E+00	9.270E+00	1	1.000E-06
9.270E+00	9.280E+00	0	0.000E+00
9.280E+00	9.290E+00	0	0.000E+00
9.290E+00	9.300E+00	1	1.000E-06
9.300E+00	9.310E+00	0	0.000E+00
9.310E+00	9.320E+00	3	3.000E-06
9.320E+00	9.330E+00	0	0.000E+00
9.330E+00	9.340E+00	0	0.000E+00
9.340E+00	9.350E+00	3	3.000E-06
9.350E+00	9.360E+00	0	0.000E+00
9.360E+00	9.370E+00	2	2.000E-06
9.370E+00	9.380E+00	1	1.000E-06
9.380E+00	9.390E+00	0	0.000E+00
9.390E+00	9.400E+00	1	1.000E-06
9.400E+00	9.410E+00	0	0.000E+00
9.410E+00	9.420E+00	3	3.000E-06
9.420E+00	9.430E+00	1	1.000E-06
9.430E+00	9.440E+00	2	2.000E-06
9.440E+00	9.450E+00	0	0.000E+00
9.450E+00	9.460E+00	1	1.000E-06
9.460E+00	9.470E+00	1	1.000E-06
9.470E+00	9.480E+00	0	0.000E+00
9.480E+00	9.490E+00	1	1.000E-06
9.490E+00	9.500E+00	0	0.000E+00
9.500E+00	9.510E+00	1	1.000E-06
9.510E+00	9.520E+00	1	1.000E-06
9.520E+00	9.530E+00	2	2.000E-06
9.530E+00	9.540E+00	1	1.000E-06
9.540E+00	9.550E+00	0	0.000E+00
9.550E+00	9.560E+00	0	0.000E+00
9.560E+00	9.570E+00	1	1.000E-06
9.570E+00	9.580E+00	2	2.000E-06
9.580E+00	9.590E+00	2	2.000E-06
9.590E+00	9.600E+00	1	1.000E-06
9.600E+00	9.610E+00	0	0.000E+00
9.610E+00	9.620E+00	0	0.000E+00
9.620E+00	9.630E+00	0	0.000E+00
9.630E+00	9.640E+00	0	0.000E+00
9.640E+00	9.650E+00	0	0.000E+00
9.650E+00	9.660E+00	0	0.000E+00
9.660E+00	9.670E+00	0	0.000E+00
9.670E+00	9.680E+00	2	2.000E-06
9.680E+00	9.690E+00	0	0.000E+00
9.690E+00	9.700E+00	2	2.000E-06
9.700E+00	9.710E+00	0	0.000E+00
9.710E+00	9.720E+00	0	0.000E+00
9.720E+00	9.730E+00	1	1.000E-06
9.730E+00	9.740E+00	0	0.000E+00
9.740E+00	9.750E+00	1	1.000E-06
9.750E+00	9.760E+00	1	1.000E-06
9.760E+00	9.770E+00	1	1.000E-06
9.770E+00	9.780E+00	0	0.000E+00
9.780E+00	9.790E+00	0	0.000E+00
9.790E+00	9.800E+00	2	2.000E-06
9.800E+00	9.810E+00	0	0.000E+00
9.810E+00	9.820E+00	2	2.000E-06
9.820E+00	9.830E+00	0	0.000E+00
9.830E+00	9.840E+00	1	1.000E-06
9.840E+00	9.850E+00	1	1.000E-06
9.850E+00	9.860E+00	0	0.000E+00
9.860E+00	9.870E+00	0	0.000E+00
9.870E+00	9.880E+00	0	0.000E+00
9.880E+00	9.890E+00	0	0.000E+00
9.890E+00	9.900E+00	1	1.000E-06
9.900E+00	9.910E+00	1	1.000E-06
9.910E+00	9.920E+00	0	0.000E+00
9.920E+00	9.930E+00	0	0.000E+00
9.930E+00	9.940E+00	0	0.000E+00
9.940E+00	9.950E+00	1	1.000E-06
9.950E+00	9.960E+00	0	0.000E+00
9.960E+00	9.970E+00	0	0.000E+00
9.970E+00	9.980E+00	1	1.000E-06
9.980E+00	9.990E+00	0	0.000E+00
9.990E+00	1.000E+01	0	0.000E+00
1.000E+01	1.001E+01	2	2.000E-06
1.001E+01	1.002E+01	0	0.000E+00
1.002E+01	1.003E+01	3	3.000E-06
1.003E+01	1.004E+01	0	0.000E+00
1.004E+01	1.005E+01	0	0.000E+00
1.005E+01	1.006E+01	2	2.000E-06
1.006E+01	1.007E+01	3	3.000E-06
1.007E+01	1.008E+01	1	1.000E-06
1.008E+01	1.009E+01	0	0.000E+00
1.009E+01	1.010E+01	1	1.000E-06
1.010E+01	1.011E+01	0	0.000E+00
1.011E+01	1.012E+01	0	0.000E+00
1.012E+01	1.013E+01	0	0.000E+00
1.013E+01	1.014E+01	1	1.000E-06
1.014E+01	1.015E+01	1	1.000E-06
1.015E+01	1.016E+01	0	0.000E+00
1.016E+01	1.017E+01	0	0.000E+00
1.017E+01	1.018E+01	0	0.000E+00
1.018E+01	1.019E+01	0	0.000E+00
1.019E+01	1.020E+01	1	1.000E-06
1.020E+01	1.021E+01	1	1.000E-06
1.021E+01	1.022E+01	1	1.000E-06
1.022E+01	1.023E+01	1	1.000E-06
1.023E+01	1.024E+01	0	0.000E+00
1.024E+01	1.025E+01	0	0.000E+00
1.025E+01	1.026E+01	0	0.000E+00
1.026E+01	1.027E+01	1	1.000E-06
1.027E+01	1.028E+01	0	0.000E+00
1.028E+01	1.029E+01	0	0.000E+00
1.029E+01	1.030E+01	2	2.000E-06
1.030E+01	1.031E+01	0	0.000E+00
1.031E+01	1.032E+01	0	0.000E+00
1.032E+01	1.033E+01	0	0.000E+00
1.033E+01	1.034E+01	0	0.000E+00
1.034E+01	1.035E+01	0	0.000E+00
1.035E+01	1.036E+01	0	0.000E+00
1.036E+01	1.037E+01	0	0.000E+00
1.037E+01	1.038E+01	0	0.000E+00
1.038E+01	1.039E+01	0	0.000E+00
1.039E+01	1.040E+01	0	0.000E+00
1.040E+01	1.041E+01	0	0.000E+00
1.041E+01	1.042E+01	0	0.000E+00
1.042E+01	1.043E+01	0	0.000E+00
1.043E+01	1.044E+01	0	0.000E+00
1.044E+01	1.045E+01	0	0.000E+00
1.045E+01	1.046E+01	0	0.000E+00
1.046E+01	1.047E+01	0	0.000E+00
1.047E+01	1.048E+01	0	0.000E+00
1.048E+01	1.049E+01	1	1.000E-06
1.049E+01	1.050E+01	0	0.000E+00
1.050E+01	1.051E+01	0	0.000E+00
1.051E+01	1.052E+01	0	0.000E+00
1.052E+01	1.053E+01	1	1.000E-06
1.053E+01	1.054E+01	0	0.000E+00
1.054E+01	1.055E+01	0	0.000E+00
1.055E+01	1.056E+01	0	0.000E+00
1.056E+01	1.057E+01	0	0.000E+00
1.057E+01	1.058E+01	0	0.000E+00
1.058E+01	1.059E+01	0	0.000E+00
1.059E+01	1.060E+01	0	0.000E+00
1.060E+01	1.061E+01	1	1.000E-06
1.061E+01	1.062E+01	0	0.000E+00
1.062E+01	1.063E+01	0	0.000E+00
1.063E+01	1.064E+01	0	0.000E+00
1.064E+01	1.065E+01	1	1.000E-06
1.065E+01	1.066E+01	0	0.000E+00
1.066E+01	1.067E+01	0	0.000E+00
1.067E+01	1.068E+01	0	0.000E+00
1.068E+01	1.069E+01	1	1.000E-06
1.069E+01	1.070E+01	0	0.000E+00
1.070E+01	1.071E+01	0	0.000E+00
1.071E+01	1.072E+01	0	0.000E+00
1.072E+01	1.073E+01	0	0.000E+00
1.073E+01	1.074E+01	0	0.000E+00
1.074E+01	1.075E+01	0	0.000E+00
1.075E+01	1.076E+01	1	1.000E-06
1.076E+01	1.077E+01	0	0.000E+00
1.077E+01	1.078E+01	0	0.000E+00
1.078E+01	1.079E+01	0	0.000E+00
1.079E+01	1.080E+01	0	0.000E+00
1.080E+01	1.081E+01	1	1.000E-06
1.081E+01	1.082E+01	0	0.000E+00
1.082E+01	1.083E+01	0	0.000E+00
1.083E+01	1.084E+01	0	0.000E+00
1.084E+01	1.085E+01	0	0.000E+00
1.085E+01	1.086E+01	1	1.000E-06
1.086E+01	1.087E+01	0	0.000E+00
1.087E+01	1.088E+01	0	0.000E+00
1.088E+01	1.089E+01	1	1.000E-06
1.089E+01	1.090E+01	0	0.000E+00
1.090E+01	1.091E+01	1	1.000E-06
1.091E+01	1.092E+01	0	0.000E+00
1.092E+01	1.093E+01	0	0.000E+00
1.093E+01	1.094E+01	0	0.000E+00
1.094E+01	1.095E+01	0	0.000E+00
1.095E+01	1.096E+01	0	0.000E+00
1.096E+01	1.097E+01	0	0.000E+00
1.097E+01	1.098E+01	0	0.000E+00
1.098E+01	1.099E+01	0	0.000E+00
1.099E+01	1.100E+01	0	0.000E+00
1.100E+01	1.101E+01	0	0.000E+00
1.101E+01	1.102E+01	0	0.000E+00
1.102E+01	1.103E+01	0	0.000E+00
1.103E+01	1.104E+01	2	2.000E-06
1.104E+01	1.105E+01	0	0.000E+00
1.105E+01	1.106E+01	0	0.000E+00
1.106E+01	1.107E+01	1	1.000E-06
1.107E+01	1.108E+01	0	0.000E+00
1.108E+01	1.109E+01	0	0.000E+00
1.109E+01	1.110E+01	0	0.000E+00
1.110E+01	1.111E+01	0	0.000E+00
1.111E+01	1.112E+01	0	0.000E+00
1.112E+01	1.113E+01	0	0.000E+00
1.113E+01	1.114E+01	0	0.000E+00
1.114E+01	1.115E+01	0	0.000E+00
1.115E+01	1.116E+01	0	0.000E+00
1.116E+01	1.117E+01	0	0.000E+00
1.117E+01	1.118E+01	0	0.000E+00
1.118E+01	1.119E+01	0	0.000E+00
1.119E+01	1.120E+01	0	0.000E+00
1.120E+01	1.121E+01	0	0.000E+00
1.121E+01	1.122E+01	0	0.000E+00
1.122E+01	1.123E+01	0	0.000E+00
1.123E+01	1.124E+01	1	1.000E-06
1.124E+01	1.125E+01	0	0.000E+00
1.125E+01	1.126E+01	0	0.000E+00
1.126E+01	1.127E+01	0	0.000E+00
1.127E+01	1.128E+01	0	0.000E+00
1.128E+01	1.129E+01	0	0.000E+00
1.129E+01	1.130E+01	0	0.000E+00
1.130E+01	1.131E+01	0	0.000E+00
1.131E+01	1.132E+01	0	0.000E+00
1.132E+01	1.133E+01	0	0.000E+00
1.133E+01	1.134E+01	0	0.000E+00
1.134E+01	1.135E+01	0	0.000E+00
1.135E+01	1.136E+01	0	0.000E+00
1.136E+01	1.137E+01	0	0.000E+00
1.137E+01	1.138E+01	0	0.000E+00
1.138E+01	1.139E+01	1	1.000E-06
1.139E+01	1.140E+01	0	0.000E+00
1.140E+01	1.141E+01	0	0.000E+00
1.141E+01	1.142E+01	0	0.000E+00
1.142E+01	1.143E+01	1	1.000E-06
1.143E+01	1.144E+01	0	0.000E+00
1.144E+01	1.145E+01	0	0.000E+00
1.145E+01	1.146E+01	0	0.000E+00
1.146E+01	1.147E+01	0	0.000E+00
1.147E+01	1.148E+01	0	0.000E+00
1.148E+01	1.149E+01	0	0.000E+00
1.149E+01	1.150E+01	0	0.000E+00
1.150E+01	1.151E+01	0	0.000E+00
1.151E+01	1.152E+01	0	0.000E+00
1.152E+01	1.153E+01	0	0.000E+00
1.153E+01	1.154E+01	0	0.000E+00
1.154E+01	1.155E+01	1	1.000E-06
1.155E+01	1.156E+01	0	0.000E+00
1.156E+01	1.157E+01	0	0.000E+00
1.157E+01	1.158E+01	0	0.000E+00
1.158E+01	1.159E+01	2	2.000E-06
1.159E+01	1.160E+01	0	0.000E+00
1.160E+01	1.161E+01	1	1.000E-06
1.161E+01	1.162E+01	0	0.000E+00
1.162E+01	1.163E+01	0	0.000E+00
1.163E+01	1.164E+01	0	0.000E+00
1.164E+01	1.165E+01	0	0.000E+00
1.165E+01	1.166E+01	0	0.000E+00
1.166E+01	1.167E+01	0	0.000E+00
1.167E+01	1.168E+01	0	0.000E+00
1.168E+01	1.169E+01	0	0.000E+00
1.169E+01	1.170E+01	0	0.000E+00
1.170E+01	1.171E+01	0	0.000E+00
1.171E+01	1.172E+01	0	0.000E+00
1.172E+01	1.173E+01	0	0.000E+00
1.173E+01	1.174E+01	0	0.000E+00
1.174E+01	1.175E+01	0	0.000E+00
1.175E+01	1.176E+01	0	0.000E+00
1.176E+01	1.177E+01	0	0.000E+00
1.177E+01	1.178E+01	0	0.000E+00
1.178E+01	1.179E+01	0	0.000E+00
1.179E+01	1.180E+01	0	0.000E+00
1.180E+01	1.181E+01	1	1.000E-06
1.181E+01	1.182E+01	0	0.000E+00
1.182E+01	1.183E+01	0	0.000E+00
1.183E+01	1.184E+01	0	0.000E+00
1.184E+01	1.185E+01	0	0.000E+00
1.185E+01	1.186E+01	1	1.000E-06
1.186E+01	1.187E+01	0	0.000E+00
1.187E+01	1.188E+01	0	0.000E+00
1.188E+01	1.189E+01	0	0.000E+00
1.189E+01	1.190E+01	0	0.000E+00
1.190E+01	1.191E+01	0	0.000E+00
1.191E+01	1.192E+01	0	0.000E+00
1.192E+01	1.193E+01	0	0.000E+00
1.193E+01	1.194E+01	0	0.000E+00
1.194E+01	1.195E+01	0	0.000E+00
1.195E+01	1.196E+01	0	0.000E+00
1.196E+01	1.197E+01	0	0.000E+00
1.197E+01	1.198E+01	0	0.000E+00
1.198E+01	1.199E+01	0	0.000E+00
1.199E+01	1.200E+01	0	0.000E+00
1.200E+01	1.201E+01	0	0.000E+00
1.201E+01	1.202E+01	0	0.000E+00
1.202E+01	1.203E+01	0	0.000E+00
1.203E+01	1.204E+01	0	0.000E+00
1.204E+01	1.205E+01	1	1.000E-06
1.205E+01	1.206E+01	0	0.000E+00
1.206E+01	1.207E+01	0	0.000E+00
1.207E+01	1.208E+01	0	0.000E+00
1.208E+01	1.209E+01	0	0.000E+00
1.209E+01	1.210E+01	0	0.000E+00
1.210E+01	1.211E+01	0	0.000E+00
1.211E+01	1.212E+01	0	0.000E+00
1.212E+01	1.213E+01	0	0.000E+00
1.213E+01	1.214E+01	0	0.000E+00
1.214E+01	1.215E+01	0	0.000E+00
1.215E+01	1.216E+01	0	0.000E+00
1.216E+01	1.217E+01	0	0.000E+00
1.217E+01	1.218E+01	0	0.000E+00
1.218E+01	1.219E+01	0	0.000E+00
1.219E+01	1.220E+01	0	0.000E+00
1.220E+01	1.221E+01	1	1.000E-06
1.221E+01	1.222E+01	0	0.000E+00
1.222E+01	1.223E+01	0	0.000E+00
1.223E+01	1.224E+01	0	0.000E+00
1.224E+01	1.225E+01	0	0.000E+00
1.225E+01	1.226E+01	0	0.000E+00
1.226E+01	1.227E+01	0	0.000E+00
1.227E+01	1.228E+01	0	0.000E+00
1.228E+01	1.229E+01	0	0.000E+00
1.229E+01	1.230E+01	0	0.000E+00
1.230E+01	1.231E+01	0	0.000E+00
1.231E+01	1.232E+01	0	0.000E+00
1.232E+01	1.233E+01	0	0.000E+00
1.233E+01	1.234E+01	0	0.000E+00
1.234E+01	1.235E+01	0	0.000E+00
1.235E+01	1.236E+01	0	0.000E+00
1.236E+01	1.237E+01	0	0.000E+00
1.237E+01	1.238E+01	0	0.000E+00
1.238E+01	1.239E+01	0	0.000E+00
1.239E+01	1.240E+01	0	0.000E+00
1.240E+01	1.241E+01	0	0.000E+00
1.241E+01	1.242E+01	0	0.000E+00
1.242E+01	1.243E+01	0	0.000E+00
1.243E+01	1.244E+01	0	0.000E+00
1.244E+01	1.245E+01	0	0.000E+00
1.245E+01	1.246E+01	0	0.000E+00
1.246E+01	1.247E+01	0	0.000E+00
1.247E+01	1.248E+01	0	0.000E+00
1.248E+01	1.249E+01	0	0.000E+00
1.249E+01	1.250E+01	0	0.000E+00
1.250E+01	1.251E+01	0	0.000E+00
1.251E+01	1.252E+01	0	0.000E+00
1.252E+01	1.253E+01	0	0.000E+00
1.253E+01	1.254E+01	0	0.000E+00
1.254E+01	1.255E+01	0	0.000E+00
1.255E+01	1.256E+01	0	0.000E+00
1.256E+01	1.257E+01	0	0.000E+00
1.257E+01	1.258E+01	0	0.000E+00
1.258E+01	1.259E+01	0	0.000E+00
1.259E+01	1.260E+01	0	0.000E+00
1.260E+01	1.261E+01	0	0.000E+00
1.261E+01	1.262E+01	0	0.000E+00
1.262E+01	1.263E+01	0	0.000E+00
1.263E+01	1.264E+01	0	0.000E+00
1.264E+01	1.265E+01	0	0.000E+00
1.265E+01	1.266E+01	0	0.000E+00
1.266E+01	1.267E+01	0	0.000E+00
1.267E+01	1.268E+01	0	0.000E+00
1.268E+01	1.269E+01	0	0.000E+00
1.269E+01	1.270E+01	0	0.000E+00
1.270E+01	1.271E+01	0	0.000E+00
1.271E+01	1.272E+01	0	0.000E+00
1.272E+01	1.273E+01	0	0.000E+00
1.273E+01	1.274E+01	0	0.000E+00
1.274E+01	1.275E+01	0	0.000E+00
1.275E+01	1.276E+01	0	0.000E+00
1.276E+01	1.277E+01	0	0.000E+00
1.277E+01	1.278E+01	0	0.000E+00
1.278E+01	1.279E+01	0	0.000E+00
1.279E+01	1.280E+01	0	0.000E+00
1.280E+01	1.281E+01	0	0.000E+00
1.281E+01	1.282E+01	0	0.000E+00
1.282E+01	1.283E+01	0	0.000E+00
1.283E+01	1.284E+01	1	1.000E-06
1.284E+01	1.285E+01	0	0.000E+00
1.285E+01	1.286E+01	0	0.000E+00
1.286E+01	1.287E+01	0	0.000E+00
1.287E+01	1.288E+01	0	0.000E+00
1.288E+01	1.289E+01	0	0.000E+00
1.289E+01	1.290E+01	0	0.000E+00
1.290E+01	1.291E+01	0	0.000E+00
1.291E+01	1.292E+01	0	0.000E+00
1.292E+01	1.293E+01	0	0.000E+00
1.293E+01	1.294E+01	0	0.000E+00
1.294E+01	1.295E+01	0	0.000E+00
1.295E+01	1.296E+01	0	0.000E+00
1.296E+01	1.297E+01	0	0.000E+00
1.297E+01	1.298E+01	0	0.000E+00
1.298E+01	1.299E+01	1	1.000E-06
1.299E+01	1.300E+01	0	0.000E+00
1.300E+01	1.301E+01	0	0.000E+00
1.301E+01	1.302E+01	0	0.000E+00
1.302E+01	1.303E+01	0	0.000E+00
1.303E+01	1.304E+01	0	0.000E+00
1.304E+01	1.305E+01	0	0.000E+00
1.305E+01	1.306E+01	0	0.000E+00
1.306E+01	1.307E+01	0	0.000E+00
1.307E+01	1.308E+01	0	0.000E+00
1.308E+01	1.309E+01	0	0.000E+00
1.309E+01	1.310E+01	0	0.000E+00
1.310E+01	1.311E+01	0	0.000E+00
1.311E+01	1.312E+01	0	0.000E+00
1.312E+01	1.313E+01	0	0.000E+00
1.313E+01	1.314E+01	0	0.000E+00
1.314E+01	1.315E+01	0	0.000E+00
1.315E+01	1.316E+01	0	0.000E+00
1.316E+01	1.317E+01	0	0.000E+00
1.317E+01	1.318E+01	0	0.000E+00
1.318E+01	1.319E+01	0	0.000E+00
1.319E+01	1.320E+01	0	0.000E+00
1.320E+01	1.321E+01	0	0.000E+00
1.321E+01	1.322E+01	0	0.000E+00
1.322E+01	1.323E+01	0	0.000E+00
1.323E+01	1.324E+01	0	0.000E+00
1.324E+01	1.325E+01	0	0.000E+00
1.325E+01	1.326E+01	0	0.000E+00
1.326E+01	1.327E+01	0	0.000E+00
1.327E+01	1.328E+01	0	0.000E+00
1.328E+01	1.329E+01	1	1.000E-06
1.329E+01	1.329E+01	0	0.000E+00
