m_start	m_end	count	relcount
0.000E+00	1.000E-02	10097	1.010E-02
1.000E-02	2.000E-02	10101	1.010E-02
2.000E-02	3.000E-02	9686	9.686E-03
3.000E-02	4.000E-02	9813	9.813E-03
4.000E-02	5.000E-02	9559	9.559E-03
5.000E-02	6.000E-02	9710	9.710E-03
6.000E-02	7.000E-02	9342	9.342E-03
7.000E-02	8.000E-02	9333	9.333E-03
8.000E-02	9.000E-02	9296	9.296E-03
9.000E-02	1.000E-01	9042	9.042E-03
1.000E-01	1.100E-01	9019	9.019E-03
1.100E-01	1.200E-01	8872	8.872E-03
1.200E-01	1.300E-01	9006	9.006E-03
1.300E-01	1.400E-01	8849	8.849E-03
1.400E-01	1.500E-01	8688	8.688E-03
1.500E-01	1.600E-01	8516	8.516E-03
1.600E-01	1.700E-01	8315	8.315E-03
1.700E-01	1.800E-01	8522	8.522E-03
1.800E-01	1.900E-01	8483	8.483E-03
1.900E-01	2.000E-01	8347	8.347E-03
2.000E-01	2.100E-01	8234	8.234E-03
2.100E-01	2.200E-01	7921	7.921E-03
2.200E-01	2.300E-01	7982	7.982E-03
2.300E-01	2.400E-01	7939	7.939E-03
2.400E-01	2.500E-01	7894	7.894E-03
2.500E-01	2.600E-01	7637	7.637E-03
2.600E-01	2.700E-01	7559	7.559E-03
2.700E-01	2.800E-01	7408	7.408E-03
2.800E-01	2.900E-01	7587	7.587E-03
2.900E-01	3.000E-01	7520	7.520E-03
3.000E-01	3.100E-01	7269	7.269E-03
3.100E-01	3.200E-01	7341	7.341E-03
3.200E-01	3.300E-01	7263	7.263E-03
3.300E-01	3.400E-01	7129	7.129E-03
3.400E-01	3.500E-01	7079	7.079E-03
3.500E-01	3.600E-01	7039	7.039E-03
3.600E-01	3.700E-01	6970	6.970E-03
3.700E-01	3.800E-01	6826	6.826E-03
3.800E-01	3.900E-01	6742	6.742E-03
3.900E-01	4.000E-01	6657	6.657E-03
4.000E-01	4.100E-01	6605	6.605E-03
4.100E-01	4.200E-01	6668	6.668E-03
4.200E-01	4.300E-01	6521	6.521E-03
4.300E-01	4.400E-01	6381	6.381E-03
4.400E-01	4.500E-01	6403	6.403E-03
4.500E-01	4.600E-01	6403	6.403E-03
4.600E-01	4.700E-01	6257	6.257E-03
4.700E-01	4.800E-01	6280	6.280E-03
4.800E-01	4.900E-01	6176	6.176E-03
4.900E-01	5.000E-01	6178	6.178E-03
5.000E-01	5.100E-01	5891	5.891E-03
5.100E-01	5.200E-01	5996	5.996E-03
5.200E-01	5.300E-01	5935	5.935E-03
5.300E-01	5.400E-01	5950	5.950E-03
5.400E-01	5.500E-01	5926	5.926E-03
5.500E-01	5.600E-01	5717	5.717E-03
5.600E-01	5.700E-01	5551	5.551E-03
5.700E-01	5.800E-01	5610	5.610E-03
5.800E-01	5.900E-01	5603	5.603E-03
5.900E-01	6.000E-01	5474	5.474E-03
6.000E-01	6.100E-01	5435	5.435E-03
6.100E-01	6.200E-01	5440	5.440E-03
6.200E-01	6.300E-01	5372	5.372E-03
6.300E-01	6.400E-01	5263	5.263E-03
6.400E-01	6.500E-01	5270	5.270E-03
6.500E-01	6.600E-01	5296	5.296E-03
6.600E-01	6.700E-01	5180	5.180E-03
6.700E-01	6.800E-01	4993	4.993E-03
6.800E-01	6.900E-01	5060	5.060E-03
6.900E-01	7.000E-01	4964	4.964E-03
7.000E-01	7.100E-01	4958	4.958E-03
7.100E-01	7.200E-01	4841	4.841E-03
7.200E-01	7.300E-01	4659	4.659E-03
7.300E-01	7.400E-01	4805	4.805E-03
7.400E-01	7.500E-01	4777	4.777E-03
7.500E-01	7.600E-01	4773	4.773E-03
7.600E-01	7.700E-01	4627	4.627E-03
7.700E-01	7.800E-01	4509	4.509E-03
7.800E-01	7.900E-01	4421	4.421E-03
7.900E-01	8.000E-01	4440	4.440E-03
8.000E-01	8.100E-01	4489	4.489E-03
8.100E-01	8.200E-01	4414	4.414E-03
8.200E-01	8.300E-01	4353	4.353E-03
8.300E-01	8.400E-01	4500	4.500E-03
8.400E-01	8.500E-01	4252	4.252E-03
8.500E-01	8.600E-01	4300	4.300E-03
8.600E-01	8.700E-01	4233	4.233E-03
8.700E-01	8.800E-01	4152	4.152E-03
8.800E-01	8.900E-01	4144	4.144E-03
8.900E-01	9.000E-01	4129	4.129E-03
9.000E-01	9.100E-01	4029	4.029E-03
9.100E-01	9.200E-01	4042	4.042E-03
9.200E-01	9.300E-01	3906	3.906E-03
9.300E-01	9.400E-01	3855	3.855E-03
9.400E-01	9.500E-01	3868	3.868E-03
9.500E-01	9.600E-01	3811	3.811E-03
9.600E-01	9.700E-01	3763	3.763E-03
9.700E-01	9.800E-01	3789	3.789E-03
9.800E-01	9.900E-01	3801	3.801E-03
9.900E-01	1.000E+00	3689	3.689E-03
1.000E+00	1.010E+00	3683	3.683E-03
1.010E+00	1.020E+00	3636	3.636E-03
1.020E+00	1.030E+00	3662	3.662E-03
1.030E+00	1.040E+00	3468	3.468E-03
1.040E+00	1.050E+00	3481	3.481E-03
1.050E+00	1.060E+00	3445	3.445E-03
1.060E+00	1.070E+00	3409	3.409E-03
1.070E+00	1.080E+00	3509	3.509E-03
1.080E+00	1.090E+00	3303	3.303E-03
1.090E+00	1.100E+00	3386	3.386E-03
1.100E+00	1.110E+00	3153	3.153E-03
1.110E+00	1.120E+00	3364	3.364E-03
1.120E+00	1.130E+00	3154	3.154E-03
1.130E+00	1.140E+00	3163	3.163E-03
1.140E+00	1.150E+00	3208	3.208E-03
1.150E+00	1.160E+00	3135	3.135E-03
1.160E+00	1.170E+00	3166	3.166E-03
1.170E+00	1.180E+00	2965	2.965E-03
1.180E+00	1.190E+00	3053	3.053E-03
1.190E+00	1.200E+00	3057	3.057E-03
1.200E+00	1.210E+00	2992	2.992E-03
1.210E+00	1.220E+00	2907	2.907E-03
1.220E+00	1.230E+00	3017	3.017E-03
1.230E+00	1.240E+00	2923	2.923E-03
1.240E+00	1.250E+00	2833	2.833E-03
1.250E+00	1.260E+00	2854	2.854E-03
1.260E+00	1.270E+00	2835	2.835E-03
1.270E+00	1.280E+00	2806	2.806E-03
1.280E+00	1.290E+00	2701	2.701E-03
1.290E+00	1.300E+00	2697	2.697E-03
1.300E+00	1.310E+00	2584	2.584E-03
1.310E+00	1.320E+00	2758	2.758E-03
1.320E+00	1.330E+00	2583	2.583E-03
1.330E+00	1.340E+00	2571	2.571E-03
1.340E+00	1.350E+00	2412	2.412E-03
1.350E+00	1.360E+00	2652	2.652E-03
1.360E+00	1.370E+00	2653	2.653E-03
1.370E+00	1.380E+00	2554	2.554E-03
1.380E+00	1.390E+00	2454	2.454E-03
1.390E+00	1.400E+00	2509	2.509E-03
1.400E+00	1.410E+00	2475	2.475E-03
1.410E+00	1.420E+00	2485	2.485E-03
1.420E+00	1.430E+00	2390	2.390E-03
1.430E+00	1.440E+00	2439	2.439E-03
1.440E+00	1.450E+00	2314	2.314E-03
1.450E+00	1.460E+00	2379	2.379E-03
1.460E+00	1.470E+00	2288	2.288E-03
1.470E+00	1.480E+00	2287	2.287E-03
1.480E+00	1.490E+00	2264	2.264E-03
1.490E+00	1.500E+00	2195	2.195E-03
1.500E+00	1.510E+00	2227	2.227E-03
1.510E+00	1.520E+00	2198	2.198E-03
1.520E+00	1.530E+00	2173	2.173E-03
1.530E+00	1.540E+00	2143	2.143E-03
1.540E+00	1.550E+00	2115	2.115E-03
1.550E+00	1.560E+00	2133	2.133E-03
1.560E+00	1.570E+00	2135	2.135E-03
1.570E+00	1.580E+00	2016	2.016E-03
1.580E+00	1.590E+00	2034	2.034E-03
1.590E+00	1.600E+00	2038	2.038E-03
1.600E+00	1.610E+00	1956	1.956E-03
1.610E+00	1.620E+00	2037	2.037E-03
1.620E+00	1.630E+00	1953	1.953E-03
1.630E+00	1.640E+00	1962	1.962E-03
1.640E+00	1.650E+00	1973	1.973E-03
1.650E+00	1.660E+00	1841	1.841E-03
1.660E+00	1.670E+00	1904	1.904E-03
1.670E+00	1.680E+00	1866	1.866E-03
1.680E+00	1.690E+00	1847	1.847E-03
1.690E+00	1.700E+00	1799	1.799E-03
1.700E+00	1.710E+00	1780	1.780E-03
1.710E+00	1.720E+00	1781	1.781E-03
1.720E+00	1.730E+00	1777	1.777E-03
1.730E+00	1.740E+00	1798	1.798E-03
1.740E+00	1.750E+00	1789	1.789E-03
1.750E+00	1.760E+00	1688	1.688E-03
1.760E+00	1.770E+00	1745	1.745E-03
1.770E+00	1.780E+00	1710	1.710E-03
1.780E+00	1.790E+00	1600	1.600E-03
1.790E+00	1.800E+00	1632	1.632E-03
1.800E+00	1.810E+00	1508	1.508E-03
1.810E+00	1.820E+00	1588	1.588E-03
1.820E+00	1.830E+00	1610	1.610E-03
1.830E+00	1.840E+00	1587	1.587E-03
1.840E+00	1.850E+00	1523	1.523E-03
1.850E+00	1.860E+00	1516	1.516E-03
1.860E+00	1.870E+00	1537	1.537E-03
1.870E+00	1.880E+00	1567	1.567E-03
1.880E+00	1.890E+00	1557	1.557E-03
1.890E+00	1.900E+00	1479	1.479E-03
1.900E+00	1.910E+00	1486	1.486E-03
1.910E+00	1.920E+00	1506	1.506E-03
1.920E+00	1.930E+00	1463	1.463E-03
1.930E+00	1.940E+00	1425	1.425E-03
1.940E+00	1.950E+00	1407	1.407E-03
1.950E+00	1.960E+00	1369	1.369E-03
1.960E+00	1.970E+00	1397	1.397E-03
1.970E+00	1.980E+00	1412	1.412E-03
1.980E+00	1.990E+00	1328	1.328E-03
1.990E+00	2.000E+00	1324	1.324E-03
2.000E+00	2.010E+00	1365	1.365E-03
2.010E+00	2.020E+00	1387	1.387E-03
2.020E+00	2.030E+00	1316	1.316E-03
2.030E+00	2.040E+00	1255	1.255E-03
2.040E+00	2.050E+00	1383	1.383E-03
2.050E+00	2.060E+00	1302	1.302E-03
2.060E+00	2.070E+00	1230	1.230E-03
2.070E+00	2.080E+00	1193	1.193E-03
2.080E+00	2.090E+00	1196	1.196E-03
2.090E+00	2.100E+00	1237	1.237E-03
2.100E+00	2.110E+00	1277	1.277E-03
2.110E+00	2.120E+00	1203	1.203E-03
2.120E+00	2.130E+00	1212	1.212E-03
2.130E+00	2.140E+00	1159	1.159E-03
2.140E+00	2.150E+00	1202	1.202E-03
2.150E+00	2.160E+00	1146	1.146E-03
2.160E+00	2.170E+00	1140	1.140E-03
2.170E+00	2.180E+00	1152	1.152E-03
2.180E+00	2.190E+00	1092	1.092E-03
2.190E+00	2.200E+00	1081	1.081E-03
2.200E+00	2.210E+00	1085	1.085E-03
2.210E+00	2.220E+00	1087	1.087E-03
2.220E+00	2.230E+00	1133	1.133E-03
2.230E+00	2.240E+00	1105	1.105E-03
2.240E+00	2.250E+00	1062	1.062E-03
2.250E+00	2.260E+00	1075	1.075E-03
2.260E+00	2.270E+00	1082	1.082E-03
2.270E+00	2.280E+00	1072	1.072E-03
2.280E+00	2.290E+00	1096	1.096E-03
2.290E+00	2.300E+00	1040	1.040E-03
2.300E+00	2.310E+00	990	9.900E-04
2.310E+00	2.320E+00	957	9.570E-04
2.320E+00	2.330E+00	995	9.950E-04
2.330E+00	2.340E+00	935	9.350E-04
2.340E+00	2.350E+00	969	9.690E-04
2.350E+00	2.360E+00	923	9.230E-04
2.360E+00	2.370E+00	985	9.850E-04
2.370E+00	2.380E+00	897	8.970E-04
2.380E+00	2.390E+00	958	9.580E-04
2.390E+00	2.400E+00	907	9.070E-04
2.400E+00	2.410E+00	899	8.990E-04
2.410E+00	2.420E+00	889	8.890E-04
2.420E+00	2.430E+00	857	8.570E-04
2.430E+00	2.440E+00	863	8.630E-04
2.440E+00	2.450E+00	898	8.980E-04
2.450E+00	2.460E+00	843	8.430E-04
2.460E+00	2.470E+00	865	8.650E-04
2.470E+00	2.480E+00	843	8.430E-04
2.480E+00	2.490E+00	849	8.490E-04
2.490E+00	2.500E+00	790	7.900E-04
2.500E+00	2.510E+00	799	7.990E-04
2.510E+00	2.520E+00	824	8.240E-04
2.520E+00	2.530E+00	816	8.160E-04
2.530E+00	2.540E+00	772	7.720E-04
2.540E+00	2.550E+00	812	8.120E-04
2.550E+00	2.560E+00	736	7.360E-04
2.560E+00	2.570E+00	794	7.940E-04
2.570E+00	2.580E+00	724	7.240E-04
2.580E+00	2.590E+00	730	7.300E-04
2.590E+00	2.600E+00	781	7.810E-04
2.600E+00	2.610E+00	728	7.280E-04
2.610E+00	2.620E+00	685	6.850E-04
2.620E+00	2.630E+00	721	7.210E-04
2.630E+00	2.640E+00	737	7.370E-04
2.640E+00	2.650E+00	746	7.460E-04
2.650E+00	2.660E+00	681	6.810E-04
2.660E+00	2.670E+00	713	7.130E-04
2.670E+00	2.680E+00	652	6.520E-04
2.680E+00	2.690E+00	720	7.200E-04
2.690E+00	2.700E+00	668	6.680E-04
2.700E+00	2.710E+00	699	6.990E-04
2.710E+00	2.720E+00	648	6.480E-04
2.720E+00	2.730E+00	688	6.880E-04
2.730E+00	2.740E+00	680	6.800E-04
2.740E+00	2.750E+00	643	6.430E-04
2.750E+00	2.760E+00	656	6.560E-04
2.760E+00	2.770E+00	623	6.230E-04
2.770E+00	2.780E+00	607	6.070E-04
2.780E+00	2.790E+00	708	7.080E-04
2.790E+00	2.800E+00	613	6.130E-04
2.800E+00	2.810E+00	586	5.860E-04
2.810E+00	2.820E+00	636	6.360E-04
2.820E+00	2.830E+00	573	5.730E-04
2.830E+00	2.840E+00	579	5.790E-04
2.840E+00	2.850E+00	607	6.070E-04
2.850E+00	2.860E+00	534	5.340E-04
2.860E+00	2.870E+00	605	6.050E-04
2.870E+00	2.880E+00	542	5.420E-04
2.880E+00	2.890E+00	598	5.980E-04
2.890E+00	2.900E+00	539	5.390E-04
2.900E+00	2.910E+00	538	5.380E-04
2.910E+00	2.920E+00	517	5.170E-04
2.920E+00	2.930E+00	522	5.220E-04
2.930E+00	2.940E+00	498	4.980E-04
2.940E+00	2.950E+00	517	5.170E-04
2.950E+00	2.960E+00	536	5.360E-04
2.960E+00	2.970E+00	525	5.250E-04
2.970E+00	2.980E+00	485	4.850E-04
2.980E+00	2.990E+00	472	4.720E-04
2.990E+00	3.000E+00	508	5.080E-04
3.000E+00	3.010E+00	502	5.020E-04
3.010E+00	3.020E+00	496	4.960E-04
3.020E+00	3.030E+00	471	4.710E-04
3.030E+00	3.040E+00	513	5.130E-04
3.040E+00	3.050E+00	449	4.490E-04
3.050E+00	3.060E+00	429	4.290E-04
3.060E+00	3.070E+00	467	4.670E-04
3.070E+00	3.080E+00	438	4.380E-04
3.080E+00	3.090E+00	466	4.660E-04
3.090E+00	3.100E+00	422	4.220E-04
3.100E+00	3.110E+00	444	4.440E-04
3.110E+00	3.120E+00	410	4.100E-04
3.120E+00	3.130E+00	415	4.150E-04
3.130E+00	3.140E+00	472	4.720E-04
3.140E+00	3.150E+00	435	4.350E-04
3.150E+00	3.160E+00	458	4.580E-04
3.160E+00	3.170E+00	463	4.630E-04
3.170E+00	3.180E+00	426	4.260E-04
3.180E+00	3.190E+00	409	4.090E-04
3.190E+00	3.200E+00	387	3.870E-04
3.200E+00	3.210E+00	400	4.000E-04
3.210E+00	3.220E+00	431	4.310E-04
3.220E+00	3.230E+00	378	3.780E-04
3.230E+00	3.240E+00	425	4.250E-04
3.240E+00	3.250E+00	406	4.060E-04
3.250E+00	3.260E+00	373	3.730E-04
3.260E+00	3.270E+00	374	3.740E-04
3.270E+00	3.280E+00	360	3.600E-04
3.280E+00	3.290E+00	368	3.680E-04
3.290E+00	3.300E+00	382	3.820E-04
3.300E+00	3.310E+00	373	3.730E-04
3.310E+00	3.320E+00	368	3.680E-04
3.320E+00	3.330E+00	360	3.600E-04
3.330E+00	3.340E+00	342	3.420E-04
3.340E+00	3.350E+00	323	3.230E-04
3.350E+00	3.360E+00	322	3.220E-04
3.360E+00	3.370E+00	357	3.570E-04
3.370E+00	3.380E+00	359	3.590E-04
3.380E+00	3.390E+00	340	3.400E-04
3.390E+00	3.400E+00	353	3.530E-04
3.400E+00	3.410E+00	308	3.080E-04
3.410E+00	3.420E+00	352	3.520E-04
3.420E+00	3.430E+00	327	3.270E-04
3.430E+00	3.440E+00	333	3.330E-04
3.440E+00	3.450E+00	296	2.960E-04
3.450E+00	3.460E+00	339	3.390E-04
3.460E+00	3.470E+00	280	2.800E-04
3.470E+00	3.480E+00	301	3.010E-04
3.480E+00	3.490E+00	316	3.160E-04
3.490E+00	3.500E+00	301	3.010E-04
3.500E+00	3.510E+00	288	2.880E-04
3.510E+00	3.520E+00	284	2.840E-04
3.520E+00	3.530E+00	308	3.080E-04
3.530E+00	3.540E+00	288	2.880E-04
3.540E+00	3.550E+00	300	3.000E-04
3.550E+00	3.560E+00	280	2.800E-04
3.560E+00	3.570E+00	333	3.330E-04
3.570E+00	3.580E+00	268	2.680E-04
3.580E+00	3.590E+00	298	2.980E-04
3.590E+00	3.600E+00	279	2.790E-04
3.600E+00	3.610E+00	286	2.860E-04
3.610E+00	3.620E+00	280	2.800E-04
3.620E+00	3.630E+00	262	2.620E-04
3.630E+00	3.640E+00	268	2.680E-04
3.640E+00	3.650E+00	252	2.520E-04
3.650E+00	3.660E+00	247	2.470E-04
3.660E+00	3.670E+00	252	2.520E-04
3.670E+00	3.680E+00	261	2.610E-04
3.680E+00	3.690E+00	254	2.540E-04
3.690E+00	3.700E+00	229	2.290E-04
3.700E+00	3.710E+00	253	2.530E-04
3.710E+00	3.720E+00	254	2.540E-04
3.720E+00	3.730E+00	247	2.470E-04
3.730E+00	3.740E+00	249	2.490E-04
3.740E+00	3.750E+00	244	2.440E-04
3.750E+00	3.760E+00	245	2.450E-04
3.760E+00	3.770E+00	207	2.070E-04
3.770E+00	3.780E+00	221	2.210E-04
3.780E+00	3.790E+00	233	2.330E-04
3.790E+00	3.800E+00	241	2.410E-04
3.800E+00	3.810E+00	237	2.370E-04
3.810E+00	3.820E+00	234	2.340E-04
3.820E+00	3.830E+00	209	2.090E-04
3.830E+00	3.840E+00	206	2.060E-04
3.840E+00	3.850E+00	206	2.060E-04
3.850E+00	3.860E+00	209	2.090E-04
3.860E+00	3.870E+00	225	2.250E-04
3.870E+00	3.880E+00	207	2.070E-04
3.880E+00	3.890E+00	201	2.010E-04
3.890E+00	3.900E+00	218	2.180E-04
3.900E+00	3.910E+00	191	1.910E-04
3.910E+00	3.920E+00	213	2.130E-04
3.920E+00	3.930E+00	213	2.130E-04
3.930E+00	3.940E+00	227	2.270E-04
3.940E+00	3.950E+00	216	2.160E-04
3.950E+00	3.960E+00	171	1.710E-04
3.960E+00	3.970E+00	216	2.160E-04
3.970E+00	3.980E+00	192	1.920E-04
3.980E+00	3.990E+00	191	1.910E-04
3.990E+00	4.000E+00	168	1.680E-04
4.000E+00	4.010E+00	175	1.750E-04
4.010E+00	4.020E+00	189	1.890E-04
4.020E+00	4.030E+00	175	1.750E-04
4.030E+00	4.040E+00	177	1.770E-04
4.040E+00	4.050E+00	165	1.650E-04
4.050E+00	4.060E+00	166	1.660E-04
4.060E+00	4.070E+00	168	1.680E-04
4.070E+00	4.080E+00	165	1.650E-04
4.080E+00	4.090E+00	171	1.710E-04
4.090E+00	4.100E+00	196	1.960E-04
4.100E+00	4.110E+00	148	1.480E-04
4.110E+00	4.120E+00	166	1.660E-04
4.120E+00	4.130E+00	175	1.750E-04
4.130E+00	4.140E+00	149	1.490E-04
4.140E+00	4.150E+00	163	1.630E-04
4.150E+00	4.160E+00	138	1.380E-04
4.160E+00	4.170E+00	172	1.720E-04
4.170E+00	4.180E+00	182	1.820E-04
4.180E+00	4.190E+00	139	1.390E-04
4.190E+00	4.200E+00	171	1.710E-04
4.200E+00	4.210E+00	161	1.610E-04
4.210E+00	4.220E+00	121	1.210E-04
4.220E+00	4.230E+00	142	1.420E-04
4.230E+00	4.240E+00	129	1.290E-04
4.240E+00	4.250E+00	156	1.560E-04
4.250E+00	4.260E+00	132	1.320E-04
4.260E+00	4.270E+00	142	1.420E-04
4.270E+00	4.280E+00	131	1.310E-04
4.280E+00	4.290E+00	160	1.600E-04
4.290E+00	4.300E+00	138	1.380E-04
4.300E+00	4.310E+00	123	1.230E-04
4.310E+00	4.320E+00	126	1.260E-04
4.320E+00	4.330E+00	132	1.320E-04
4.330E+00	4.340E+00	138	1.380E-04
4.340E+00	4.350E+00	122	1.220E-04
4.350E+00	4.360E+00	137	1.370E-04
4.360E+00	4.370E+00	125	1.250E-04
4.370E+00	4.380E+00	128	1.280E-04
4.380E+00	4.390E+00	143	1.430E-04
4.390E+00	4.400E+00	120	1.200E-04
4.400E+00	4.410E+00	129	1.290E-04
4.410E+00	4.420E+00	99	9.900E-05
4.420E+00	4.430E+00	107	1.070E-04
4.430E+00	4.440E+00	108	1.080E-04
4.440E+00	4.450E+00	127	1.270E-04
4.450E+00	4.460E+00	124	1.240E-04
4.460E+00	4.470E+00	130	1.300E-04
4.470E+00	4.480E+00	116	1.160E-04
4.480E+00	4.490E+00	117	1.170E-04
4.490E+00	4.500E+00	116	1.160E-04
4.500E+00	4.510E+00	106	1.060E-04
4.510E+00	4.520E+00	116	1.160E-04
4.520E+00	4.530E+00	110	1.100E-04
4.530E+00	4.540E+00	90	9.000E-05
4.540E+00	4.550E+00	133	1.330E-04
4.550E+00	4.560E+00	88	8.800E-05
4.560E+00	4.570E+00	108	1.080E-04
4.570E+00	4.580E+00	96	9.600E-05
4.580E+00	4.590E+00	93	9.300E-05
4.590E+00	4.600E+00	112	1.120E-04
4.600E+00	4.610E+00	102	1.020E-04
4.610E+00	4.620E+00	88	8.800E-05
4.620E+00	4.630E+00	87	8.700E-05
4.630E+00	4.640E+00	83	8.300E-05
4.640E+00	4.650E+00	118	1.180E-04
4.650E+00	4.660E+00	104	1.040E-04
4.660E+00	4.670E+00	100	1.000E-04
4.670E+00	4.680E+00	101	1.010E-04
4.680E+00	4.690E+00	101	1.010E-04
4.690E+00	4.700E+00	99	9.900E-05
4.700E+00	4.710E+00	88	8.800E-05
4.710E+00	4.720E+00	84	8.400E-05
4.720E+00	4.730E+00	80	8.000E-05
4.730E+00	4.740E+00	93	9.300E-05
4.740E+00	4.750E+00	92	9.200E-05
4.750E+00	4.760E+00	96	9.600E-05
4.760E+00	4.770E+00	95	9.500E-05
4.770E+00	4.780E+00	85	8.500E-05
4.780E+00	4.790E+00	88	8.800E-05
4.790E+00	4.800E+00	88	8.800E-05
4.800E+00	4.810E+00	78	7.800E-05
4.810E+00	4.820E+00	86	8.600E-05
4.820E+00	4.830E+00	84	8.400E-05
4.830E+00	4.840E+00	80	8.000E-05
4.840E+00	4.850E+00	85	8.500E-05
4.850E+00	4.860E+00	77	7.700E-05
4.860E+00	4.870E+00	89	8.900E-05
4.870E+00	4.880E+00	61	6.100E-05
4.880E+00	4.890E+00	92	9.200E-05
4.890E+00	4.900E+00	61	6.100E-05
4.900E+00	4.910E+00	83	8.300E-05
4.910E+00	4.920E+00	71	7.100E-05
4.920E+00	4.930E+00	56	5.600E-05
4.930E+00	4.940E+00	68	6.800E-05
4.940E+00	4.950E+00	71	7.100E-05
4.950E+00	4.960E+00	67	6.700E-05
4.960E+00	4.970E+00	80	8.000E-05
4.970E+00	4.980E+00	59	5.900E-05
4.980E+00	4.990E+00	60	6.000E-05
4.990E+00	5.000E+00	69	6.900E-05
5.000E+00	5.010E+00	68	6.800E-05
5.010E+00	5.020E+00	66	6.600E-05
5.020E+00	5.030E+00	62	6.200E-05
5.030E+00	5.040E+00	74	7.400E-05
5.040E+00	5.050E+00	72	7.200E-05
5.050E+00	5.060E+00	67	6.700E-05
5.060E+00	5.070E+00	62	6.200E-05
5.070E+00	5.080E+00	70	7.000E-05
5.080E+00	5.090E+00	60	6.000E-05
5.090E+00	5.100E+00	60	6.000E-05
5.100E+00	5.110E+00	57	5.700E-05
5.110E+00	5.120E+00	53	5.300E-05
5.120E+00	5.130E+00	55	5.500E-05
5.130E+00	5.140E+00	58	5.800E-05
5.140E+00	5.150E+00	58	5.800E-05
5.150E+00	5.160E+00	68	6.800E-05
5.160E+00	5.170E+00	68	6.800E-05
5.170E+00	5.180E+00	62	6.200E-05
5.180E+00	5.190E+00	62	6.200E-05
5.190E+00	5.200E+00	50	5.000E-05
5.200E+00	5.210E+00	49	4.900E-05
5.210E+00	5.220E+00	41	4.100E-05
5.220E+00	5.230E+00	51	5.100E-05
5.230E+00	5.240E+00	52	5.200E-05
5.240E+00	5.250E+00	56	5.600E-05
5.250E+00	5.260E+00	41	4.100E-05
5.260E+00	5.270E+00	34	3.400E-05
5.270E+00	5.280E+00	41	4.100E-05
5.280E+00	5.290E+00	46	4.600E-05
5.290E+00	5.300E+00	50	5.000E-05
5.300E+00	5.310E+00	44	4.400E-05
5.310E+00	5.320E+00	45	4.500E-05
5.320E+00	5.330E+00	50	5.000E-05
5.330E+00	5.340E+00	47	4.700E-05
5.340E+00	5.350E+00	54	5.400E-05
5.350E+00	5.360E+00	48	4.800E-05
5.360E+00	5.370E+00	60	6.000E-05
5.370E+00	5.380E+00	44	4.400E-05
5.380E+00	5.390E+00	46	4.600E-05
5.390E+00	5.400E+00	52	5.200E-05
5.400E+00	5.410E+00	60	6.000E-05
5.410E+00	5.420E+00	44	4.400E-05
5.420E+00	5.430E+00	47	4.700E-05
5.430E+00	5.440E+00	50	5.000E-05
5.440E+00	5.450E+00	38	3.800E-05
5.450E+00	5.460E+00	46	4.600E-05
5.460E+00	5.470E+00	38	3.800E-05
5.470E+00	5.480E+00	42	4.200E-05
5.480E+00	5.490E+00	38	3.800E-05
5.490E+00	5.500E+00	48	4.800E-05
5.500E+00	5.510E+00	42	4.200E-05
5.510E+00	5.520E+00	32	3.200E-05
5.520E+00	5.530E+00	36	3.600E-05
5.530E+00	5.540E+00	48	4.800E-05
5.540E+00	5.550E+00	34	3.400E-05
5.550E+00	5.560E+00	44	4.400E-05
5.560E+00	5.570E+00	43	4.300E-05
5.570E+00	5.580E+00	28	2.800E-05
5.580E+00	5.590E+00	47	4.700E-05
5.590E+00	5.600E+00	29	2.900E-05
5.600E+00	5.610E+00	35	3.500E-05
5.610E+00	5.620E+00	34	3.400E-05
5.620E+00	5.630E+00	32	3.200E-05
5.630E+00	5.640E+00	32	3.200E-05
5.640E+00	5.650E+00	34	3.400E-05
5.650E+00	5.660E+00	28	2.800E-05
5.660E+00	5.670E+00	26	2.600E-05
5.670E+00	5.680E+00	37	3.700E-05
5.680E+00	5.690E+00	36	3.600E-05
5.690E+00	5.700E+00	33	3.300E-05
5.700E+00	5.710E+00	39	3.900E-05
5.710E+00	5.720E+00	30	3.000E-05
5.720E+00	5.730E+00	35	3.500E-05
5.730E+00	5.740E+00	36	3.600E-05
5.740E+00	5.750E+00	41	4.100E-05
5.750E+00	5.760E+00	25	2.500E-05
5.760E+00	5.770E+00	28	2.800E-05
5.770E+00	5.780E+00	31	3.100E-05
5.780E+00	5.790E+00	26	2.600E-05
5.790E+00	5.800E+00	25	2.500E-05
5.800E+00	5.810E+00	29	2.900E-05
5.810E+00	5.820E+00	31	3.100E-05
5.820E+00	5.830E+00	26	2.600E-05
5.830E+00	5.840E+00	21	2.100E-05
5.840E+00	5.850E+00	36	3.600E-05
5.850E+00	5.860E+00	43	4.300E-05
5.860E+00	5.870E+00	26	2.600E-05
5.870E+00	5.880E+00	34	3.400E-05
5.880E+00	5.890E+00	24	2.400E-05
5.890E+00	5.900E+00	26	2.600E-05
5.900E+00	5.910E+00	33	3.300E-05
5.910E+00	5.920E+00	24	2.400E-05
5.920E+00	5.930E+00	28	2.800E-05
5.930E+00	5.940E+00	34	3.400E-05
5.940E+00	5.950E+00	38	3.800E-05
5.950E+00	5.960E+00	21	2.100E-05
5.960E+00	5.970E+00	31	3.100E-05
5.970E+00	5.980E+00	29	2.900E-05
5.980E+00	5.990E+00	31	3.100E-05
5.990E+00	6.000E+00	29	2.900E-05
6.000E+00	6.010E+00	25	2.500E-05
6.010E+00	6.020E+00	20	2.000E-05
6.020E+00	6.030E+00	27	2.700E-05
6.030E+00	6.040E+00	27	2.700E-05
6.040E+00	6.050E+00	18	1.800E-05
6.050E+00	6.060E+00	22	2.200E-05
6.060E+00	6.070E+00	23	2.300E-05
6.070E+00	6.080E+00	27	2.700E-05
6.080E+00	6.090E+00	16	1.600E-05
6.090E+00	6.100E+00	18	1.800E-05
6.100E+00	6.110E+00	13	1.300E-05
6.110E+00	6.120E+00	17	1.700E-05
6.120E+00	6.130E+00	28	2.800E-05
6.130E+00	6.140E+00	23	2.300E-05
6.140E+00	6.150E+00	23	2.300E-05
6.150E+00	6.160E+00	29	2.900E-05
6.160E+00	6.170E+00	16	1.600E-05
6.170E+00	6.180E+00	10	1.000E-05
6.180E+00	6.190E+00	18	1.800E-05
6.190E+00	6.200E+00	23	2.300E-05
6.200E+00	6.210E+00	23	2.300E-05
6.210E+00	6.220E+00	15	1.500E-05
6.220E+00	6.230E+00	23	2.300E-05
6.230E+00	6.240E+00	22	2.200E-05
6.240E+00	6.250E+00	16	1.600E-05
6.250E+00	6.260E+00	8	8.000E-06
6.260E+00	6.270E+00	13	1.300E-05
6.270E+00	6.280E+00	12	1.200E-05
6.280E+00	6.290E+00	14	1.400E-05
6.290E+00	6.300E+00	22	2.200E-05
6.300E+00	6.310E+00	17	1.700E-05
6.310E+00	6.320E+00	19	1.900E-05
6.320E+00	6.330E+00	23	2.300E-05
6.330E+00	6.340E+00	17	1.700E-05
6.340E+00	6.350E+00	20	2.000E-05
6.350E+00	6.360E+00	21	2.100E-05
6.360E+00	6.370E+00	13	1.300E-05
6.370E+00	6.380E+00	16	1.600E-05
6.380E+00	6.390E+00	24	2.400E-05
6.390E+00	6.400E+00	19	1.900E-05
6.400E+00	6.410E+00	25	2.500E-05
6.410E+00	6.420E+00	13	1.300E-05
6.420E+00	6.430E+00	19	1.900E-05
6.430E+00	6.440E+00	22	2.200E-05
6.440E+00	6.450E+00	8	8.000E-06
6.450E+00	6.460E+00	13	1.300E-05
6.460E+00	6.470E+00	21	2.100E-05
6.470E+00	6.480E+00	20	2.000E-05
6.480E+00	6.490E+00	15	1.500E-05
6.490E+00	6.500E+00	13	1.300E-05
6.500E+00	6.510E+00	15	1.500E-05
6.510E+00	6.520E+00	11	1.100E-05
6.520E+00	6.530E+00	12	1.200E-05
6.530E+00	6.540E+00	16	1.600E-05
6.540E+00	6.550E+00	12	1.200E-05
6.550E+00	6.560E+00	13	1.300E-05
6.560E+00	6.570E+00	11	1.100E-05
6.570E+00	6.580E+00	22	2.200E-05
6.580E+00	6.590E+00	18	1.800E-05
6.590E+00	6.600E+00	9	9.000E-06
6.600E+00	6.610E+00	12	1.200E-05
6.610E+00	6.620E+00	19	1.900E-05
6.620E+00	6.630E+00	17	1.700E-05
6.630E+00	6.640E+00	12	1.200E-05
6.640E+00	6.650E+00	15	1.500E-05
6.650E+00	6.660E+00	14	1.400E-05
6.660E+00	6.670E+00	16	1.600E-05
6.670E+00	6.680E+00	9	9.000E-06
6.680E+00	6.690E+00	13	1.300E-05
6.690E+00	6.700E+00	16	1.600E-05
6.700E+00	6.710E+00	13	1.300E-05
6.710E+00	6.720E+00	11	1.100E-05
6.720E+00	6.730E+00	15	1.500E-05
6.730E+00	6.740E+00	13	1.300E-05
6.740E+00	6.750E+00	14	1.400E-05
6.750E+00	6.760E+00	14	1.400E-05
6.760E+00	6.770E+00	13	1.300E-05
6.770E+00	6.780E+00	11	1.100E-05
6.780E+00	6.790E+00	6	6.000E-06
6.790E+00	6.800E+00	5	5.000E-06
6.800E+00	6.810E+00	10	1.000E-05
6.810E+00	6.820E+00	15	1.500E-05
6.820E+00	6.830E+00	7	7.000E-06
6.830E+00	6.840E+00	12	1.200E-05
6.840E+00	6.850E+00	12	1.200E-05
6.850E+00	6.860E+00	14	1.400E-05
6.860E+00	6.870E+00	9	9.000E-06
6.870E+00	6.880E+00	12	1.200E-05
6.880E+00	6.890E+00	5	5.000E-06
6.890E+00	6.900E+00	14	1.400E-05
6.900E+00	6.910E+00	14	1.400E-05
6.910E+00	6.920E+00	14	1.400E-05
6.920E+00	6.930E+00	15	1.500E-05
6.930E+00	6.940E+00	8	8.000E-06
6.940E+00	6.950E+00	14	1.400E-05
6.950E+00	6.960E+00	15	1.500E-05
6.960E+00	6.970E+00	5	5.000E-06
6.970E+00	6.980E+00	10	1.000E-05
6.980E+00	6.990E+00	6	6.000E-06
6.990E+00	7.000E+00	6	6.000E-06
7.000E+00	7.010E+00	11	1.100E-05
7.010E+00	7.020E+00	6	6.000E-06
7.020E+00	7.030E+00	14	1.400E-05
7.030E+00	7.040E+00	10	1.000E-05
7.040E+00	7.050E+00	5	5.000E-06
7.050E+00	7.060E+00	7	7.000E-06
7.060E+00	7.070E+00	5	5.000E-06
7.070E+00	7.080E+00	8	8.000E-06
7.080E+00	7.090E+00	9	9.000E-06
7.090E+00	7.100E+00	9	9.000E-06
7.100E+00	7.110E+00	4	4.000E-06
7.110E+00	7.120E+00	4	4.000E-06
7.120E+00	7.130E+00	7	7.000E-06
7.130E+00	7.140E+00	12	1.200E-05
7.140E+00	7.150E+00	8	8.000E-06
7.150E+00	7.160E+00	13	1.300E-05
7.160E+00	7.170E+00	14	1.400E-05
7.170E+00	7.180E+00	5	5.000E-06
7.180E+00	7.190E+00	9	9.000E-06
7.190E+00	7.200E+00	6	6.000E-06
7.200E+00	7.210E+00	7	7.000E-06
7.210E+00	7.220E+00	4	4.000E-06
7.220E+00	7.230E+00	10	1.000E-05
7.230E+00	7.240E+00	7	7.000E-06
7.240E+00	7.250E+00	7	7.000E-06
7.250E+00	7.260E+00	4	4.000E-06
7.260E+00	7.270E+00	7	7.000E-06
7.270E+00	7.280E+00	6	6.000E-06
7.280E+00	7.290E+00	11	1.100E-05
7.290E+00	7.300E+00	10	1.000E-05
7.300E+00	7.310E+00	5	5.000E-06
7.310E+00	7.320E+00	8	8.000E-06
7.320E+00	7.330E+00	7	7.000E-06
7.330E+00	7.340E+00	6	6.000E-06
7.340E+00	7.350E+00	9	9.000E-06
7.350E+00	7.360E+00	6	6.000E-06
7.360E+00	7.370E+00	5	5.000E-06
7.370E+00	7.380E+00	5	5.000E-06
7.380E+00	7.390E+00	5	5.000E-06
7.390E+00	7.400E+00	10	1.000E-05
7.400E+00	7.410E+00	11	1.100E-05
7.410E+00	7.420E+00	3	3.000E-06
7.420E+00	7.430E+00	10	1.000E-05
7.430E+00	7.440E+00	9	9.000E-06
7.440E+00	7.450E+00	8	8.000E-06
7.450E+00	7.460E+00	5	5.000E-06
7.460E+00	7.470E+00	5	5.000E-06
7.470E+00	7.480E+00	4	4.000E-06
7.480E+00	7.490E+00	7	7.000E-06
7.490E+00	7.500E+00	9	9.000E-06
7.500E+00	7.510E+00	5	5.000E-06
7.510E+00	7.520E+00	10	1.000E-05
7.520E+00	7.530E+00	1	1.000E-06
7.530E+00	7.540E+00	8	8.000E-06
7.540E+00	7.550E+00	7	7.000E-06
7.550E+00	7.560E+00	8	8.000E-06
7.560E+00	7.570E+00	4	4.000E-06
7.570E+00	7.580E+00	9	9.000E-06
7.580E+00	7.590E+00	6	6.000E-06
7.590E+00	7.600E+00	6	6.000E-06
7.600E+00	7.610E+00	3	3.000E-06
7.610E+00	7.620E+00	6	6.000E-06
7.620E+00	7.630E+00	4	4.000E-06
7.630E+00	7.640E+00	4	4.000E-06
7.640E+00	7.650E+00	2	2.000E-06
7.650E+00	7.660E+00	6	6.000E-06
7.660E+00	7.670E+00	8	8.000E-06
7.670E+00	7.680E+00	10	1.000E-05
7.680E+00	7.690E+00	5	5.000E-06
7.690E+00	7.700E+00	6	6.000E-06
7.700E+00	7.710E+00	6	6.000E-06
7.710E+00	7.720E+00	8	8.000E-06
7.720E+00	7.730E+00	6	6.000E-06
7.730E+00	7.740E+00	4	4.000E-06
7.740E+00	7.750E+00	2	2.000E-06
7.750E+00	7.760E+00	3	3.000E-06
7.760E+00	7.770E+00	2	2.000E-06
7.770E+00	7.780E+00	7	7.000E-06
7.780E+00	7.790E+00	4	4.000E-06
7.790E+00	7.800E+00	8	8.000E-06
7.800E+00	7.810E+00	0	0.000E+00
7.810E+00	7.820E+00	3	3.000E-06
7.820E+00	7.830E+00	5	5.000E-06
7.830E+00	7.840E+00	6	6.000E-06
7.840E+00	7.850E+00	5	5.000E-06
7.850E+00	7.860E+00	7	7.000E-06
7.860E+00	7.870E+00	5	5.000E-06
7.870E+00	7.880E+00	2	2.000E-06
7.880E+00	7.890E+00	7	7.000E-06
7.890E+00	7.900E+00	4	4.000E-06
7.900E+00	7.910E+00	4	4.000E-06
7.910E+00	7.920E+00	4	4.000E-06
7.920E+00	7.930E+00	2	2.000E-06
7.930E+00	7.940E+00	8	8.000E-06
7.940E+00	7.950E+00	5	5.000E-06
7.950E+00	7.960E+00	4	4.000E-06
7.960E+00	7.970E+00	1	1.000E-06
7.970E+00	7.980E+00	8	8.000E-06
7.980E+00	7.990E+00	4	4.000E-06
7.990E+00	8.000E+00	4	4.000E-06
8.000E+00	8.010E+00	3	3.000E-06
8.010E+00	8.020E+00	2	2.000E-06
8.020E+00	8.030E+00	2	2.000E-06
8.030E+00	8.040E+00	3	3.000E-06
8.040E+00	8.050E+00	2	2.000E-06
8.050E+00	8.060E+00	3	3.000E-06
8.060E+00	8.070E+00	5	5.000E-06
8.070E+00	8.080E+00	4	4.000E-06
8.080E+00	8.090E+00	2	2.000E-06
8.090E+00	8.100E+00	6	6.000E-06
8.100E+00	8.110E+00	2	2.000E-06
8.110E+00	8.120E+00	6	6.000E-06
8.120E+00	8.130E+00	4	4.000E-06
8.130E+00	8.140E+00	4	4.000E-06
8.140E+00	8.150E+00	3	3.000E-06
8.150E+00	8.160E+00	4	4.000E-06
8.160E+00	8.170E+00	3	3.000E-06
8.170E+00	8.180E+00	6	6.000E-06
8.180E+00	8.190E+00	2	2.000E-06
8.190E+00	8.200E+00	2	2.000E-06
8.200E+00	8.210E+00	5	5.000E-06
8.210E+00	8.220E+00	2	2.000E-06
8.220E+00	8.230E+00	4	4.000E-06
8.230E+00	8.240E+00	4	4.000E-06
8.240E+00	8.250E+00	1	1.000E-06
8.250E+00	8.260E+00	5	5.000E-06
8.260E+00	8.270E+00	3	3.000E-06
8.270E+00	8.280E+00	2	2.000E-06
8.280E+00	8.290E+00	2	2.000E-06
8.290E+00	8.300E+00	2	2.000E-06
8.300E+00	8.310E+00	5	5.000E-06
8.310E+00	8.320E+00	3	3.000E-06
8.320E+00	8.330E+00	7	7.000E-06
8.330E+00	8.340E+00	0	0.000E+00
8.340E+00	8.350E+00	3	3.000E-06
8.350E+00	8.360E+00	5	5.000E-06
8.360E+00	8.370E+00	1	1.000E-06
8.370E+00	8.380E+00	5	5.000E-06
8.380E+00	8.390E+00	1	1.000E-06
8.390E+00	8.400E+00	2	2.000E-06
8.400E+00	8.410E+00	4	4.000E-06
8.410E+00	8.420E+00	4	4.000E-06
8.420E+00	8.430E+00	2	2.000E-06
8.430E+00	8.440E+00	3	3.000E-06
8.440E+00	8.450E+00	0	0.000E+00
8.450E+00	8.460E+00	2	2.000E-06
8.460E+00	8.470E+00	1	1.000E-06
8.470E+00	8.480E+00	3	3.000E-06
8.480E+00	8.490E+00	4	4.000E-06
8.490E+00	8.500E+00	1	1.000E-06
8.500E+00	8.510E+00	2	2.000E-06
8.510E+00	8.520E+00	0	0.000E+00
8.520E+00	8.530E+00	3	3.000E-06
8.530E+00	8.540E+00	0	0.000E+00
8.540E+00	8.550E+00	2	2.000E-06
8.550E+00	8.560E+00	1	1.000E-06
8.560E+00	8.570E+00	2	2.000E-06
8.570E+00	8.580E+00	1	1.000E-06
8.580E+00	8.590E+00	1	1.000E-06
8.590E+00	8.600E+00	1	1.000E-06
8.600E+00	8.610E+00	3	3.000E-06
8.610E+00	8.620E+00	3	3.000E-06
8.620E+00	8.630E+00	1	1.000E-06
8.630E+00	8.640E+00	2	2.000E-06
8.640E+00	8.650E+00	1	1.000E-06
8.650E+00	8.660E+00	2	2.000E-06
8.660E+00	8.670E+00	2	2.000E-06
8.670E+00	8.680E+00	1	1.000E-06
8.680E+00	8.690E+00	0	0.000E+00
8.690E+00	8.700E+00	1	1.000E-06
8.700E+00	8.710E+00	2	2.000E-06
8.710E+00	8.720E+00	1	1.000E-06
8.720E+00	8.730E+00	0	0.000E+00
8.730E+00	8.740E+00	2	2.000E-06
8.740E+00	8.750E+00	2	2.000E-06
8.750E+00	8.760E+00	1	1.000E-06
8.760E+00	8.770E+00	0	0.000E+00
8.770E+00	8.780E+00	0	0.000E+00
8.780E+00	8.790E+00	2	2.000E-06
8.790E+00	8.800E+00	2	2.000E-06
8.800E+00	8.810E+00	2	2.000E-06
8.810E+00	8.820E+00	0	0.000E+00
8.820E+00	8.830E+00	3	3.000E-06
8.830E+00	8.840E+00	1	1.000E-06
8.840E+00	8.850E+00	2	2.000E-06
8.850E+00	8.860E+00	3	3.000E-06
8.860E+00	8.870E+00	1	1.000E-06
8.870E+00	8.880E+00	1	1.000E-06
8.880E+00	8.890E+00	3	3.000E-06
8.890E+00	8.900E+00	1	1.000E-06
8.900E+00	8.910E+00	0	0.000E+00
8.910E+00	8.920E+00	1	1.000E-06
8.920E+00	8.930E+00	1	1.000E-06
8.930E+00	8.940E+00	0	0.000E+00
8.940E+00	8.950E+00	1	1.000E-06
8.950E+00	8.960E+00	2	2.000E-06
8.960E+00	8.970E+00	1	1.000E-06
8.970E+00	8.980E+00	2	2.000E-06
8.980E+00	8.990E+00	2	2.000E-06
8.990E+00	9.000E+00	3	3.000E-06
9.000E+00	9.010E+00	1	1.000E-06
9.010E+00	9.020E+00	0	0.000E+00
9.020E+00	9.030E+00	0	0.000E+00
9.030E+00	9.040E+00	0	0.000E+00
9.040E+00	9.050E+00	2	2.000E-06
9.050E+00	9.060E+00	0	0.000E+00
9.060E+00	9.070E+00	2	2.000E-06
9.070E+00	9.080E+00	0	0.000E+00
9.080E+00	9.090E+00	0	0.000E+00
9.090E+00	9.100E+00	2	2.000E-06
9.100E+00	9.110E+00	3	3.000E-06
9.110E+00	9.120E+00	1	1.000E-06
9.120E+00	9.130E+00	0	0.000E+00
9.130E+00	9.140E+00	0	0.000E+00
9.140E+00	9.150E+00	1	1.000E-06
9.150E+00	9.160E+00	1	1.000E-06
9.160E+00	9.170E+00	1	1.000E-06
9.170E+00	9.180E+00	3	3.000E-06
9.180E+00	9.190E+00	1	1.000E-06
9.190E+00	9.200E+00	1	1.000E-06
9.200E+00	9.210E+00	1	1.000E-06
9.210E+00	9.220E+00	2	2.000E-06
9.220E+00	9.230E+00	0	0.000E+00
9.230E+00	9.240E+00	3	3.000E-06
9.240E+00	9.250E+00	3	3.000E-06
9.250E+00	9.260E+00	0	0.000E+00
9.260E+00	9.270E+00	0	0.000E+00
9.270E+00	9.280E+00	1	1.000E-06
9.280E+00	9.290E+00	1	1.000E-06
9.290E+00	9.300E+00	1	1.000E-06
9.300E+00	9.310E+00	1	1.000E-06
9.310E+00	9.320E+00	0	0.000E+00
9.320E+00	9.330E+00	0	0.000E+00
9.330E+00	9.340E+00	0	0.000E+00
9.340E+00	9.350E+00	0	0.000E+00
9.350E+00	9.360E+00	1	1.000E-06
9.360E+00	9.370E+00	0	0.000E+00
9.370E+00	9.380E+00	1	1.000E-06
9.380E+00	9.390E+00	1	1.000E-06
9.390E+00	9.400E+00	0	0.000E+00
9.400E+00	9.410E+00	1	1.000E-06
9.410E+00	9.420E+00	0	0.000E+00
9.420E+00	9.430E+00	1	1.000E-06
9.430E+00	9.440E+00	0	0.000E+00
9.440E+00	9.450E+00	2	2.000E-06
9.450E+00	9.460E+00	1	1.000E-06
9.460E+00	9.470E+00	1	1.000E-06
9.470E+00	9.480E+00	1	1.000E-06
9.480E+00	9.490E+00	0	0.000E+00
9.490E+00	9.500E+00	2	2.000E-06
9.500E+00	9.510E+00	1	1.000E-06
9.510E+00	9.520E+00	1	1.000E-06
9.520E+00	9.530E+00	1	1.000E-06
9.530E+00	9.540E+00	2	2.000E-06
9.540E+00	9.550E+00	1	1.000E-06
9.550E+00	9.560E+00	2	2.000E-06
9.560E+00	9.570E+00	0	0.000E+00
9.570E+00	9.580E+00	1	1.000E-06
9.580E+00	9.590E+00	0	0.000E+00
9.590E+00	9.600E+00	0	0.000E+00
9.600E+00	9.610E+00	3	3.000E-06
9.610E+00	9.620E+00	1	1.000E-06
9.620E+00	9.630E+00	0	0.000E+00
9.630E+00	9.640E+00	1	1.000E-06
9.640E+00	9.650E+00	1	1.000E-06
9.650E+00	9.660E+00	1	1.000E-06
9.660E+00	9.670E+00	1	1.000E-06
9.670E+00	9.680E+00	1	1.000E-06
9.680E+00	9.690E+00	1	1.000E-06
9.690E+00	9.700E+00	2	2.000E-06
9.700E+00	9.710E+00	1	1.000E-06
9.710E+00	9.720E+00	0	0.000E+00
9.720E+00	9.730E+00	2	2.000E-06
9.730E+00	9.740E+00	1	1.000E-06
9.740E+00	9.750E+00	0	0.000E+00
9.750E+00	9.760E+00	0	0.000E+00
9.760E+00	9.770E+00	1	1.000E-06
9.770E+00	9.780E+00	0	0.000E+00
9.780E+00	9.790E+00	1	1.000E-06
9.790E+00	9.800E+00	0	0.000E+00
9.800E+00	9.810E+00	1	1.000E-06
9.810E+00	9.820E+00	1	1.000E-06
9.820E+00	9.830E+00	2	2.000E-06
9.830E+00	9.840E+00	1	1.000E-06
9.840E+00	9.850E+00	0	0.000E+00
9.850E+00	9.860E+00	0	0.000E+00
9.860E+00	9.870E+00	2	2.000E-06
9.870E+00	9.880E+00	1	1.000E-06
9.880E+00	9.890E+00	0	0.000E+00
9.890E+00	9.900E+00	0	0.000E+00
9.900E+00	9.910E+00	0	0.000E+00
9.910E+00	9.920E+00	0	0.000E+00
9.920E+00	9.930E+00	0	0.000E+00
9.930E+00	9.940E+00	2	2.000E-06
9.940E+00	9.950E+00	0	0.000E+00
9.950E+00	9.960E+00	0	0.000E+00
9.960E+00	9.970E+00	0	0.000E+00
9.970E+00	9.980E+00	0	0.000E+00
9.980E+00	9.990E+00	0	0.000E+00
9.990E+00	1.000E+01	0	0.000E+00
1.000E+01	1.001E+01	1	1.000E-06
1.001E+01	1.002E+01	1	1.000E-06
1.002E+01	1.003E+01	1	1.000E-06
1.003E+01	1.004E+01	1	1.000E-06
1.004E+01	1.005E+01	0	0.000E+00
1.005E+01	1.006E+01	0	0.000E+00
1.006E+01	1.007E+01	0	0.000E+00
1.007E+01	1.008E+01	0	0.000E+00
1.008E+01	1.009E+01	0	0.000E+00
1.009E+01	1.010E+01	2	2.000E-06
1.010E+01	1.011E+01	0	0.000E+00
1.011E+01	1.012E+01	1	1.000E-06
1.012E+01	1.013E+01	0	0.000E+00
1.013E+01	1.014E+01	0	0.000E+00
1.014E+01	1.015E+01	0	0.000E+00
1.015E+01	1.016E+01	0	0.000E+00
1.016E+01	1.017E+01	0	0.000E+00
1.017E+01	1.018E+01	0	0.000E+00
1.018E+01	1.019E+01	0	0.000E+00
1.019E+01	1.020E+01	0	0.000E+00
1.020E+01	1.021E+01	1	1.000E-06
1.021E+01	1.022E+01	0	0.000E+00
1.022E+01	1.023E+01	2	2.000E-06
1.023E+01	1.024E+01	0	0.000E+00
1.024E+01	1.025E+01	0	0.000E+00
1.025E+01	1.026E+01	0	0.000E+00
1.026E+01	1.027E+01	3	3.000E-06
1.027E+01	1.028E+01	1	1.000E-06
1.028E+01	1.029E+01	0	0.000E+00
1.029E+01	1.030E+01	1	1.000E-06
1.030E+01	1.031E+01	0	0.000E+00
1.031E+01	1.032E+01	0	0.000E+00
1.032E+01	1.033E+01	0	0.000E+00
1.033E+01	1.034E+01	1	1.000E-06
1.034E+01	1.035E+01	0	0.000E+00
1.035E+01	1.036E+01	0	0.000E+00
1.036E+01	1.037E+01	0	0.000E+00
1.037E+01	1.038E+01	0	0.000E+00
1.038E+01	1.039E+01	0	0.000E+00
1.039E+01	1.040E+01	1	1.000E-06
1.040E+01	1.041E+01	0	0.000E+00
1.041E+01	1.042E+01	0	0.000E+00
1.042E+01	1.043E+01	0	0.000E+00
1.043E+01	1.044E+01	0	0.000E+00
1.044E+01	1.045E+01	0	0.000E+00
1.045E+01	1.046E+01	0	0.000E+00
1.046E+01	1.047E+01	0	0.000E+00
1.047E+01	1.048E+01	0	0.000E+00
1.048E+01	1.049E+01	0	0.000E+00
1.049E+01	1.050E+01	0	0.000E+00
1.050E+01	1.051E+01	2	2.000E-06
1.051E+01	1.052E+01	0	0.000E+00
1.052E+01	1.053E+01	1	1.000E-06
1.053E+01	1.054E+01	0	0.000E+00
1.054E+01	1.055E+01	0	0.000E+00
1.055E+01	1.056E+01	0	0.000E+00
1.056E+01	1.057E+01	0	0.000E+00
1.057E+01	1.058E+01	0	0.000E+00
1.058E+01	1.059E+01	1	1.000E-06
1.059E+01	1.060E+01	0	0.000E+00
1.060E+01	1.061E+01	1	1.000E-06
1.061E+01	1.062E+01	0	0.000E+00
1.062E+01	1.063E+01	0	0.000E+00
1.063E+01	1.064E+01	0	0.000E+00
1.064E+01	1.065E+01	1	1.000E-06
1.065E+01	1.066E+01	2	2.000E-06
1.066E+01	1.067E+01	1	1.000E-06
1.067E+01	1.068E+01	1	1.000E-06
1.068E+01	1.069E+01	0	0.000E+00
1.069E+01	1.070E+01	0	0.000E+00
1.070E+01	1.071E+01	0	0.000E+00
1.071E+01	1.072E+01	0	0.000E+00
1.072E+01	1.073E+01	0	0.000E+00
1.073E+01	1.074E+01	0	0.000E+00
1.074E+01	1.075E+01	0	0.000E+00
1.075E+01	1.076E+01	1	1.000E-06
1.076E+01	1.077E+01	0	0.000E+00
1.077E+01	1.078E+01	0	0.000E+00
1.078E+01	1.079E+01	1	1.000E-06
1.079E+01	1.080E+01	1	1.000E-06
1.080E+01	1.081E+01	0	0.000E+00
1.081E+01	1.082E+01	0	0.000E+00
1.082E+01	1.083E+01	0	0.000E+00
1.083E+01	1.084E+01	0	0.000E+00
1.084E+01	1.085E+01	0	0.000E+00
1.085E+01	1.086E+01	0	0.000E+00
1.086E+01	1.087E+01	1	1.000E-06
1.087E+01	1.088E+01	0	0.000E+00
1.088E+01	1.089E+01	0	0.000E+00
1.089E+01	1.090E+01	0	0.000E+00
1.090E+01	1.091E+01	0	0.000E+00
1.091E+01	1.092E+01	0	0.000E+00
1.092E+01	1.093E+01	2	2.000E-06
1.093E+01	1.094E+01	0	0.000E+00
1.094E+01	1.095E+01	0	0.000E+00
1.095E+01	1.096E+01	0	0.000E+00
1.096E+01	1.097E+01	0	0.000E+00
1.097E+01	1.098E+01	1	1.000E-06
1.098E+01	1.099E+01	1	1.000E-06
1.099E+01	1.100E+01	1	1.000E-06
1.100E+01	1.101E+01	0	0.000E+00
1.101E+01	1.102E+01	0	0.000E+00
1.102E+01	1.103E+01	0	0.000E+00
1.103E+01	1.104E+01	0	0.000E+00
1.104E+01	1.105E+01	0	0.000E+00
1.105E+01	1.106E+01	0	0.000E+00
1.106E+01	1.107E+01	0	0.000E+00
1.107E+01	1.108E+01	1	1.000E-06
1.108E+01	1.109E+01	0	0.000E+00
1.109E+01	1.110E+01	1	1.000E-06
1.110E+01	1.111E+01	0	0.000E+00
1.111E+01	1.112E+01	1	1.000E-06
1.112E+01	1.113E+01	0	0.000E+00
1.113E+01	1.114E+01	0	0.000E+00
1.114E+01	1.115E+01	0	0.000E+00
1.115E+01	1.116E+01	0	0.000E+00
1.116E+01	1.117E+01	0	0.000E+00
1.117E+01	1.118E+01	0	0.000E+00
1.118E+01	1.119E+01	0	0.000E+00
1.119E+01	1.120E+01	0	0.000E+00
1.120E+01	1.121E+01	0	0.000E+00
1.121E+01	1.122E+01	0	0.000E+00
1.122E+01	1.123E+01	0	0.000E+00
1.123E+01	1.124E+01	0	0.000E+00
1.124E+01	1.125E+01	0	0.000E+00
1.125E+01	1.126E+01	0	0.000E+00
1.126E+01	1.127E+01	0	0.000E+00
1.127E+01	1.128E+01	0	0.000E+00
1.128E+01	1.129E+01	0	0.000E+00
1.129E+01	1.130E+01	1	1.000E-06
1.130E+01	1.131E+01	0	0.000E+00
1.131E+01	1.132E+01	0	0.000E+00
1.132E+01	1.133E+01	0	0.000E+00
1.133E+01	1.134E+01	0	0.000E+00
1.134E+01	1.135E+01	0	0.000E+00
1.135E+01	1.136E+01	1	1.000E-06
1.136E+01	1.137E+01	0	0.000E+00
1.137E+01	1.138E+01	0	0.000E+00
1.138E+01	1.139E+01	0	0.000E+00
1.139E+01	1.140E+01	0	0.000E+00
1.140E+01	1.141E+01	0	0.000E+00
1.141E+01	1.142E+01	0	0.000E+00
1.142E+01	1.143E+01	0	0.000E+00
1.143E+01	1.144E+01	0	0.000E+00
1.144E+01	1.145E+01	0	0.000E+00
1.145E+01	1.146E+01	0	0.000E+00
1.146E+01	1.147E+01	0	0.000E+00
1.147E+01	1.148E+01	0	0.000E+00
1.148E+01	1.149E+01	0	0.000E+00
1.149E+01	1.150E+01	0	0.000E+00
1.150E+01	1.151E+01	0	0.000E+00
1.151E+01	1.152E+01	0	0.000E+00
1.152E+01	1.153E+01	0	0.000E+00
1.153E+01	1.154E+01	0	0.000E+00
1.154E+01	1.155E+01	0	0.000E+00
1.155E+01	1.156E+01	0	0.000E+00
1.156E+01	1.157E+01	0	0.000E+00
1.157E+01	1.158E+01	0	0.000E+00
1.158E+01	1.159E+01	0	0.000E+00
1.159E+01	1.160E+01	0	0.000E+00
1.160E+01	1.161E+01	0	0.000E+00
1.161E+01	1.162E+01	0	0.000E+00
1.162E+01	1.163E+01	0	0.000E+00
1.163E+01	1.164E+01	0	0.000E+00
1.164E+01	1.165E+01	0	0.000E+00
1.165E+01	1.166E+01	0	0.000E+00
1.166E+01	1.167E+01	0	0.000E+00
1.167E+01	1.168E+01	0	0.000E+00
1.168E+01	1.169E+01	0	0.000E+00
1.169E+01	1.170E+01	0	0.000E+00
1.170E+01	1.171E+01	0	0.000E+00
1.171E+01	1.172E+01	0	0.000E+00
1.172E+01	1.173E+01	0	0.000E+00
1.173E+01	1.174E+01	0	0.000E+00
1.174E+01	1.175E+01	0	0.000E+00
1.175E+01	1.176E+01	0	0.000E+00
1.176E+01	1.177E+01	0	0.000E+00
1.177E+01	1.178E+01	1	1.000E-06
1.178E+01	1.179E+01	0	0.000E+00
1.179E+01	1.180E+01	0	0.000E+00
1.180E+01	1.181E+01	0	0.000E+00
1.181E+01	1.182E+01	0	0.000E+00
1.182E+01	1.183E+01	0	0.000E+00
1.183E+01	1.184E+01	0	0.000E+00
1.184E+01	1.185E+01	0	0.000E+00
1.185E+01	1.186E+01	0	0.000E+00
1.186E+01	1.187E+01	0	0.000E+00
1.187E+01	1.188E+01	0	0.000E+00
1.188E+01	1.189E+01	0	0.000E+00
1.189E+01	1.190E+01	0	0.000E+00
1.190E+01	1.191E+01	1	1.000E-06
1.191E+01	1.192E+01	0	0.000E+00
1.192E+01	1.193E+01	0	0.000E+00
1.193E+01	1.194E+01	0	0.000E+00
1.194E+01	1.195E+01	0	0.000E+00
1.195E+01	1.196E+01	0	0.000E+00
1.196E+01	1.197E+01	0	0.000E+00
1.197E+01	1.198E+01	0	0.000E+00
1.198E+01	1.199E+01	0	0.000E+00
1.199E+01	1.200E+01	0	0.000E+00
1.200E+01	1.201E+01	0	0.000E+00
1.201E+01	1.202E+01	0	0.000E+00
1.202E+01	1.203E+01	0	0.000E+00
1.203E+01	1.204E+01	0	0.000E+00
1.204E+01	1.205E+01	0	0.000E+00
1.205E+01	1.206E+01	0	0.000E+00
1.206E+01	1.207E+01	0	0.000E+00
1.207E+01	1.208E+01	0	0.000E+00
1.208E+01	1.209E+01	0	0.000E+00
1.209E+01	1.210E+01	0	0.000E+00
1.210E+01	1.211E+01	1	1.000E-06
1.211E+01	1.212E+01	0	0.000E+00
1.212E+01	1.213E+01	0	0.000E+00
1.213E+01	1.214E+01	0	0.000E+00
1.214E+01	1.215E+01	0	0.000E+00
1.215E+01	1.216E+01	0	0.000E+00
1.216E+01	1.217E+01	1	1.000E-06
1.217E+01	1.218E+01	0	0.000E+00
1.218E+01	1.219E+01	0	0.000E+00
1.219E+01	1.220E+01	0	0.000E+00
1.220E+01	1.221E+01	0	0.000E+00
1.221E+01	1.222E+01	0	0.000E+00
1.222E+01	1.223E+01	0	0.000E+00
1.223E+01	1.224E+01	0	0.000E+00
1.224E+01	1.225E+01	0	0.000E+00
1.225E+01	1.226E+01	0	0.000E+00
1.226E+01	1.227E+01	0	0.000E+00
1.227E+01	1.228E+01	0	0.000E+00
1.228E+01	1.229E+01	0	0.000E+00
1.229E+01	1.230E+01	0	0.000E+00
1.230E+01	1.231E+01	0	0.000E+00
1.231E+01	1.232E+01	0	0.000E+00
1.232E+01	1.233E+01	0	0.000E+00
1.233E+01	1.234E+01	0	0.000E+00
1.234E+01	1.235E+01	0	0.000E+00
1.235E+01	1.236E+01	0	0.000E+00
1.236E+01	1.237E+01	0	0.000E+00
1.237E+01	1.238E+01	0	0.000E+00
1.238E+01	1.239E+01	0	0.000E+00
1.239E+01	1.240E+01	0	0.000E+00
1.240E+01	1.241E+01	0	0.000E+00
1.241E+01	1.242E+01	0	0.000E+00
1.242E+01	1.243E+01	0	0.000E+00
1.243E+01	1.244E+01	0	0.000E+00
1.244E+01	1.245E+01	0	0.000E+00
1.245E+01	1.246E+01	0	0.000E+00
1.246E+01	1.247E+01	0	0.000E+00
1.247E+01	1.248E+01	0	0.000E+00
1.248E+01	1.249E+01	0	0.000E+00
1.249E+01	1.250E+01	0	0.000E+00
1.250E+01	1.251E+01	0	0.000E+00
1.251E+01	1.252E+01	0	0.000E+00
1.252E+01	1.253E+01	0	0.000E+00
1.253E+01	1.254E+01	0	0.000E+00
1.254E+01	1.255E+01	0	0.000E+00
1.255E+01	1.256E+01	0	0.000E+00
1.256E+01	1.257E+01	0	0.000E+00
1.257E+01	1.258E+01	0	0.000E+00
1.258E+01	1.259E+01	0	0.000E+00
1.259E+01	1.260E+01	0	0.000E+00
1.260E+01	1.261E+01	0	0.000E+00
1.261E+01	1.262E+01	0	0.000E+00
1.262E+01	1.263E+01	0	0.000E+00
1.263E+01	1.264E+01	0	0.000E+00
1.264E+01	1.265E+01	0	0.000E+00
1.265E+01	1.266E+01	0	0.000E+00
1.266E+01	1.267E+01	0	0.000E+00
1.267E+01	1.268E+01	0	0.000E+00
1.268E+01	1.269E+01	0	0.000E+00
1.269E+01	1.270E+01	0	0.000E+00
1.270E+01	1.271E+01	0	0.000E+00
1.271E+01	1.272E+01	0	0.000E+00
1.272E+01	1.273E+01	0	0.000E+00
1.273E+01	1.274E+01	0	0.000E+00
1.274E+01	1.275E+01	0	0.000E+00
1.275E+01	1.276E+01	0	0.000E+00
1.276E+01	1.277E+01	0	0.000E+00
1.277E+01	1.278E+01	0	0.000E+00
1.278E+01	1.279E+01	0	0.000E+00
1.279E+01	1.280E+01	0	0.000E+00
1.280E+01	1.281E+01	0	0.000E+00
1.281E+01	1.282E+01	0	0.000E+00
1.282E+01	1.283E+01	0	0.000E+00
1.283E+01	1.284E+01	0	0.000E+00
1.284E+01	1.285E+01	0	0.000E+00
1.285E+01	1.286E+01	0	0.000E+00
1.286E+01	1.287E+01	0	0.000E+00
1.287E+01	1.288E+01	0	0.000E+00
1.288E+01	1.289E+01	0	0.000E+00
1.289E+01	1.290E+01	0	0.000E+00
1.290E+01	1.291E+01	0	0.000E+00
1.291E+01	1.292E+01	0	0.000E+00
1.292E+01	1.293E+01	0	0.000E+00
1.293E+01	1.294E+01	0	0.000E+00
1.294E+01	1.295E+01	0	0.000E+00
1.295E+01	1.296E+01	0	0.000E+00
1.296E+01	1.297E+01	0	0.000E+00
1.297E+01	1.298E+01	0	0.000E+00
1.298E+01	1.299E+01	0	0.000E+00
1.299E+01	1.300E+01	0	0.000E+00
1.300E+01	1.301E+01	0	0.000E+00
1.301E+01	1.302E+01	0	0.000E+00
1.302E+01	1.303E+01	0	0.000E+00
1.303E+01	1.304E+01	0	0.000E+00
1.304E+01	1.305E+01	0	0.000E+00
1.305E+01	1.306E+01	0	0.000E+00
1.306E+01	1.307E+01	0	0.000E+00
1.307E+01	1.308E+01	0	0.000E+00
1.308E+01	1.309E+01	0	0.000E+00
1.309E+01	1.310E+01	0	0.000E+00
1.310E+01	1.311E+01	0	0.000E+00
1.311E+01	1.312E+01	0	0.000E+00
1.312E+01	1.313E+01	0	0.000E+00
1.313E+01	1.314E+01	0	0.000E+00
1.314E+01	1.315E+01	0	0.000E+00
1.315E+01	1.316E+01	0	0.000E+00
1.316E+01	1.317E+01	0	0.000E+00
1.317E+01	1.318E+01	0	0.000E+00
1.318E+01	1.319E+01	0	0.000E+00
1.319E+01	1.320E+01	0	0.000E+00
1.320E+01	1.321E+01	0	0.000E+00
1.321E+01	1.322E+01	0	0.000E+00
1.322E+01	1.323E+01	0	0.000E+00
1.323E+01	1.324E+01	0	0.000E+00
1.324E+01	1.325E+01	0	0.000E+00
1.325E+01	1.326E+01	0	0.000E+00
1.326E+01	1.327E+01	0	0.000E+00
1.327E+01	1.328E+01	0	0.000E+00
1.328E+01	1.329E+01	0	0.000E+00
1.329E+01	1.330E+01	0	0.000E+00
1.330E+01	1.331E+01	0	0.000E+00
1.331E+01	1.332E+01	0	0.000E+00
1.332E+01	1.333E+01	0	0.000E+00
1.333E+01	1.334E+01	0	0.000E+00
1.334E+01	1.335E+01	0	0.000E+00
1.335E+01	1.336E+01	0	0.000E+00
1.336E+01	1.337E+01	0	0.000E+00
1.337E+01	1.338E+01	0	0.000E+00
1.338E+01	1.339E+01	0	0.000E+00
1.339E+01	1.340E+01	0	0.000E+00
1.340E+01	1.341E+01	0	0.000E+00
1.341E+01	1.342E+01	0	0.000E+00
1.342E+01	1.343E+01	0	0.000E+00
1.343E+01	1.344E+01	0	0.000E+00
1.344E+01	1.345E+01	0	0.000E+00
1.345E+01	1.346E+01	0	0.000E+00
1.346E+01	1.347E+01	0	0.000E+00
1.347E+01	1.348E+01	0	0.000E+00
1.348E+01	1.349E+01	0	0.000E+00
1.349E+01	1.350E+01	0	0.000E+00
1.350E+01	1.351E+01	0	0.000E+00
1.351E+01	1.352E+01	0	0.000E+00
1.352E+01	1.353E+01	0	0.000E+00
1.353E+01	1.354E+01	0	0.000E+00
1.354E+01	1.355E+01	0	0.000E+00
1.355E+01	1.356E+01	0	0.000E+00
1.356E+01	1.357E+01	0	0.000E+00
1.357E+01	1.358E+01	0	0.000E+00
1.358E+01	1.359E+01	0	0.000E+00
1.359E+01	1.360E+01	0	0.000E+00
1.360E+01	1.361E+01	0	0.000E+00
1.361E+01	1.362E+01	0	0.000E+00
1.362E+01	1.363E+01	0	0.000E+00
1.363E+01	1.364E+01	0	0.000E+00
1.364E+01	1.365E+01	0	0.000E+00
1.365E+01	1.366E+01	0	0.000E+00
1.366E+01	1.367E+01	0	0.000E+00
1.367E+01	1.368E+01	0	0.000E+00
1.368E+01	1.369E+01	0	0.000E+00
1.369E+01	1.370E+01	0	0.000E+00
1.370E+01	1.371E+01	0	0.000E+00
1.371E+01	1.372E+01	0	0.000E+00
1.372E+01	1.373E+01	0	0.000E+00
1.373E+01	1.374E+01	0	0.000E+00
1.374E+01	1.375E+01	0	0.000E+00
1.375E+01	1.376E+01	0	0.000E+00
1.376E+01	1.377E+01	0	0.000E+00
1.377E+01	1.378E+01	0	0.000E+00
1.378E+01	1.379E+01	0	0.000E+00
1.379E+01	1.380E+01	0	0.000E+00
1.380E+01	1.381E+01	0	0.000E+00
1.381E+01	1.382E+01	0	0.000E+00
1.382E+01	1.383E+01	0	0.000E+00
1.383E+01	1.384E+01	0	0.000E+00
1.384E+01	1.385E+01	0	0.000E+00
1.385E+01	1.386E+01	0	0.000E+00
1.386E+01	1.387E+01	0	0.000E+00
1.387E+01	1.388E+01	0	0.000E+00
1.388E+01	1.389E+01	0	0.000E+00
1.389E+01	1.390E+01	0	0.000E+00
1.390E+01	1.391E+01	0	0.000E+00
1.391E+01	1.392E+01	0	0.000E+00
1.392E+01	1.393E+01	0	0.000E+00
1.393E+01	1.394E+01	0	0.000E+00
1.394E+01	1.395E+01	0	0.000E+00
1.395E+01	1.396E+01	0	0.000E+00
1.396E+01	1.397E+01	0	0.000E+00
1.397E+01	1.398E+01	0	0.000E+00
1.398E+01	1.399E+01	0	0.000E+00
1.399E+01	1.400E+01	0	0.000E+00
1.400E+01	1.401E+01	0	0.000E+00
1.401E+01	1.402E+01	0	0.000E+00
1.402E+01	1.403E+01	0	0.000E+00
1.403E+01	1.404E+01	0	0.000E+00
1.404E+01	1.405E+01	0	0.000E+00
1.405E+01	1.406E+01	0	0.000E+00
1.406E+01	1.407E+01	0	0.000E+00
1.407E+01	1.408E+01	0	0.000E+00
1.408E+01	1.409E+01	0	0.000E+00
1.409E+01	1.410E+01	0	0.000E+00
1.410E+01	1.411E+01	0	0.000E+00
1.411E+01	1.412E+01	0	0.000E+00
1.412E+01	1.413E+01	0	0.000E+00
1.413E+01	1.414E+01	0	0.000E+00
1.414E+01	1.415E+01	0	0.000E+00
1.415E+01	1.416E+01	0	0.000E+00
1.416E+01	1.417E+01	0	0.000E+00
1.417E+01	1.418E+01	0	0.000E+00
1.418E+01	1.419E+01	0	0.000E+00
1.419E+01	1.420E+01	0	0.000E+00
1.420E+01	1.421E+01	0	0.000E+00
1.421E+01	1.422E+01	0	0.000E+00
1.422E+01	1.423E+01	0	0.000E+00
1.423E+01	1.424E+01	0	0.000E+00
1.424E+01	1.425E+01	0	0.000E+00
1.425E+01	1.426E+01	0	0.000E+00
1.426E+01	1.427E+01	0	0.000E+00
1.427E+01	1.428E+01	0	0.000E+00
1.428E+01	1.429E+01	0	0.000E+00
1.429E+01	1.430E+01	0	0.000E+00
1.430E+01	1.431E+01	0	0.000E+00
1.431E+01	1.432E+01	0	0.000E+00
1.432E+01	1.433E+01	0	0.000E+00
1.433E+01	1.434E+01	0	0.000E+00
1.434E+01	1.435E+01	0	0.000E+00
1.435E+01	1.436E+01	1	1.000E-06
1.436E+01	1.437E+01	0	0.000E+00
1.437E+01	1.438E+01	0	0.000E+00
1.438E+01	1.439E+01	0	0.000E+00
1.439E+01	1.440E+01	0	0.000E+00
1.440E+01	1.441E+01	0	0.000E+00
1.441E+01	1.442E+01	0	0.000E+00
1.442E+01	1.443E+01	0	0.000E+00
1.443E+01	1.444E+01	0	0.000E+00
1.444E+01	1.445E+01	0	0.000E+00
1.445E+01	1.446E+01	0	0.000E+00
1.446E+01	1.447E+01	0	0.000E+00
1.447E+01	1.448E+01	0	0.000E+00
1.448E+01	1.449E+01	0	0.000E+00
1.449E+01	1.450E+01	0	0.000E+00
1.450E+01	1.451E+01	0	0.000E+00
1.451E+01	1.452E+01	0	0.000E+00
1.452E+01	1.453E+01	0	0.000E+00
1.453E+01	1.454E+01	0	0.000E+00
1.454E+01	1.455E+01	0	0.000E+00
1.455E+01	1.456E+01	0	0.000E+00
1.456E+01	1.457E+01	0	0.000E+00
1.457E+01	1.458E+01	0	0.000E+00
1.458E+01	1.459E+01	0	0.000E+00
1.459E+01	1.460E+01	0	0.000E+00
1.460E+01	1.461E+01	0	0.000E+00
1.461E+01	1.462E+01	0	0.000E+00
1.462E+01	1.463E+01	0	0.000E+00
1.463E+01	1.464E+01	0	0.000E+00
1.464E+01	1.465E+01	0	0.000E+00
1.465E+01	1.466E+01	0	0.000E+00
1.466E+01	1.467E+01	0	0.000E+00
1.467E+01	1.468E+01	0	0.000E+00
1.468E+01	1.469E+01	0	0.000E+00
1.469E+01	1.470E+01	0	0.000E+00
1.470E+01	1.471E+01	0	0.000E+00
1.471E+01	1.472E+01	0	0.000E+00
1.472E+01	1.473E+01	0	0.000E+00
1.473E+01	1.474E+01	0	0.000E+00
1.474E+01	1.475E+01	0	0.000E+00
1.475E+01	1.476E+01	0	0.000E+00
1.476E+01	1.477E+01	0	0.000E+00
1.477E+01	1.478E+01	0	0.000E+00
1.478E+01	1.479E+01	0	0.000E+00
1.479E+01	1.480E+01	0	0.000E+00
1.480E+01	1.481E+01	0	0.000E+00
1.481E+01	1.482E+01	0	0.000E+00
1.482E+01	1.483E+01	0	0.000E+00
1.483E+01	1.484E+01	0	0.000E+00
1.484E+01	1.485E+01	0	0.000E+00
1.485E+01	1.486E+01	0	0.000E+00
1.486E+01	1.487E+01	0	0.000E+00
1.487E+01	1.488E+01	0	0.000E+00
1.488E+01	1.489E+01	0	0.000E+00
1.489E+01	1.490E+01	0	0.000E+00
1.490E+01	1.491E+01	0	0.000E+00
1.491E+01	1.492E+01	0	0.000E+00
1.492E+01	1.493E+01	0	0.000E+00
1.493E+01	1.494E+01	0	0.000E+00
1.494E+01	1.495E+01	0	0.000E+00
1.495E+01	1.496E+01	0	0.000E+00
1.496E+01	1.497E+01	0	0.000E+00
1.497E+01	1.498E+01	0	0.000E+00
1.498E+01	1.499E+01	0	0.000E+00
1.499E+01	1.500E+01	0	0.000E+00
1.500E+01	1.501E+01	0	0.000E+00
1.501E+01	1.502E+01	0	0.000E+00
1.502E+01	1.503E+01	0	0.000E+00
1.503E+01	1.504E+01	0	0.000E+00
1.504E+01	1.505E+01	0	0.000E+00
1.505E+01	1.506E+01	0	0.000E+00
1.506E+01	1.507E+01	0	0.000E+00
1.507E+01	1.508E+01	0	0.000E+00
1.508E+01	1.509E+01	0	0.000E+00
1.509E+01	1.510E+01	0	0.000E+00
1.510E+01	1.511E+01	0	0.000E+00
1.511E+01	1.512E+01	0	0.000E+00
1.512E+01	1.513E+01	0	0.000E+00
1.513E+01	1.514E+01	0	0.000E+00
1.514E+01	1.515E+01	0	0.000E+00
1.515E+01	1.516E+01	0	0.000E+00
1.516E+01	1.517E+01	0	0.000E+00
1.517E+01	1.518E+01	0	0.000E+00
1.518E+01	1.519E+01	0	0.000E+00
1.519E+01	1.520E+01	0	0.000E+00
1.520E+01	1.521E+01	0	0.000E+00
1.521E+01	1.522E+01	0	0.000E+00
1.522E+01	1.523E+01	0	0.000E+00
1.523E+01	1.524E+01	0	0.000E+00
1.524E+01	1.525E+01	0	0.000E+00
1.525E+01	1.526E+01	0	0.000E+00
1.526E+01	1.527E+01	0	0.000E+00
1.527E+01	1.528E+01	0	0.000E+00
1.528E+01	1.529E+01	0	0.000E+00
1.529E+01	1.530E+01	0	0.000E+00
1.530E+01	1.531E+01	0	0.000E+00
1.531E+01	1.532E+01	0	0.000E+00
1.532E+01	1.533E+01	0	0.000E+00
1.533E+01	1.534E+01	0	0.000E+00
1.534E+01	1.535E+01	0	0.000E+00
1.535E+01	1.536E+01	0	0.000E+00
1.536E+01	1.537E+01	0	0.000E+00
1.537E+01	1.538E+01	0	0.000E+00
1.538E+01	1.539E+01	0	0.000E+00
1.539E+01	1.540E+01	0	0.000E+00
1.540E+01	1.541E+01	0	0.000E+00
1.541E+01	1.542E+01	0	0.000E+00
1.542E+01	1.543E+01	1	1.000E-06
1.543E+01	1.544E+01	0	0.000E+00
1.544E+01	1.545E+01	0	0.000E+00
1.545E+01	1.546E+01	0	0.000E+00
1.546E+01	1.547E+01	0	0.000E+00
1.547E+01	1.548E+01	0	0.000E+00
1.548E+01	1.549E+01	0	0.000E+00
1.549E+01	1.550E+01	0	0.000E+00
1.550E+01	1.551E+01	0	0.000E+00
1.551E+01	1.552E+01	0	0.000E+00
1.552E+01	1.553E+01	0	0.000E+00
1.553E+01	1.554E+01	0	0.000E+00
1.554E+01	1.555E+01	0	0.000E+00
1.555E+01	1.556E+01	0	0.000E+00
1.556E+01	1.557E+01	0	0.000E+00
1.557E+01	1.558E+01	0	0.000E+00
1.558E+01	1.559E+01	0	0.000E+00
1.559E+01	1.560E+01	0	0.000E+00
1.560E+01	1.561E+01	0	0.000E+00
1.561E+01	1.562E+01	0	0.000E+00
1.562E+01	1.563E+01	0	0.000E+00
1.563E+01	1.564E+01	0	0.000E+00
1.564E+01	1.565E+01	0	0.000E+00
1.565E+01	1.566E+01	0	0.000E+00
1.566E+01	1.567E+01	0	0.000E+00
1.567E+01	1.568E+01	0	0.000E+00
1.568E+01	1.569E+01	0	0.000E+00
1.569E+01	1.570E+01	0	0.000E+00
1.570E+01	1.571E+01	0	0.000E+00
1.571E+01	1.572E+01	0	0.000E+00
1.572E+01	1.573E+01	0	0.000E+00
1.573E+01	1.574E+01	0	0.000E+00
1.574E+01	1.575E+01	0	0.000E+00
1.575E+01	1.576E+01	0	0.000E+00
1.576E+01	1.577E+01	0	0.000E+00
1.577E+01	1.578E+01	0	0.000E+00
1.578E+01	1.579E+01	0	0.000E+00
1.579E+01	1.580E+01	0	0.000E+00
1.580E+01	1.581E+01	0	0.000E+00
1.581E+01	1.582E+01	0	0.000E+00
1.582E+01	1.583E+01	0	0.000E+00
1.583E+01	1.584E+01	0	0.000E+00
1.584E+01	1.585E+01	0	0.000E+00
1.585E+01	1.586E+01	0	0.000E+00
1.586E+01	1.587E+01	0	0.000E+00
1.587E+01	1.588E+01	0	0.000E+00
1.588E+01	1.589E+01	0	0.000E+00
1.589E+01	1.590E+01	0	0.000E+00
1.590E+01	1.591E+01	0	0.000E+00
1.591E+01	1.592E+01	0	0.000E+00
1.592E+01	1.593E+01	0	0.000E+00
1.593E+01	1.594E+01	0	0.000E+00
1.594E+01	1.595E+01	0	0.000E+00
1.595E+01	1.596E+01	0	0.000E+00
1.596E+01	1.597E+01	0	0.000E+00
1.597E+01	1.598E+01	0	0.000E+00
1.598E+01	1.599E+01	0	0.000E+00
1.599E+01	1.600E+01	0	0.000E+00
1.600E+01	1.601E+01	0	0.000E+00
1.601E+01	1.602E+01	0	0.000E+00
1.602E+01	1.603E+01	0	0.000E+00
1.603E+01	1.604E+01	0	0.000E+00
1.604E+01	1.605E+01	0	0.000E+00
1.605E+01	1.606E+01	0	0.000E+00
1.606E+01	1.607E+01	0	0.000E+00
1.607E+01	1.608E+01	0	0.000E+00
1.608E+01	1.609E+01	0	0.000E+00
1.609E+01	1.610E+01	0	0.000E+00
1.610E+01	1.611E+01	0	0.000E+00
1.611E+01	1.612E+01	0	0.000E+00
1.612E+01	1.613E+01	0	0.000E+00
1.613E+01	1.614E+01	0	0.000E+00
1.614E+01	1.615E+01	0	0.000E+00
1.615E+01	1.616E+01	0	0.000E+00
1.616E+01	1.617E+01	0	0.000E+00
1.617E+01	1.618E+01	0	0.000E+00
1.618E+01	1.619E+01	0	0.000E+00
1.619E+01	1.620E+01	0	0.000E+00
1.620E+01	1.621E+01	0	0.000E+00
1.621E+01	1.622E+01	0	0.000E+00
1.622E+01	1.623E+01	0	0.000E+00
1.623E+01	1.624E+01	0	0.000E+00
1.624E+01	1.625E+01	0	0.000E+00
1.625E+01	1.626E+01	0	0.000E+00
1.626E+01	1.627E+01	0	0.000E+00
1.627E+01	1.628E+01	0	0.000E+00
1.628E+01	1.629E+01	0	0.000E+00
1.629E+01	1.630E+01	0	0.000E+00
1.630E+01	1.631E+01	0	0.000E+00
1.631E+01	1.632E+01	0	0.000E+00
1.632E+01	1.633E+01	0	0.000E+00
1.633E+01	1.634E+01	0	0.000E+00
1.634E+01	1.635E+01	0	0.000E+00
1.635E+01	1.636E+01	0	0.000E+00
1.636E+01	1.637E+01	0	0.000E+00
1.637E+01	1.638E+01	0	0.000E+00
1.638E+01	1.639E+01	0	0.000E+00
1.639E+01	1.640E+01	0	0.000E+00
1.640E+01	1.641E+01	0	0.000E+00
1.641E+01	1.642E+01	0	0.000E+00
1.642E+01	1.643E+01	0	0.000E+00
1.643E+01	1.644E+01	0	0.000E+00
1.644E+01	1.645E+01	0	0.000E+00
1.645E+01	1.646E+01	0	0.000E+00
1.646E+01	1.647E+01	0	0.000E+00
1.647E+01	1.648E+01	0	0.000E+00
1.648E+01	1.649E+01	0	0.000E+00
1.649E+01	1.650E+01	0	0.000E+00
1.650E+01	1.651E+01	0	0.000E+00
1.651E+01	1.652E+01	1	1.000E-06
1.652E+01	1.652E+01	0	0.000E+00
